0 1254
1 1469
2 1397
3 1176
4 1247
5 1106
6 1105
7 1392
8 1248
9 1392
10 1248
11 1392
12 1392
13 1247
14 1246
15 1247
16 1246
17 1247
18 1247
19 1247
20 1247
21 1247
22 1245
23 1176
24 1176
25 1247
26 1245
27 1175
28 1175
29 1029
30 1029
31 1103
65536 747
65537 1034
65538 1393
65539 1393
65540 1321
65541 1030
65542 239
65543 239
65544 239
65545 239
65546 239
65547 239
65548 239
65549 239
65550 239
65551 239
65552 239
65553 239
65554 239
65555 239
65556 239
65557 239
65558 239
65559 239
65560 239
65561 239
65562 239
65563 239
65564 239
65565 239
65566 239
65567 239
kernel_count 6643
