0 1109
1 1247
2 1247
3 1176
4 1176
5 1247
6 1246
7 1247
8 1246
9 1176
10 1176
11 1247
12 1247
13 1247
14 1247
15 1247
16 1247
17 1247
18 1247
19 1247
20 1247
21 1247
22 1247
23 1105
24 1247
25 1247
26 1175
27 1176
28 1175
29 1105
30 1176
31 1246
65536 966
65537 1106
65538 1106
65539 1106
65540 1106
65541 1106
65542 1177
65543 1177
65544 1177
65545 1248
65546 1106
65547 1248
65548 1177
65549 1248
65550 1177
65551 1176
65552 1247
65553 1247
65554 816
65555 1106
65556 1177
65557 1323
65558 1248
65559 1248
65560 1106
65561 1248
65562 1466
65563 1247
65564 1247
65565 1247
65566 1246
65567 1245
131072 1181
131073 1105
131074 1176
131075 1176
131076 1246
131077 1246
131078 1247
131079 1247
131080 1247
131081 1246
131082 1247
131083 1247
131084 1176
131085 1247
131086 1247
131087 1247
131088 1105
131089 1105
131090 1104
131091 1245
131092 1247
131093 1105
131094 1176
131095 1176
131096 1247
131097 1105
131098 1105
131099 1105
131100 1247
131101 1175
131102 1102
131103 1102
196608 1110
196609 1248
196610 1248
196611 1248
196612 1248
196613 1106
196614 1106
196615 1247
196616 1247
196617 1247
196618 1248
196619 1248
196620 1248
196621 1105
196622 1176
196623 1247
196624 1247
196625 1247
196626 1394
196627 1394
196628 1394
196629 1247
196630 1247
196631 1105
196632 1106
196633 1248
196634 1323
196635 1248
196636 1247
196637 1248
196638 1324
196639 1395
262144 897
262145 1249
262146 1324
262147 1465
262148 1393
262149 1246
262150 1247
262151 1246
262152 1246
262153 1247
262154 1246
262155 1247
262156 1248
262157 1322
262158 1248
262159 1177
262160 1248
262161 1247
262162 1177
262163 1392
262164 1248
262165 1321
262166 1248
262167 1247
262168 1248
262169 1248
262170 1248
262171 1390
262172 1392
262173 1392
262174 1105
262175 1246
327680 1402
327681 1106
327682 1030
327683 1247
327684 1247
327685 1106
327686 1391
327687 1247
327688 1247
327689 1248
327690 1176
327691 1322
327692 1250
327693 1247
327694 1247
327695 1247
327696 1247
327697 1247
327698 1247
327699 1247
327700 1247
327701 1247
327702 1105
327703 1246
327704 1176
327705 1246
327706 1247
327707 1246
327708 1244
327709 1246
327710 1246
327711 1246
393216 1182
393217 1176
393218 1175
393219 1247
393220 1175
393221 1247
393222 1323
393223 1247
393224 1176
393225 1323
393226 1396
393227 1252
393228 1104
393229 1248
393230 1247
393231 1104
393232 1397
393233 1469
393234 1247
393235 1248
393236 1395
393237 1248
393238 1177
393239 1106
393240 1248
393241 1322
393242 1322
393243 1175
393244 1175
393245 1103
393246 1103
393247 1103
458752 1253
458753 1248
458754 1249
458755 1249
458756 1249
458757 1249
458758 1249
458759 1249
458760 1248
458761 1105
458762 1323
458763 1323
458764 1176
458765 1176
458766 239
458767 239
458768 239
458769 239
458770 239
458771 239
458772 239
458773 239
458774 239
458775 239
458776 239
458777 239
458778 239
458779 239
458780 239
458781 239
458782 239
458783 239
kernel_count 38429
