0 1254
1 1176
2 1247
3 1176
4 1176
5 1176
6 1247
7 1247
8 1247
9 1176
10 1176
11 1247
12 1176
13 1247
14 1247
15 1247
16 1176
17 1247
18 1247
19 1247
20 1176
21 1247
22 1247
23 1176
24 1176
25 1247
26 1176
27 1247
28 1247
29 1176
30 1176
31 1247
65536 748
65537 747
65538 746
65539 747
65540 747
65541 747
65542 747
65543 1249
65544 1249
65545 1249
65546 1249
65547 1177
65548 1469
65549 1247
65550 1247
65551 1323
65552 1249
65553 1249
65554 1249
65555 1249
65556 962
65557 1249
65558 1247
65559 1247
65560 1247
65561 1247
65562 1177
65563 1249
65564 1249
65565 1105
65566 1249
65567 1464
131072 1253
131073 1249
131074 1249
131075 1248
131076 1248
131077 1177
131078 1468
131079 1177
131080 1249
131081 1249
131082 1249
131083 1395
131084 1104
131085 958
131086 1249
131087 1249
131088 1469
131089 1249
131090 1177
131091 1395
131092 1247
131093 1247
131094 1247
131095 1252
131096 1176
131097 1247
131098 1248
131099 1176
131100 1177
131101 1175
131102 1392
131103 1247
196608 1254
196609 1248
196610 1248
196611 1175
196612 1032
196613 1247
196614 1248
196615 1176
196616 1176
196617 1248
196618 1248
196619 1106
196620 1247
196621 1394
196622 1248
196623 1248
196624 1248
196625 1248
196626 1248
196627 1177
196628 1106
196629 1177
196630 1247
196631 1247
196632 1248
196633 1247
196634 1247
196635 1247
196636 1321
196637 1033
196638 1176
196639 1247
262144 1254
262145 1250
262146 1250
262147 1250
262148 1249
262149 1177
262150 1178
262151 1248
262152 1250
262153 1250
262154 1326
262155 1396
262156 1611
262157 1250
262158 1326
262159 1396
262160 1610
262161 1248
262162 1248
262163 1248
262164 1177
262165 1248
262166 1177
262167 239
262168 239
262169 239
262170 239
262171 239
262172 239
262173 239
262174 239
262175 239
kernel_count 24264
