0 1110
1 1106
2 1177
3 1321
4 1249
5 1177
6 1464
7 1246
8 1105
9 1246
10 1247
11 1175
12 1030
13 1247
14 1105
15 1030
16 1105
17 1247
18 1175
19 1247
20 1175
21 1030
22 1105
23 1030
24 1247
25 1247
26 1247
27 1176
28 1247
29 1247
30 1247
31 1173
65536 1110
65537 747
65538 1106
65539 1249
65540 1106
65541 1249
65542 1252
65543 1252
65544 1248
65545 1248
65546 1105
65547 1177
65548 1106
65549 1106
65550 1249
65551 1249
65552 1249
65553 1176
65554 1324
65555 1324
65556 1252
65557 1249
65558 1106
65559 1394
65560 1248
65561 1106
65562 1248
65563 1249
65564 1394
65565 1176
65566 1466
65567 1247
131072 1254
131073 747
131074 1106
131075 1246
131076 1246
131077 1538
131078 1177
131079 1248
131080 1247
131081 1248
131082 1248
131083 1248
131084 1248
131085 1248
131086 1248
131087 1247
131088 1030
131089 1030
131090 1177
131091 1248
131092 1248
131093 1177
131094 1248
131095 1177
131096 1322
131097 1247
131098 1103
131099 1103
131100 1102
131101 1175
131102 1175
131103 1102
196608 1254
196609 1248
196610 1176
196611 1176
196612 1247
196613 1248
196614 1177
196615 1176
196616 1248
196617 1392
196618 1177
196619 1177
196620 1392
196621 1177
196622 1392
196623 1246
196624 1247
196625 1247
196626 1247
196627 1246
196628 1173
196629 1176
196630 1105
196631 1105
196632 1105
196633 1176
196634 1247
196635 1176
196636 1247
196637 1176
196638 1247
196639 1175
262144 748
262145 746
262146 746
262147 746
262148 746
262149 746
262150 746
262151 746
262152 746
262153 746
262154 746
262155 746
262156 746
262157 746
262158 746
262159 746
262160 746
262161 746
262162 746
262163 746
262164 746
262165 1246
262166 1247
262167 1246
262168 1176
262169 1247
262170 1247
262171 1176
262172 1175
262173 1103
262174 1175
262175 1102
327680 1182
327681 1248
327682 1177
327683 1249
327684 1323
327685 1106
327686 1248
327687 1177
327688 1249
327689 1249
327690 1176
327691 1177
327692 1106
327693 1105
327694 1178
327695 1178
327696 1178
327697 1178
327698 1178
327699 1106
327700 1248
327701 1249
327702 1249
327703 1176
327704 1249
327705 1177
327706 1176
327707 1323
327708 1177
327709 1249
327710 1249
327711 1393
393216 970
393217 1180
393218 1322
393219 1321
393220 1322
393221 1177
393222 1248
393223 1176
393224 1248
393225 1321
393226 1176
393227 1247
393228 1246
393229 1246
393230 1175
393231 1175
393232 1246
393233 1105
393234 1247
393235 1246
393236 1174
393237 1176
393238 1176
393239 1105
393240 1247
393241 1246
393242 1246
393243 1247
393244 1247
393245 1176
393246 1176
393247 1247
458752 1034
458753 1176
458754 1247
458755 1247
458756 1246
458757 1030
458758 1030
458759 1247
458760 1176
458761 1247
458762 1247
458763 1247
458764 1247
458765 1246
458766 1246
458767 1246
458768 1247
458769 1176
458770 1247
458771 1247
458772 1247
458773 1176
458774 1175
458775 1247
458776 1247
458777 1246
458778 1247
458779 1247
458780 1247
458781 1247
458782 1175
458783 1103
524288 748
524289 1177
524290 1393
524291 747
524292 747
524293 1177
524294 1249
524295 1249
524296 1177
524297 1177
524298 1249
524299 1249
524300 1249
524301 1247
524302 1177
524303 1325
524304 1395
524305 1249
524306 1177
524307 1177
524308 1465
524309 1177
524310 1247
524311 1176
524312 1177
524313 1248
524314 1248
524315 1248
524316 1106
524317 1390
524318 1466
524319 1466
589824 966
589825 1322
589826 1321
589827 1322
589828 1248
589829 1247
589830 1248
589831 1248
589832 746
589833 1106
589834 1248
589835 1321
589836 1105
589837 1248
589838 1245
589839 1248
589840 1248
589841 1106
589842 1180
589843 1247
589844 1248
589845 1248
589846 1248
589847 1247
589848 1247
589849 1247
589850 1247
589851 1248
589852 1176
589853 1179
589854 1175
589855 1175
655360 1110
655361 1033
655362 1106
655363 1248
655364 1248
655365 1248
655366 1248
655367 1248
655368 1032
655369 239
655370 239
655371 239
655372 239
655373 239
655374 239
655375 239
655376 239
655377 239
655378 239
655379 239
655380 239
655381 239
655382 239
655383 239
655384 239
655385 239
655386 239
655387 239
655388 239
655389 239
655390 239
655391 239
kernel_count 50969
