0 1254
1 1175
2 1175
3 1247
4 1176
5 1175
6 1247
7 1247
8 1247
9 1247
10 1247
11 1247
12 1247
13 1247
14 1176
15 1176
16 1246
17 1176
18 1175
19 1176
20 1247
21 1247
22 1247
23 1247
24 1247
25 1247
26 1247
27 1247
28 1175
29 1175
30 1247
31 1175
65536 747
65537 1247
65538 1247
65539 1176
65540 1246
65541 1247
65542 1246
65543 1247
65544 1247
65545 1247
65546 1247
65547 1247
65548 1246
65549 1176
65550 1247
65551 1247
65552 1246
65553 1246
65554 1175
65555 1030
65556 1247
65557 1246
65558 1247
65559 1247
65560 1247
65561 1247
65562 1176
65563 1247
65564 1105
65565 1176
65566 1247
65567 1247
131072 1110
131073 1105
131074 1105
131075 1105
131076 1247
131077 1176
131078 1176
131079 1247
131080 1176
131081 1247
131082 1176
131083 1176
131084 1247
131085 1175
131086 1245
131087 1247
131088 1247
131089 1176
131090 1246
131091 1247
131092 1246
131093 1176
131094 1176
131095 1176
131096 1247
131097 1105
131098 1246
131099 1247
131100 1247
131101 1105
131102 1247
131103 1103
196608 746
196609 747
196610 747
196611 892
196612 747
196613 1177
196614 1249
196615 1249
196616 1249
196617 1249
196618 1249
196619 1249
196620 1324
196621 1395
196622 1177
196623 1249
196624 1393
196625 1177
196626 1249
196627 1324
196628 1249
196629 1177
196630 1465
196631 1248
196632 1177
196633 1177
196634 1177
196635 1248
196636 1322
196637 1322
196638 1247
196639 1175
262144 824
262145 1177
262146 1248
262147 1247
262148 1247
262149 1247
262150 1247
262151 1247
262152 1247
262153 1247
262154 1248
262155 1248
262156 1247
262157 1247
262158 1248
262159 1248
262160 1248
262161 1247
262162 1247
262163 1248
262164 1177
262165 1248
262166 1247
262167 1248
262168 1247
262169 1247
262170 1246
262171 1177
262172 1251
262173 1174
262174 1247
262175 1247
327680 748
327681 1248
327682 1177
327683 1105
327684 1035
327685 1177
327686 1248
327687 1177
327688 1394
327689 1177
327690 1248
327691 1177
327692 1176
327693 1175
327694 1248
327695 1322
327696 1177
327697 1106
327698 1248
327699 1106
327700 1177
327701 1106
327702 1248
327703 1105
327704 1105
327705 1176
327706 1105
327707 1176
327708 1029
327709 1176
327710 1175
327711 1395
393216 1254
393217 1105
393218 1175
393219 1177
393220 1249
393221 1177
393222 1248
393223 1106
393224 1248
393225 1248
393226 1247
393227 1392
393228 1247
393229 1247
393230 1176
393231 1247
393232 1176
393233 1246
393234 1246
393235 1030
393236 1105
393237 1247
393238 1176
393239 1105
393240 1175
393241 1246
393242 1105
393243 1105
393244 958
393245 961
393246 1176
393247 1247
458752 1254
458753 1105
458754 1177
458755 1249
458756 1324
458757 1177
458758 1324
458759 1249
458760 1249
458761 1177
458762 1465
458763 1322
458764 1247
458765 1177
458766 1248
458767 1177
458768 1248
458769 1248
458770 1248
458771 1248
458772 1322
458773 1247
458774 1247
458775 1247
458776 1247
458777 1247
458778 1176
458779 1247
458780 1176
458781 1247
458782 1247
458783 1247
524288 748
524289 1106
524290 1249
524291 1249
524292 1106
524293 1106
524294 1249
524295 1248
524296 1248
524297 1249
524298 1248
524299 1176
524300 1177
524301 1249
524302 1471
524303 1176
524304 1249
524305 1249
524306 1248
524307 1249
524308 1105
524309 1106
524310 1249
524311 1177
524312 1249
524313 1249
524314 1249
524315 1249
524316 1249
524317 1253
524318 1822
524319 1247
589824 1254
589825 1249
589826 1248
589827 1249
589828 1249
589829 1175
589830 1249
589831 1249
589832 1177
589833 1106
589834 1175
589835 1103
589836 1394
589837 1394
589838 1249
589839 1249
589840 1249
589841 1249
589842 1249
589843 1249
589844 1249
589845 1249
589846 1249
589847 1249
589848 1177
589849 1176
589850 1248
589851 1249
589852 1465
589853 1246
589854 1103
589855 955
655360 1400
655361 1319
655362 1392
655363 1247
655364 1392
655365 1175
655366 1175
655367 1176
655368 1175
655369 1175
655370 1104
655371 1247
655372 1247
655373 1105
655374 1247
655375 1246
655376 1030
655377 1175
655378 1175
655379 1246
655380 1247
655381 1247
655382 1176
655383 1176
655384 1175
655385 1246
655386 1247
655387 1176
655388 1247
655389 1247
655390 1247
655391 1247
720896 1253
720897 1249
720898 1107
720899 1610
720900 1178
720901 1177
720902 1248
720903 1325
720904 1249
720905 1249
720906 1177
720907 1249
720908 1395
720909 1249
720910 1107
720911 1248
720912 1613
720913 1322
720914 1613
720915 1248
720916 1105
720917 1176
720918 813
720919 239
720920 239
720921 239
720922 239
720923 239
720924 239
720925 239
720926 239
720927 239
kernel_count 59575
