0 1254
1 1249
2 1106
3 1248
4 1249
5 1249
6 1249
7 1248
8 1249
9 1177
10 1248
11 1249
12 1248
13 1249
14 1177
15 1249
16 1248
17 1249
18 1538
19 1248
20 1248
21 1248
22 1322
23 1322
24 1176
25 1247
26 1246
27 1247
28 1247
29 1246
30 1247
31 1246
65536 748
65537 745
65538 746
65539 1247
65540 1176
65541 1247
65542 1176
65543 1247
65544 1247
65545 1176
65546 1175
65547 1176
65548 1176
65549 1176
65550 1247
65551 1246
65552 1247
65553 1176
65554 1247
65555 1247
65556 1247
65557 1105
65558 1029
65559 1247
65560 1247
65561 1176
65562 1247
65563 1247
65564 1176
65565 1246
65566 1175
65567 1103
131072 671
131073 1177
131074 1249
131075 1249
131076 1182
131077 1249
131078 1177
131079 1177
131080 1177
131081 1177
131082 1177
131083 1177
131084 1177
131085 1249
131086 1249
131087 1249
131088 1249
131089 1247
131090 1249
131091 1177
131092 1249
131093 1466
131094 1752
131095 1681
131096 1176
131097 1247
131098 1105
131099 1176
131100 1175
131101 1247
131102 1247
131103 1247
196608 748
196609 747
196610 1106
196611 1106
196612 1106
196613 1248
196614 1247
196615 962
196616 1106
196617 1248
196618 1248
196619 1322
196620 1106
196621 1322
196622 1105
196623 1105
196624 1247
196625 1105
196626 1247
196627 1176
196628 1105
196629 1246
196630 1247
196631 1247
196632 1247
196633 1176
196634 1176
196635 1029
196636 1247
196637 1247
196638 1247
196639 1175
262144 1182
262145 1176
262146 1030
262147 1247
262148 1247
262149 1247
262150 1175
262151 1247
262152 1247
262153 1175
262154 1247
262155 958
262156 958
262157 1246
262158 1247
262159 1247
262160 1247
262161 1246
262162 1029
262163 1247
262164 1247
262165 1247
262166 1176
262167 1247
262168 1247
262169 1246
262170 1176
262171 1247
262172 1176
262173 1247
262174 1176
262175 1247
327680 966
327681 1249
327682 1249
327683 1174
327684 1176
327685 1249
327686 1249
327687 1177
327688 1249
327689 1177
327690 1178
327691 1249
327692 1177
327693 1464
327694 1247
327695 1247
327696 1247
327697 1247
327698 1248
327699 1248
327700 1177
327701 1105
327702 1391
327703 1390
327704 1246
327705 1246
327706 1246
327707 1246
327708 1247
327709 1246
327710 1247
327711 1175
393216 1253
393217 1248
393218 1248
393219 1253
393220 1324
393221 1248
393222 1324
393223 1176
393224 1248
393225 1247
393226 1397
393227 1397
393228 1397
393229 1248
393230 1248
393231 1396
393232 1397
393233 1397
393234 1248
393235 1248
393236 1248
393237 1393
393238 1394
393239 1247
393240 1247
393241 1247
393242 1247
393243 1246
393244 1246
393245 1247
393246 1247
393247 1247
458752 1254
458753 1392
458754 1246
458755 1104
458756 1176
458757 1104
458758 1105
458759 1030
458760 1030
458761 1105
458762 1104
458763 1104
458764 1104
458765 1104
458766 1105
458767 1247
458768 1247
458769 1247
458770 1247
458771 1247
458772 1175
458773 1247
458774 1176
458775 1247
458776 1175
458777 1105
458778 1176
458779 1175
458780 1174
458781 1175
458782 957
458783 1247
524288 1402
524289 1250
524290 1107
524291 1107
524292 1250
524293 1250
524294 1250
524295 1250
524296 1178
524297 1250
524298 1250
524299 1250
524300 1325
524301 1325
524302 1249
524303 1464
524304 1464
524305 1250
524306 1178
524307 1249
524308 1177
524309 1465
524310 1249
524311 1177
524312 1249
524313 1178
524314 1106
524315 1106
524316 1249
524317 1393
524318 1248
524319 1247
kernel_count 45713
