0 1253
1 1248
2 1248
3 1248
4 1248
5 1248
6 1248
7 1248
8 1466
9 1248
10 1248
11 1248
12 1248
13 1248
14 1248
15 1248
16 1248
17 1248
18 1106
19 1177
20 1248
21 1177
22 1248
23 1467
24 1392
25 1105
26 1176
27 1247
28 1246
29 1246
30 1175
31 1103
65536 1110
65537 1247
65538 1247
65539 1029
65540 1177
65541 1248
65542 1177
65543 1177
65544 1177
65545 1177
65546 1106
65547 1106
65548 1176
65549 1325
65550 1177
65551 1177
65552 1248
65553 1248
65554 1177
65555 1177
65556 1248
65557 1248
65558 1177
65559 1248
65560 1177
65561 1177
65562 1177
65563 1176
65564 1247
65565 1248
65566 1322
65567 1175
131072 1110
131073 1248
131074 1177
131075 1252
131076 1252
131077 1248
131078 1106
131079 1248
131080 1177
131081 1106
131082 963
131083 1176
131084 1248
131085 1248
131086 1248
131087 1248
131088 1248
131089 1248
131090 1248
131091 1248
131092 1177
131093 1033
131094 1177
131095 1176
131096 1391
131097 1248
131098 1105
131099 1105
131100 1177
131101 1392
131102 1176
131103 1247
196608 1254
196609 1324
196610 1253
196611 1248
196612 1176
196613 1248
196614 1105
196615 1247
196616 1247
196617 1177
196618 1253
196619 1324
196620 1247
196621 1177
196622 1253
196623 1253
196624 1253
196625 1248
196626 1248
196627 1247
196628 1175
196629 1247
196630 1247
196631 1175
196632 1106
196633 1248
196634 1248
196635 1252
196636 1535
196637 1535
196638 1175
196639 1247
262144 894
262145 747
262146 1177
262147 1106
262148 1177
262149 1177
262150 1248
262151 1177
262152 1177
262153 1248
262154 1249
262155 1248
262156 1248
262157 1249
262158 1249
262159 1249
262160 1249
262161 1249
262162 1464
262163 1392
262164 1249
262165 1464
262166 1177
262167 1106
262168 1249
262169 1249
262170 1249
262171 1249
262172 1249
262173 1392
262174 1248
262175 1464
327680 1110
327681 1248
327682 1248
327683 1176
327684 1177
327685 1248
327686 1392
327687 1321
327688 1106
327689 1177
327690 1177
327691 1177
327692 1248
327693 1248
327694 1248
327695 1106
327696 1177
327697 1176
327698 1106
327699 1177
327700 1106
327701 1177
327702 1177
327703 1177
327704 1177
327705 1248
327706 1321
327707 1246
327708 1246
327709 1105
327710 1247
327711 1103
393216 1254
393217 1177
393218 1177
393219 1177
393220 1030
393221 1247
393222 1030
393223 1247
393224 1247
393225 1248
393226 1248
393227 1177
393228 1322
393229 1106
393230 1106
393231 1177
393232 1177
393233 1105
393234 1177
393235 1177
393236 1106
393237 1177
393238 1106
393239 1030
393240 1106
393241 1177
393242 1248
393243 1247
393244 1104
393245 1104
393246 1179
393247 1175
458752 893
458753 1470
458754 1249
458755 1325
458756 1395
458757 1106
458758 1395
458759 1106
458760 1253
458761 1106
458762 1249
458763 1395
458764 1178
458765 1249
458766 1395
458767 1247
458768 1247
458769 1606
458770 1609
458771 1249
458772 1395
458773 1247
458774 1247
458775 1606
458776 1248
458777 1248
458778 1392
458779 1246
458780 1176
458781 1246
458782 1033
458783 1177
524288 1109
524289 1105
524290 1104
524291 1540
524292 1541
524293 1182
524294 1035
524295 1034
524296 1682
524297 1038
524298 1252
524299 1682
524300 1038
524301 1252
524302 1682
524303 1181
524304 1252
524305 1324
524306 1394
524307 1468
524308 1249
524309 1322
524310 1248
524311 1247
524312 1106
524313 1321
524314 1246
524315 1175
524316 1105
524317 1247
524318 1175
524319 1102
589824 1109
589825 1393
589826 1248
589827 1248
589828 1177
589829 1248
589830 1247
589831 1248
589832 1176
589833 1177
589834 1248
589835 1247
589836 1248
589837 1248
589838 1247
589839 1247
589840 1106
589841 1106
589842 1176
589843 1105
589844 1176
589845 1248
589846 1177
589847 1248
589848 1247
589849 1248
589850 1247
589851 1248
589852 1248
589853 1248
589854 1248
589855 1249
655360 1330
655361 1248
655362 1248
655363 1322
655364 1033
655365 1105
655366 1180
655367 1032
655368 1105
655369 1247
655370 1323
655371 1393
655372 1248
655373 1177
655374 1323
655375 1394
655376 1247
655377 1247
655378 1247
655379 1247
655380 1247
655381 1246
655382 1176
655383 1247
655384 1247
655385 1247
655386 1247
655387 1247
655388 1246
655389 1246
655390 1247
655391 1247
720896 748
720897 748
720898 748
720899 748
720900 748
720901 1178
720902 1248
720903 1250
720904 1250
720905 1249
720906 1177
720907 1250
720908 1250
720909 1178
720910 1250
720911 1250
720912 1249
720913 1609
720914 1397
720915 1326
720916 1178
720917 1248
720918 1609
720919 1612
720920 1394
720921 1248
720922 1105
720923 1175
720924 1176
720925 1026
720926 239
720927 239
kernel_count 61299
