0 1254
1 1247
2 1249
3 1249
4 1247
5 1249
6 1249
7 1247
8 1249
9 1249
10 1247
11 1249
12 1249
13 1248
14 1248
15 1249
16 1248
17 1247
18 1249
19 1249
20 1247
21 1249
22 1249
23 1248
24 1679
25 1677
26 1677
27 1677
28 1246
29 1245
30 1247
31 1174
65536 748
65537 747
65538 1248
65539 1248
65540 1105
65541 1177
65542 1177
65543 1248
65544 1248
65545 1325
65546 1248
65547 1324
65548 1176
65549 1321
65550 1251
65551 1175
65552 1247
65553 1321
65554 1250
65555 1246
65556 1175
65557 1247
65558 1247
65559 1176
65560 1247
65561 1105
65562 1247
65563 1246
65564 1247
65565 1247
65566 1105
65567 1247
131072 1182
131073 1249
131074 1395
131075 1176
131076 1249
131077 1177
131078 1177
131079 1177
131080 1249
131081 1177
131082 1249
131083 1248
131084 1247
131085 1247
131086 1249
131087 1248
131088 1754
131089 1392
131090 1174
131091 1248
131092 1106
131093 1321
131094 1392
131095 1248
131096 1247
131097 1248
131098 1247
131099 1392
131100 1176
131101 1246
131102 1175
131103 1175
196608 1253
196609 1249
196610 1178
196611 1324
196612 1176
196613 1106
196614 1249
196615 1249
196616 1249
196617 1030
196618 1177
196619 1177
196620 1248
196621 1249
196622 1249
196623 1177
196624 1177
196625 1249
196626 1177
196627 1177
196628 1177
196629 1543
196630 1176
196631 1177
196632 1106
196633 1106
196634 1035
196635 1038
196636 1038
196637 1181
196638 1463
196639 1464
262144 1253
262145 1249
262146 1177
262147 1178
262148 1178
262149 1248
262150 1392
262151 1175
262152 1104
262153 239
262154 239
262155 239
262156 239
262157 239
262158 239
262159 239
262160 239
262161 239
262162 239
262163 239
262164 239
262165 239
262166 239
262167 239
262168 239
262169 239
262170 239
262171 239
262172 239
262173 239
262174 239
262175 239
kernel_count 22745
