0 1182
1 1248
2 1248
3 1177
4 1248
5 1249
6 1177
7 1249
8 1249
9 1177
10 1249
11 1249
12 1468
13 1249
14 1249
15 1397
16 1397
17 1249
18 1248
19 1106
20 1397
21 1468
22 1249
23 1249
24 1399
25 1463
26 1246
27 1391
28 1318
29 1320
30 1176
31 1246
65536 1180
65537 1106
65538 1247
65539 1248
65540 1248
65541 1392
65542 1247
65543 1247
65544 1246
65545 1246
65546 1030
65547 1176
65548 1176
65549 1176
65550 1247
65551 1247
65552 1247
65553 1030
65554 1176
65555 1176
65556 1176
65557 1176
65558 1247
65559 1247
65560 1246
65561 1245
65562 1247
65563 1246
65564 1247
65565 1176
65566 1175
65567 1247
131072 1254
131073 1175
131074 1248
131075 1177
131076 1177
131077 1248
131078 1035
131079 1176
131080 1248
131081 1248
131082 1248
131083 1106
131084 1176
131085 1176
131086 1251
131087 1251
131088 1246
131089 1175
131090 1175
131091 1175
131092 1175
131093 1175
131094 1175
131095 1175
131096 1175
131097 1247
131098 1104
131099 1247
131100 1175
131101 1176
131102 1246
131103 1175
196608 1401
196609 1177
196610 1177
196611 1248
196612 1248
196613 1248
196614 1248
196615 1248
196616 1248
196617 1176
196618 1177
196619 1248
196620 1177
196621 1248
196622 1248
196623 1248
196624 1248
196625 1247
196626 1248
196627 1176
196628 1246
196629 1176
196630 1248
196631 1177
196632 1176
196633 1176
196634 1252
196635 1393
196636 1322
196637 1247
196638 1322
196639 1247
262144 1254
262145 1177
262146 1248
262147 1177
262148 1176
262149 1248
262150 1177
262151 1106
262152 1177
262153 1248
262154 1177
262155 1248
262156 1250
262157 1175
262158 1105
262159 1247
262160 1247
262161 1247
262162 1247
262163 1176
262164 1105
262165 1247
262166 1246
262167 1247
262168 1246
262169 1247
262170 1246
262171 1246
262172 1175
262173 1175
262174 1174
262175 1102
327680 1253
327681 1105
327682 1031
327683 1104
327684 1175
327685 1106
327686 1175
327687 1177
327688 1104
327689 1175
327690 1391
327691 1321
327692 1104
327693 1175
327694 1393
327695 1175
327696 1247
327697 1177
327698 1391
327699 1103
327700 1103
327701 1103
327702 1103
327703 1174
327704 1246
327705 1103
327706 1175
327707 1176
327708 1175
327709 1105
327710 1247
327711 1247
393216 1254
393217 1105
393218 1247
393219 1247
393220 1105
393221 1105
393222 1246
393223 1247
393224 1247
393225 1247
393226 1176
393227 1176
393228 1176
393229 1176
393230 1176
393231 1247
393232 1247
393233 1246
393234 1246
393235 1105
393236 1246
393237 1246
393238 1246
393239 1246
393240 959
393241 959
393242 1102
393243 1173
393244 1174
393245 1175
393246 1103
393247 1103
458752 1253
458753 1250
458754 1106
458755 1248
458756 1247
458757 1247
458758 1322
458759 1323
458760 1106
458761 1106
458762 1392
458763 1175
458764 1175
458765 1247
458766 1247
458767 1247
458768 1175
458769 1175
458770 1246
458771 1246
458772 1246
458773 1246
458774 1246
458775 1246
458776 1246
458777 1246
458778 1246
458779 1245
458780 1173
458781 1173
458782 1246
458783 1175
524288 1186
524289 1106
524290 1110
524291 1325
524292 1325
524293 1177
524294 1176
524295 1177
524296 1106
524297 1106
524298 1176
524299 1030
524300 1177
524301 1249
524302 1176
524303 1248
524304 1248
524305 1249
524306 1248
524307 1249
524308 1899
524309 1246
524310 1246
524311 1030
524312 1247
524313 1105
524314 1246
524315 1246
524316 1246
524317 1176
524318 1246
524319 1247
589824 1110
589825 1030
589826 1395
589827 1251
589828 1106
589829 1249
589830 1249
589831 1249
589832 1395
589833 1248
589834 1248
589835 1248
589836 1248
589837 1248
589838 1248
589839 1248
589840 1176
589841 1176
589842 1248
589843 1106
589844 1248
589845 1248
589846 1248
589847 1247
589848 1392
589849 1247
589850 1247
589851 1246
589852 1176
589853 1104
589854 1247
589855 1245
655360 894
655361 747
655362 1176
655363 1177
655364 1106
655365 1249
655366 1249
655367 1680
655368 1681
655369 1681
655370 1679
655371 1681
655372 1681
655373 1249
655374 1249
655375 1248
655376 1177
655377 1325
655378 1176
655379 1247
655380 1249
655381 1249
655382 1464
655383 1246
655384 1321
655385 1106
655386 1248
655387 1247
655388 1248
655389 1392
655390 1247
655391 1246
720896 1181
720897 1250
720898 1326
720899 1325
720900 1249
720901 1250
720902 1107
720903 1250
720904 1250
720905 1251
720906 1467
720907 1466
720908 1176
720909 239
720910 239
720911 239
720912 239
720913 239
720914 239
720915 239
720916 239
720917 239
720918 239
720919 239
720920 239
720921 239
720922 239
720923 239
720924 239
720925 239
720926 239
720927 239
kernel_count 58881
