0 1254
1 1248
2 1394
3 1394
4 1394
5 1394
6 1248
7 1248
8 1394
9 1394
10 1394
11 1394
12 1248
13 1247
14 1248
15 1248
16 1248
17 1176
18 1248
19 1248
20 1248
21 1176
22 1248
23 1248
24 1248
25 1177
26 1248
27 1248
28 1248
29 1395
30 1395
31 1247
65536 1253
65537 1247
65538 1247
65539 1322
65540 1250
65541 1246
65542 1247
65543 1245
65544 1247
65545 1176
65546 1247
65547 1175
65548 1246
65549 1245
65550 1247
65551 1247
65552 1247
65553 1176
65554 1175
65555 1246
65556 1104
65557 1105
65558 1247
65559 1247
65560 1246
65561 1247
65562 1246
65563 1247
65564 1175
65565 1174
65566 1174
65567 1174
131072 1253
131073 1248
131074 1106
131075 1177
131076 1248
131077 1247
131078 1247
131079 1248
131080 1177
131081 1248
131082 1248
131083 1247
131084 1248
131085 1248
131086 1246
131087 1175
131088 1106
131089 1247
131090 1248
131091 1248
131092 1324
131093 1323
131094 1248
131095 1176
131096 1397
131097 1397
131098 1177
131099 1177
131100 1465
131101 1466
131102 1175
131103 1175
196608 1037
196609 1104
196610 1246
196611 1247
196612 1246
196613 1246
196614 1247
196615 1247
196616 1247
196617 1245
196618 1176
196619 1105
196620 1105
196621 1247
196622 1176
196623 1246
196624 1247
196625 1176
196626 1247
196627 1176
196628 1175
196629 1176
196630 1176
196631 1176
196632 1247
196633 1247
196634 1247
196635 1246
196636 1247
196637 1247
196638 1247
196639 1247
262144 1037
262145 1465
262146 1464
262147 812
262148 239
262149 239
262150 239
262151 239
262152 239
262153 239
262154 239
262155 239
262156 239
262157 239
262158 239
262159 239
262160 239
262161 239
262162 239
262163 239
262164 239
262165 239
262166 239
262167 239
262168 239
262169 239
262170 239
262171 239
262172 239
262173 239
262174 239
262175 239
kernel_count 21997
