0 1110
1 1177
2 1030
3 1248
4 1321
5 1391
6 1247
7 1247
8 1105
9 1176
10 1105
11 1176
12 1105
13 1175
14 1247
15 1247
16 1105
17 1176
18 1247
19 1029
20 1247
21 1247
22 1105
23 1247
24 1105
25 1029
26 1247
27 1247
28 1105
29 1247
30 1103
31 1103
65536 1110
65537 1105
65538 1247
65539 1247
65540 1247
65541 1247
65542 1247
65543 1246
65544 1247
65545 1175
65546 1246
65547 1247
65548 1247
65549 1247
65550 1246
65551 1246
65552 1247
65553 1247
65554 1247
65555 1247
65556 1247
65557 1247
65558 1247
65559 1247
65560 1246
65561 1247
65562 1247
65563 1247
65564 1247
65565 1247
65566 1247
65567 1247
131072 748
131073 747
131074 1106
131075 1177
131076 1323
131077 1323
131078 1252
131079 1248
131080 1177
131081 1247
131082 1248
131083 1247
131084 1030
131085 1248
131086 1248
131087 1248
131088 1106
131089 1177
131090 1176
131091 1248
131092 1176
131093 1248
131094 1248
131095 1177
131096 1247
131097 1248
131098 1465
131099 1394
131100 1394
131101 1394
131102 1394
131103 1246
196608 748
196609 1248
196610 1248
196611 1247
196612 1323
196613 1323
196614 1248
196615 1248
196616 1176
196617 1324
196618 1324
196619 1176
196620 1105
196621 1176
196622 1467
196623 1466
196624 1248
196625 1248
196626 1248
196627 1247
196628 1177
196629 1248
196630 1248
196631 1248
196632 1106
196633 1105
196634 1247
196635 1393
196636 1247
196637 1321
196638 1393
196639 1250
262144 1254
262145 1394
262146 1326
262147 1177
262148 1177
262149 1248
262150 1175
262151 1321
262152 1248
262153 1177
262154 1176
262155 1176
262156 1248
262157 1177
262158 1106
262159 1247
262160 1247
262161 1321
262162 1105
262163 1247
262164 1246
262165 1176
262166 1104
262167 1104
262168 1104
262169 1104
262170 1104
262171 1104
262172 1104
262173 1175
262174 1175
262175 1247
327680 1110
327681 1247
327682 1247
327683 1247
327684 1247
327685 1247
327686 1247
327687 1247
327688 1176
327689 1175
327690 1176
327691 1247
327692 1247
327693 1246
327694 1247
327695 1247
327696 1246
327697 1247
327698 1176
327699 1176
327700 1245
327701 1247
327702 1176
327703 1247
327704 1247
327705 1176
327706 1247
327707 1247
327708 1246
327709 1247
327710 1247
327711 1175
393216 1110
393217 1177
393218 1395
393219 1177
393220 1325
393221 1249
393222 1177
393223 1249
393224 1248
393225 1249
393226 1252
393227 1325
393228 1253
393229 1249
393230 1249
393231 1106
393232 1106
393233 1106
393234 1177
393235 1249
393236 1249
393237 1248
393238 1249
393239 1325
393240 1325
393241 1249
393242 1680
393243 1249
393244 1465
393245 1322
393246 1175
393247 1102
458752 1181
458753 1249
458754 1249
458755 1253
458756 1249
458757 1177
458758 1177
458759 1249
458760 1249
458761 1248
458762 1466
458763 1248
458764 1394
458765 1248
458766 1248
458767 1246
458768 1248
458769 1248
458770 1248
458771 1324
458772 1247
458773 1247
458774 1248
458775 1248
458776 1177
458777 1177
458778 1248
458779 1253
458780 1248
458781 1177
458782 1248
458783 1466
524288 1254
524289 1107
524290 1249
524291 1249
524292 1107
524293 1393
524294 1177
524295 1177
524296 1176
524297 1106
524298 1248
524299 1248
524300 1177
524301 1177
524302 1177
524303 1247
524304 1248
524305 1176
524306 1248
524307 1248
524308 1248
524309 1248
524310 1176
524311 239
524312 239
524313 239
524314 239
524315 239
524316 239
524317 239
524318 239
524319 239
kernel_count 44865
