0 1253
1 1249
2 1177
3 1249
4 1249
5 1248
6 1249
7 1177
8 1177
9 1248
10 1249
11 1249
12 1395
13 1249
14 1248
15 1249
16 1249
17 1249
18 1177
19 1248
20 1249
21 1105
22 1249
23 1249
24 1249
25 1177
26 1177
27 1464
28 1464
29 1464
30 1247
31 1247
65536 1182
65537 1248
65538 1177
65539 1323
65540 1248
65541 1177
65542 1177
65543 1248
65544 1324
65545 1324
65546 1106
65547 1253
65548 1248
65549 1248
65550 1247
65551 1106
65552 1106
65553 1324
65554 1248
65555 1248
65556 1248
65557 1394
65558 1394
65559 1247
65560 1177
65561 1248
65562 1248
65563 1248
65564 1396
65565 1247
65566 1247
65567 1247
131072 1182
131073 1247
131074 1176
131075 1104
131076 1176
131077 1105
131078 1105
131079 1105
131080 1105
131081 1105
131082 1105
131083 1105
131084 1247
131085 1247
131086 1176
131087 1247
131088 1176
131089 1247
131090 1247
131091 1246
131092 1246
131093 1175
131094 1246
131095 1246
131096 1247
131097 1247
131098 1247
131099 1247
131100 1246
131101 1174
131102 1175
131103 1174
196608 1038
196609 1177
196610 1177
196611 1176
196612 1175
196613 1248
196614 1247
196615 1248
196616 1321
196617 1321
196618 1248
196619 1247
196620 1247
196621 1247
196622 1247
196623 1105
196624 1321
196625 1322
196626 1179
196627 1320
196628 1248
196629 1247
196630 1177
196631 1246
196632 1248
196633 1176
196634 1177
196635 1176
196636 1247
196637 1035
196638 1180
196639 1322
262144 1181
262145 1176
262146 1177
262147 1247
262148 1248
262149 1177
262150 1248
262151 1247
262152 1177
262153 1248
262154 1177
262155 1248
262156 1248
262157 1177
262158 1248
262159 1248
262160 1248
262161 1177
262162 1248
262163 1247
262164 1177
262165 1248
262166 1248
262167 1248
262168 1248
262169 1248
262170 1247
262171 1248
262172 1247
262173 1177
262174 1322
262175 1247
327680 1254
327681 1249
327682 1249
327683 1177
327684 1105
327685 1325
327686 1325
327687 1249
327688 1249
327689 1248
327690 1106
327691 1249
327692 1106
327693 1035
327694 1249
327695 1176
327696 1249
327697 1325
327698 1249
327699 1177
327700 1177
327701 1177
327702 1177
327703 1177
327704 1607
327705 1247
327706 1033
327707 1247
327708 1247
327709 1176
327710 1247
327711 1247
393216 748
393217 747
393218 747
393219 747
393220 747
393221 747
393222 1106
393223 1177
393224 1177
393225 1249
393226 1177
393227 1249
393228 1177
393229 1249
393230 1177
393231 1325
393232 1396
393233 1249
393234 1249
393235 1249
393236 1249
393237 1249
393238 1249
393239 1325
393240 1325
393241 1468
393242 1468
393243 1106
393244 1176
393245 1106
393246 1462
393247 1247
458752 823
458753 747
458754 1178
458755 1177
458756 1464
458757 1248
458758 1248
458759 1106
458760 1321
458761 1177
458762 1106
458763 1177
458764 1248
458765 1177
458766 1177
458767 1246
458768 1174
458769 1247
458770 1322
458771 1105
458772 1246
458773 1175
458774 1321
458775 1105
458776 1104
458777 1245
458778 1030
458779 1245
458780 1175
458781 1246
458782 1103
458783 1243
524288 1180
524289 745
524290 745
524291 745
524292 1033
524293 1033
524294 1106
524295 1323
524296 1176
524297 1323
524298 1248
524299 1177
524300 1248
524301 1248
524302 1248
524303 1247
524304 1396
524305 1246
524306 1246
524307 1245
524308 1246
524309 1247
524310 1103
524311 1175
524312 1247
524313 1105
524314 1247
524315 1247
524316 1245
524317 1247
524318 1247
524319 1247
589824 1253
589825 1251
589826 1249
589827 1249
589828 1324
589829 1324
589830 1105
589831 1105
589832 1105
589833 1105
589834 1105
589835 1105
589836 1249
589837 1177
589838 1029
589839 1253
589840 1106
589841 1249
589842 1177
589843 1249
589844 1252
589845 1394
589846 1249
589847 1249
589848 1248
589849 1177
589850 1177
589851 1541
589852 1393
589853 1176
589854 1177
589855 1394
655360 1110
655361 1106
655362 747
655363 1252
655364 1252
655365 747
655366 1106
655367 1249
655368 1249
655369 1248
655370 1105
655371 1176
655372 1177
655373 1249
655374 1249
655375 1249
655376 1249
655377 1249
655378 1106
655379 1249
655380 1106
655381 1396
655382 1394
655383 1175
655384 1106
655385 1105
655386 1029
655387 1177
655388 1248
655389 1394
655390 1247
655391 1469
720896 1254
720897 1248
720898 1177
720899 1249
720900 1178
720901 1178
720902 1394
720903 1394
720904 1177
720905 1249
720906 1248
720907 1178
720908 1324
720909 1323
720910 1394
720911 1250
720912 1248
720913 1248
720914 1248
720915 1176
720916 1176
720917 1176
720918 239
720919 239
720920 239
720921 239
720922 239
720923 239
720924 239
720925 239
720926 239
720927 239
kernel_count 59509
