0 1182
1 1176
2 1176
3 1247
4 1247
5 1247
6 1247
7 1176
8 1176
9 1246
10 1246
11 1247
12 1247
13 1247
14 1247
15 1247
16 1247
17 1246
18 1246
19 1247
20 1247
21 1247
22 1247
23 1247
24 1247
25 1247
26 1247
27 1247
28 1247
29 1247
30 1247
31 1247
65536 1402
65537 1248
65538 1249
65539 1106
65540 1105
65541 1177
65542 1249
65543 1249
65544 1249
65545 1247
65546 1248
65547 1249
65548 957
65549 1177
65550 1177
65551 1249
65552 1249
65553 1324
65554 1249
65555 1249
65556 1249
65557 1248
65558 1249
65559 1248
65560 1249
65561 1249
65562 1249
65563 1464
65564 1247
65565 1103
65566 1103
65567 1030
131072 1109
131073 1178
131074 1107
131075 1178
131076 1393
131077 1105
131078 239
131079 239
131080 239
131081 239
131082 239
131083 239
131084 239
131085 239
131086 239
131087 239
131088 239
131089 239
131090 239
131091 239
131092 239
131093 239
131094 239
131095 239
131096 239
131097 239
131098 239
131099 239
131100 239
131101 239
131102 239
131103 239
kernel_count 11766
