0 1034
1 1029
2 1106
3 1249
4 1030
5 1029
6 1106
7 1249
8 1249
9 1248
10 1248
11 1248
12 1249
13 1249
14 1248
15 1248
16 1249
17 1249
18 1248
19 1248
20 1249
21 1249
22 1247
23 1248
24 1248
25 1248
26 1249
27 1177
28 1467
29 1176
30 1247
31 1247
65536 748
65537 895
65538 747
65539 1249
65540 1178
65541 1248
65542 1177
65543 1177
65544 1177
65545 1249
65546 1249
65547 1177
65548 1177
65549 1249
65550 1249
65551 1249
65552 1249
65553 1248
65554 1249
65555 1248
65556 1249
65557 1248
65558 1247
65559 1249
65560 1249
65561 1463
65562 1176
65563 1104
65564 1247
65565 1247
65566 1247
65567 1247
131072 1254
131073 1249
131074 1249
131075 1177
131076 963
131077 1253
131078 1248
131079 1249
131080 1249
131081 1247
131082 1177
131083 1248
131084 1176
131085 1247
131086 1177
131087 1105
131088 1030
131089 1249
131090 1251
131091 1177
131092 1249
131093 1249
131094 1249
131095 1394
131096 1394
131097 1175
131098 1175
131099 1246
131100 1175
131101 1175
131102 1103
131103 959
196608 1253
196609 1247
196610 1248
196611 1177
196612 1252
196613 1174
196614 1106
196615 891
196616 1248
196617 1247
196618 1247
196619 1537
196620 1176
196621 1175
196622 1176
196623 1177
196624 1106
196625 1247
196626 1177
196627 1248
196628 1177
196629 1177
196630 1177
196631 1248
196632 1393
196633 1394
196634 1247
196635 1246
196636 1246
196637 1246
196638 1247
196639 1247
262144 1182
262145 1249
262146 1248
262147 1323
262148 1036
262149 1177
262150 1031
262151 1248
262152 1249
262153 1249
262154 1107
262155 1107
262156 1107
262157 1178
262158 1249
262159 1249
262160 1249
262161 1249
262162 1249
262163 1395
262164 1247
262165 1035
262166 1248
262167 1103
262168 1104
262169 1105
262170 239
262171 239
262172 239
262173 239
262174 239
262175 239
kernel_count 24418
