0 1253
1 1249
2 1249
3 1324
4 1106
5 1176
6 1248
7 1249
8 1106
9 1247
10 1177
11 1249
12 1249
13 1249
14 1249
15 1249
16 1106
17 1249
18 1106
19 1106
20 1106
21 1106
22 1106
23 1106
24 1177
25 1177
26 1106
27 1249
28 1249
29 1249
30 1464
31 1175
65536 1110
65537 1247
65538 1247
65539 1176
65540 1247
65541 1247
65542 1175
65543 1247
65544 1247
65545 1105
65546 1105
65547 1105
65548 1105
65549 1246
65550 1247
65551 1176
65552 1247
65553 1176
65554 1176
65555 1247
65556 1247
65557 1175
65558 1247
65559 1247
65560 1245
65561 1247
65562 1246
65563 1246
65564 1246
65565 1247
65566 1176
65567 1247
131072 1110
131073 1176
131074 1176
131075 1248
131076 1248
131077 1248
131078 1248
131079 1248
131080 1177
131081 1248
131082 1248
131083 1248
131084 1248
131085 1322
131086 1322
131087 1248
131088 1248
131089 1248
131090 1248
131091 1248
131092 1248
131093 1250
131094 1322
131095 1105
131096 1247
131097 1247
131098 1247
131099 1247
131100 1246
131101 1247
131102 1176
131103 1247
196608 1182
196609 1247
196610 1247
196611 1247
196612 1247
196613 1246
196614 1247
196615 1247
196616 1176
196617 1247
196618 1247
196619 1247
196620 1247
196621 1247
196622 1246
196623 1176
196624 1247
196625 1246
196626 1247
196627 1247
196628 1247
196629 1247
196630 1246
196631 1246
196632 1247
196633 1247
196634 1105
196635 1247
196636 1246
196637 1246
196638 1247
196639 1247
262144 1182
262145 1105
262146 1247
262147 1247
262148 1175
262149 1247
262150 1029
262151 1247
262152 1029
262153 1247
262154 1247
262155 1247
262156 1247
262157 1247
262158 1247
262159 1247
262160 1247
262161 1247
262162 1030
262163 1247
262164 1247
262165 1247
262166 1247
262167 1247
262168 1104
262169 1247
262170 1029
262171 1176
262172 1247
262173 1246
262174 1246
262175 1174
327680 1181
327681 1249
327682 1249
327683 1327
327684 1397
327685 1249
327686 1106
327687 1177
327688 1397
327689 1255
327690 1249
327691 1249
327692 1249
327693 1248
327694 1249
327695 1249
327696 1249
327697 1249
327698 1249
327699 1249
327700 1105
327701 1106
327702 1177
327703 1249
327704 1177
327705 1249
327706 1249
327707 1464
327708 1463
327709 1247
327710 1247
327711 1103
393216 1254
393217 1248
393218 1249
393219 1177
393220 1249
393221 1249
393222 1249
393223 1249
393224 1249
393225 1249
393226 1249
393227 1249
393228 1249
393229 1249
393230 1248
393231 1249
393232 1249
393233 1249
393234 1249
393235 1249
393236 1249
393237 1249
393238 1680
393239 1393
393240 1248
393241 1249
393242 1324
393243 1324
393244 1462
393245 1176
393246 1464
393247 1247
458752 1034
458753 1030
458754 1177
458755 1249
458756 1177
458757 1324
458758 1249
458759 1176
458760 1249
458761 1247
458762 1247
458763 1248
458764 1249
458765 1249
458766 1247
458767 1105
458768 1248
458769 1249
458770 1175
458771 1248
458772 1248
458773 1249
458774 1176
458775 1248
458776 1249
458777 1324
458778 1464
458779 1249
458780 1464
458781 1247
458782 1248
458783 1391
524288 1254
524289 1248
524290 1247
524291 1391
524292 1247
524293 1105
524294 1246
524295 1245
524296 1172
524297 1247
524298 1105
524299 1247
524300 1247
524301 1247
524302 1247
524303 1174
524304 1247
524305 1174
524306 1247
524307 1176
524308 1176
524309 1176
524310 1104
524311 1247
524312 1175
524313 1176
524314 1175
524315 1176
524316 1176
524317 1247
524318 1247
524319 1246
589824 1330
589825 1248
589826 1030
589827 1248
589828 1248
589829 1248
589830 1247
589831 1323
589832 1250
589833 1323
589834 1177
589835 1248
589836 1323
589837 1393
589838 1106
589839 1246
589840 1248
589841 1246
589842 1248
589843 1247
589844 1177
589845 1323
589846 1247
589847 1391
589848 1391
589849 1249
589850 1175
589851 1104
589852 1175
589853 1175
589854 1175
589855 1175
655360 966
655361 1106
655362 1106
655363 1248
655364 1177
655365 1105
655366 1106
655367 1248
655368 1177
655369 1177
655370 1248
655371 1176
655372 1176
655373 1176
655374 1248
655375 1248
655376 1248
655377 1106
655378 1322
655379 1247
655380 1176
655381 1247
655382 1176
655383 1176
655384 1176
655385 1176
655386 1175
655387 1175
655388 1247
655389 1247
655390 1247
655391 1247
720896 1253
720897 1178
720898 1249
720899 1249
720900 1249
720901 1106
720902 1249
720903 1249
720904 1249
720905 1249
720906 1178
720907 1178
720908 1107
720909 1178
720910 1178
720911 1178
720912 1178
720913 1395
720914 1249
720915 1323
720916 1249
720917 1178
720918 1249
720919 1249
720920 1178
720921 1324
720922 1177
720923 1106
720924 1177
720925 1254
720926 1176
720927 1105
kernel_count 61543
