0 1401
1 1395
2 1323
3 1182
4 1105
5 1105
6 1249
7 1249
8 1612
9 1249
10 1249
11 1612
12 1248
13 1247
14 1247
15 1247
16 1248
17 1248
18 1248
19 1248
20 1248
21 1248
22 1030
23 1248
24 1248
25 1324
26 1466
27 1248
28 1104
29 1106
30 1177
31 1466
65536 748
65537 672
65538 748
65539 959
65540 1463
65541 1464
65542 1464
65543 1464
65544 1176
65545 1104
65546 1025
65547 239
65548 239
65549 239
65550 239
65551 239
65552 239
65553 239
65554 239
65555 239
65556 239
65557 239
65558 239
65559 239
65560 239
65561 239
65562 239
65563 239
65564 239
65565 239
65566 239
65567 239
kernel_count 7401
