0 1254
1 1246
2 1246
3 1175
4 1247
5 1246
6 1247
7 1247
8 1247
9 1030
10 1030
11 1030
12 1030
13 1246
14 1246
15 1175
16 1247
17 1246
18 1246
19 1247
20 1246
21 1247
22 1105
23 1105
24 1246
25 1029
26 1246
27 1102
28 1102
29 1247
30 1029
31 1175
65536 1110
65537 1106
65538 1030
65539 1106
65540 1106
65541 1030
65542 1177
65543 1177
65544 1177
65545 1248
65546 1248
65547 1248
65548 1247
65549 1176
65550 1177
65551 1106
65552 1251
65553 1106
65554 1250
65555 1176
65556 1247
65557 1247
65558 1247
65559 1247
65560 1247
65561 1105
65562 1176
65563 1247
65564 1247
65565 1030
65566 1176
65567 1247
131072 1038
131073 1035
131074 1105
131075 1249
131076 1249
131077 1248
131078 1249
131079 1249
131080 1249
131081 1249
131082 1324
131083 1253
131084 1324
131085 1249
131086 1249
131087 1247
131088 1249
131089 1249
131090 1249
131091 1249
131092 1249
131093 1249
131094 1253
131095 1252
131096 1176
131097 1463
131098 1247
131099 1247
131100 1105
131101 1247
131102 1246
131103 1247
196608 1329
196609 1324
196610 1324
196611 1247
196612 1248
196613 1104
196614 1177
196615 1030
196616 1106
196617 1248
196618 1030
196619 1177
196620 1248
196621 1248
196622 1177
196623 1248
196624 1247
196625 1255
196626 1248
196627 1177
196628 1106
196629 1247
196630 1106
196631 1030
196632 1248
196633 1247
196634 1106
196635 1177
196636 1248
196637 1248
196638 1392
196639 1175
262144 1180
262145 823
262146 1538
262147 1249
262148 1249
262149 1249
262150 1249
262151 1177
262152 1106
262153 1106
262154 1106
262155 1106
262156 1106
262157 1249
262158 1248
262159 1249
262160 1249
262161 1106
262162 1249
262163 1248
262164 1393
262165 1104
262166 1247
262167 1247
262168 1176
262169 1247
262170 1247
262171 1247
262172 1176
262173 1105
262174 1247
262175 1246
327680 1253
327681 1247
327682 1248
327683 1247
327684 1248
327685 1248
327686 1248
327687 1106
327688 1247
327689 1248
327690 1177
327691 1177
327692 1322
327693 1247
327694 1247
327695 1247
327696 1247
327697 1246
327698 1246
327699 1247
327700 1175
327701 1105
327702 1247
327703 1176
327704 1176
327705 1105
327706 1247
327707 1247
327708 1247
327709 1246
327710 1247
327711 1247
393216 1181
393217 1249
393218 1248
393219 1248
393220 1248
393221 1248
393222 1463
393223 1464
393224 1464
393225 1464
393226 1246
393227 1104
393228 1176
393229 1104
393230 1247
393231 1247
393232 1247
393233 1247
393234 1104
393235 1247
393236 1247
393237 1247
393238 1247
393239 1247
393240 1105
393241 1247
393242 1247
393243 1247
393244 1247
393245 1247
393246 1247
393247 1247
458752 748
458753 747
458754 1106
458755 1248
458756 1248
458757 1248
458758 1536
458759 1177
458760 1106
458761 1030
458762 1247
458763 1248
458764 1248
458765 1248
458766 1106
458767 1393
458768 1177
458769 1248
458770 1248
458771 1176
458772 1248
458773 1177
458774 1247
458775 1393
458776 1322
458777 1177
458778 1177
458779 1248
458780 1247
458781 1322
458782 1322
458783 1247
524288 748
524289 1249
524290 1249
524291 1249
524292 1249
524293 1178
524294 1178
524295 1249
524296 1177
524297 1249
524298 1249
524299 1249
524300 1249
524301 1249
524302 1249
524303 1249
524304 1178
524305 1177
524306 1036
524307 1178
524308 1322
524309 1248
524310 1105
524311 1105
524312 1247
524313 1248
524314 1176
524315 1246
524316 1248
524317 239
524318 239
524319 239
kernel_count 45095
