0 1476
1 1249
2 1467
3 1249
4 1468
5 1177
6 1468
7 1177
8 1468
9 1177
10 1468
11 1177
12 1249
13 1467
14 1248
15 1322
16 1248
17 1250
18 1176
19 1248
20 1321
21 1248
22 1322
23 1247
24 1247
25 1247
26 1247
27 1247
28 1246
29 1247
30 958
31 1102
65536 817
65537 1105
65538 1249
65539 1247
65540 1177
65541 1249
65542 1249
65543 1249
65544 1248
65545 1106
65546 1033
65547 1177
65548 1394
65549 1249
65550 1249
65551 1249
65552 1177
65553 1395
65554 1249
65555 1465
65556 1394
65557 1248
65558 1177
65559 1247
65560 1323
65561 1248
65562 1177
65563 1106
65564 1392
65565 1247
65566 1247
65567 1175
131072 1254
131073 1249
131074 1324
131075 1248
131076 1392
131077 1392
131078 1392
131079 1104
131080 1249
131081 1249
131082 1249
131083 1176
131084 1177
131085 1463
131086 1177
131087 1463
131088 1104
131089 1176
131090 1104
131091 1247
131092 1105
131093 1105
131094 1246
131095 1176
131096 1105
131097 1176
131098 1246
131099 1247
131100 1103
131101 1175
131102 1033
131103 1175
196608 748
196609 1177
196610 1034
196611 1177
196612 1177
196613 1177
196614 1248
196615 1106
196616 1177
196617 1177
196618 1106
196619 1177
196620 1247
196621 1248
196622 1247
196623 1177
196624 1248
196625 1247
196626 1105
196627 1104
196628 1177
196629 1248
196630 1248
196631 1392
196632 1176
196633 1176
196634 1247
196635 1247
196636 1246
196637 1245
196638 1175
196639 1175
262144 748
262145 1248
262146 1323
262147 1176
262148 1177
262149 239
262150 239
262151 239
262152 239
262153 239
262154 239
262155 239
262156 239
262157 239
262158 239
262159 239
262160 239
262161 239
262162 239
262163 239
262164 239
262165 239
262166 239
262167 239
262168 239
262169 239
262170 239
262171 239
262172 239
262173 239
262174 239
262175 239
kernel_count 21910
