0 1254
1 1247
2 1247
3 1247
4 1247
5 1247
6 1247
7 1247
8 1246
9 1247
10 1247
11 1247
12 1176
13 1247
14 1176
15 1247
16 1176
17 1176
18 1176
19 1246
20 1247
21 1246
22 1247
23 1176
24 1247
25 1247
26 1247
27 1247
28 1176
29 1176
30 1246
31 1247
65536 1180
65537 1249
65538 1106
65539 1249
65540 1248
65541 1248
65542 1249
65543 1323
65544 1323
65545 1248
65546 1248
65547 1249
65548 1177
65549 1177
65550 1177
65551 1177
65552 1177
65553 1248
65554 1249
65555 1033
65556 1105
65557 1249
65558 1249
65559 1178
65560 1753
65561 1247
65562 1248
65563 1106
65564 1322
65565 1246
65566 1247
65567 1175
131072 1110
131073 1247
131074 1246
131075 1104
131076 1104
131077 1247
131078 1176
131079 1176
131080 1176
131081 1176
131082 1176
131083 1105
131084 1176
131085 1247
131086 1176
131087 1247
131088 1247
131089 1247
131090 1104
131091 1175
131092 1247
131093 1247
131094 1105
131095 1247
131096 1246
131097 1175
131098 1175
131099 1246
131100 1246
131101 1176
131102 1105
131103 1246
196608 1182
196609 1464
196610 1324
196611 1465
196612 1249
196613 1177
196614 1249
196615 1030
196616 1249
196617 1249
196618 1249
196619 1249
196620 1177
196621 1249
196622 1249
196623 1249
196624 1249
196625 1249
196626 1177
196627 1106
196628 1249
196629 1249
196630 1249
196631 1249
196632 1249
196633 1465
196634 1249
196635 1465
196636 1251
196637 1247
196638 1247
196639 1174
262144 1109
262145 1177
262146 1177
262147 1177
262148 1105
262149 1177
262150 1177
262151 1106
262152 1177
262153 1177
262154 1248
262155 1177
262156 1248
262157 1105
262158 1106
262159 1248
262160 1248
262161 1248
262162 1248
262163 1248
262164 1248
262165 1247
262166 1177
262167 1248
262168 1248
262169 1465
262170 1105
262171 1465
262172 1466
262173 1175
262174 1247
262175 1247
327680 1182
327681 1246
327682 1247
327683 1247
327684 1105
327685 1176
327686 1467
327687 1175
327688 1105
327689 1176
327690 1250
327691 1323
327692 1177
327693 1248
327694 1394
327695 1247
327696 1395
327697 1104
327698 1175
327699 1174
327700 1247
327701 1247
327702 1246
327703 1176
327704 1176
327705 1105
327706 1246
327707 1246
327708 1247
327709 1175
327710 1247
327711 1246
393216 1182
393217 1464
393218 1248
393219 1248
393220 1181
393221 1175
393222 1105
393223 1033
393224 1033
393225 1033
393226 1609
393227 1609
393228 1105
393229 1247
393230 1248
393231 1033
393232 1032
393233 1033
393234 1176
393235 1540
393236 1540
393237 1176
393238 1248
393239 1250
393240 1250
393241 1176
393242 1175
393243 1176
393244 1247
393245 1176
393246 1247
393247 1247
458752 1182
458753 1248
458754 1393
458755 1248
458756 1177
458757 1248
458758 1248
458759 1247
458760 1322
458761 1248
458762 1248
458763 1247
458764 1248
458765 1247
458766 1248
458767 1247
458768 1035
458769 1248
458770 1248
458771 1322
458772 1322
458773 1248
458774 1248
458775 1248
458776 1248
458777 1248
458778 1106
458779 1177
458780 1177
458781 1248
458782 1321
458783 1103
524288 1254
524289 1612
524290 1249
524291 1249
524292 1397
524293 1396
524294 1537
524295 1248
524296 1248
524297 1248
524298 1249
524299 239
524300 239
524301 239
524302 239
524303 239
524304 239
524305 239
524306 239
524307 239
524308 239
524309 239
524310 239
524311 239
524312 239
524313 239
524314 239
524315 239
524316 239
524317 239
524318 239
524319 239
kernel_count 43477
