0 1254
1 1248
2 1248
3 1248
4 1248
5 1248
6 1248
7 1176
8 1177
9 1248
10 1247
11 1322
12 1248
13 1248
14 1248
15 1322
16 1248
17 1248
18 1248
19 1106
20 1248
21 1177
22 1177
23 1177
24 1247
25 1175
26 1251
27 1250
28 1175
29 1246
30 1175
31 1247
65536 1110
65537 1177
65538 1249
65539 1249
65540 1106
65541 1464
65542 1464
65543 1177
65544 1246
65545 1246
65546 1322
65547 1106
65548 1035
65549 1323
65550 1181
65551 1323
65552 1248
65553 1248
65554 1177
65555 1247
65556 1248
65557 1392
65558 1176
65559 1176
65560 1247
65561 1105
65562 1247
65563 1247
65564 1247
65565 1247
65566 1176
65567 1247
131072 1110
131073 1246
131074 1247
131075 1247
131076 1176
131077 1247
131078 1030
131079 1247
131080 1246
131081 1176
131082 1247
131083 1247
131084 1247
131085 1105
131086 1105
131087 1246
131088 1105
131089 1247
131090 1246
131091 1246
131092 1246
131093 1247
131094 1030
131095 1105
131096 1174
131097 1175
131098 1176
131099 1247
131100 1247
131101 1105
131102 1247
131103 1175
196608 1401
196609 1177
196610 1177
196611 1248
196612 1106
196613 1323
196614 1248
196615 1248
196616 1247
196617 1247
196618 1247
196619 1246
196620 1176
196621 1392
196622 1393
196623 1323
196624 1177
196625 1177
196626 1248
196627 1248
196628 1248
196629 1248
196630 1106
196631 1181
196632 1248
196633 1248
196634 1248
196635 1392
196636 1247
196637 1247
196638 1028
196639 1173
262144 1253
262145 1248
262146 1248
262147 1248
262148 1248
262149 1248
262150 1106
262151 1248
262152 1248
262153 1322
262154 1247
262155 1106
262156 1248
262157 1248
262158 1322
262159 1248
262160 1106
262161 1248
262162 1246
262163 1248
262164 1177
262165 1177
262166 1177
262167 1177
262168 1106
262169 1106
262170 1106
262171 1106
262172 1248
262173 1322
262174 1321
262175 1174
327680 1182
327681 1177
327682 1106
327683 1469
327684 1249
327685 1248
327686 1610
327687 1393
327688 1611
327689 1394
327690 1249
327691 1610
327692 1393
327693 1611
327694 1393
327695 1248
327696 1323
327697 1253
327698 1252
327699 1106
327700 1248
327701 1324
327702 1177
327703 1106
327704 1248
327705 1247
327706 1247
327707 1322
327708 1176
327709 1394
327710 1102
327711 1178
393216 1329
393217 1248
393218 1104
393219 1033
393220 1246
393221 957
393222 955
393223 1324
393224 1182
393225 1255
393226 1032
393227 1323
393228 1255
393229 1032
393230 1247
393231 1251
393232 1105
393233 1177
393234 1321
393235 1246
393236 1248
393237 1252
393238 1181
393239 1105
393240 1177
393241 1251
393242 1393
393243 1106
393244 1320
393245 1175
393246 1174
393247 1102
458752 1254
458753 1249
458754 1178
458755 1467
458756 1248
458757 1248
458758 1323
458759 1397
458760 1327
458761 1398
458762 1397
458763 1106
458764 1324
458765 1106
458766 1106
458767 1247
458768 1324
458769 1106
458770 1252
458771 1247
458772 1247
458773 1322
458774 1248
458775 1106
458776 1247
458777 1176
458778 1248
458779 1395
458780 1539
458781 1394
458782 1099
458783 1027
524288 746
524289 745
524290 1104
524291 1034
524292 745
524293 745
524294 1175
524295 1176
524296 1106
524297 1180
524298 1180
524299 1248
524300 1398
524301 1253
524302 1248
524303 1398
524304 1176
524305 1398
524306 1252
524307 1248
524308 1177
524309 1178
524310 1177
524311 1177
524312 1249
524313 1249
524314 1106
524315 1176
524316 1177
524317 1249
524318 1464
524319 1247
589824 824
589825 747
589826 747
589827 1248
589828 1248
589829 1248
589830 1248
589831 1467
589832 1177
589833 1106
589834 1249
589835 1248
589836 1249
589837 1249
589838 1395
589839 1030
589840 1248
589841 1106
589842 1106
589843 1177
589844 1249
589845 1029
589846 1178
589847 1249
589848 1249
589849 1249
589850 1246
589851 1461
589852 1463
589853 1249
589854 1461
589855 1103
655360 1254
655361 1392
655362 1106
655363 1248
655364 1248
655365 1392
655366 1106
655367 1248
655368 1321
655369 1247
655370 1247
655371 1246
655372 1247
655373 1247
655374 1104
655375 1247
655376 1247
655377 815
655378 815
655379 1246
655380 1247
655381 1246
655382 1247
655383 1104
655384 1247
655385 1247
655386 1247
655387 1247
655388 1247
655389 1247
655390 1246
655391 1246
720896 1109
720897 1104
720898 239
720899 239
720900 239
720901 239
720902 239
720903 239
720904 239
720905 239
720906 239
720907 239
720908 239
720909 239
720910 239
720911 239
720912 239
720913 239
720914 239
720915 239
720916 239
720917 239
720918 239
720919 239
720920 239
720921 239
720922 239
720923 239
720924 239
720925 239
720926 239
720927 239
kernel_count 57263
