0 1253
1 1176
2 1247
3 1247
4 1247
5 1246
6 1247
7 1247
8 1176
9 1176
10 1247
11 1247
12 1175
13 1176
14 1247
15 1247
16 1175
17 1176
18 1247
19 1175
20 1176
21 1247
22 1247
23 1175
24 1176
25 1247
26 1247
27 1105
28 1175
29 1247
30 1176
31 1247
65536 1182
65537 1249
65538 1177
65539 1247
65540 1247
65541 1248
65542 1182
65543 1182
65544 1177
65545 1249
65546 1248
65547 1249
65548 1247
65549 1249
65550 1249
65551 1249
65552 1249
65553 1249
65554 1249
65555 1248
65556 1249
65557 1468
65558 1176
65559 1248
65560 1464
65561 1464
65562 1247
65563 1246
65564 1247
65565 1246
65566 1246
65567 1247
131072 1254
131073 1248
131074 1247
131075 1247
131076 1248
131077 1395
131078 1395
131079 1246
131080 1247
131081 1247
131082 1247
131083 1247
131084 1245
131085 1247
131086 1246
131087 1247
131088 1247
131089 1247
131090 1247
131091 1247
131092 1247
131093 1247
131094 1175
131095 1247
131096 1247
131097 1247
131098 1176
131099 1176
131100 1247
131101 1176
131102 1246
131103 1028
196608 1110
196609 1106
196610 1106
196611 1248
196612 1248
196613 1177
196614 1247
196615 1247
196616 1248
196617 1247
196618 1248
196619 1176
196620 1248
196621 1247
196622 1248
196623 1392
196624 1176
196625 1105
196626 1247
196627 1104
196628 1247
196629 1247
196630 1247
196631 1176
196632 1176
196633 1176
196634 1247
196635 1176
196636 1247
196637 1247
196638 1247
196639 1247
262144 1400
262145 1392
262146 1247
262147 1104
262148 1105
262149 1105
262150 1247
262151 1176
262152 1246
262153 1247
262154 1246
262155 1246
262156 1246
262157 1104
262158 1105
262159 1103
262160 1176
262161 1176
262162 1176
262163 1247
262164 1247
262165 1247
262166 1105
262167 1176
262168 1176
262169 1105
262170 1176
262171 1175
262172 1105
262173 1247
262174 1247
262175 1247
327680 1253
327681 1397
327682 1248
327683 1248
327684 1248
327685 1248
327686 1248
327687 1106
327688 1324
327689 1177
327690 1248
327691 1247
327692 1246
327693 1246
327694 1247
327695 1247
327696 1248
327697 1248
327698 1248
327699 1324
327700 1248
327701 1177
327702 1248
327703 1176
327704 1176
327705 1248
327706 1469
327707 1173
327708 1246
327709 1321
327710 1174
327711 1246
393216 746
393217 1039
393218 1176
393219 1106
393220 1248
393221 1248
393222 1247
393223 1248
393224 1247
393225 1248
393226 1246
393227 1247
393228 1247
393229 1248
393230 1176
393231 1248
393232 1323
393233 1248
393234 1248
393235 1247
393236 1248
393237 1247
393238 1393
393239 1106
393240 1176
393241 1175
393242 1248
393243 1540
393244 1247
393245 1175
393246 1246
393247 1247
458752 1110
458753 1104
458754 891
458755 1249
458756 1106
458757 1249
458758 1248
458759 1030
458760 1248
458761 1248
458762 1248
458763 1106
458764 1248
458765 1248
458766 1248
458767 1249
458768 1249
458769 1249
458770 1249
458771 1249
458772 1176
458773 1249
458774 1249
458775 1248
458776 1248
458777 1177
458778 1249
458779 1249
458780 1249
458781 1249
458782 1466
458783 1247
524288 1034
524289 1177
524290 1248
524291 1248
524292 1176
524293 1248
524294 1176
524295 1105
524296 1247
524297 1175
524298 239
524299 239
524300 239
524301 239
524302 239
524303 239
524304 239
524305 239
524306 239
524307 239
524308 239
524309 239
524310 239
524311 239
524312 239
524313 239
524314 239
524315 239
524316 239
524317 239
524318 239
524319 239
kernel_count 42988
