0 961
1 1248
2 1176
3 1176
4 1248
5 1324
6 1247
7 1177
8 1394
9 1248
10 1248
11 1394
12 1030
13 1176
14 1177
15 1396
16 1106
17 1106
18 1393
19 1396
20 1177
21 1248
22 1248
23 1177
24 1248
25 1248
26 1179
27 1247
28 1176
29 1246
30 1247
31 1247
65536 1182
65537 1246
65538 1176
65539 1247
65540 1246
65541 1176
65542 1246
65543 1246
65544 1247
65545 1247
65546 1176
65547 1247
65548 1246
65549 1176
65550 1247
65551 1246
65552 1176
65553 1247
65554 1176
65555 1247
65556 1247
65557 1247
65558 1247
65559 1247
65560 1246
65561 1247
65562 1247
65563 1247
65564 1176
65565 1247
65566 1175
65567 1175
131072 1254
131073 1106
131074 1248
131075 1323
131076 1323
131077 1323
131078 1247
131079 1247
131080 1176
131081 1106
131082 1176
131083 1248
131084 1247
131085 1392
131086 1392
131087 1247
131088 1176
131089 1246
131090 1247
131091 1175
131092 1176
131093 1247
131094 1176
131095 1105
131096 1176
131097 1176
131098 1105
131099 1176
131100 1030
131101 1247
131102 1174
131103 1244
196608 1254
196609 1325
196610 1249
196611 1177
196612 1249
196613 1249
196614 1249
196615 1249
196616 1249
196617 1249
196618 1609
196619 1612
196620 1609
196621 1612
196622 1609
196623 1612
196624 1106
196625 1611
196626 1249
196627 1611
196628 1249
196629 1611
196630 1249
196631 1611
196632 1249
196633 1611
196634 1249
196635 1611
196636 1249
196637 1611
196638 1249
196639 1611
262144 748
262145 1184
262146 1540
262147 1106
262148 1106
262149 1106
262150 1106
262151 1322
262152 1322
262153 1322
262154 1105
262155 1247
262156 1247
262157 1247
262158 1247
262159 1247
262160 1247
262161 1247
262162 1247
262163 1247
262164 1247
262165 1247
262166 1247
262167 1246
262168 1105
262169 1176
262170 1105
262171 1247
262172 1176
262173 1030
262174 1030
262175 1247
327680 1110
327681 1178
327682 1106
327683 1249
327684 1325
327685 1177
327686 1106
327687 1248
327688 1249
327689 1106
327690 1249
327691 1249
327692 1249
327693 1249
327694 1248
327695 1249
327696 1177
327697 1467
327698 1467
327699 1467
327700 1397
327701 1249
327702 1177
327703 1249
327704 1249
327705 1249
327706 1249
327707 1249
327708 1177
327709 1249
327710 1249
327711 1679
393216 1254
393217 1249
393218 1249
393219 1030
393220 1249
393221 1249
393222 1249
393223 1249
393224 1106
393225 1178
393226 1178
393227 1106
393228 1249
393229 1106
393230 1178
393231 1249
393232 1249
393233 1105
393234 1176
393235 1176
393236 1176
393237 1176
393238 1324
393239 1176
393240 1176
393241 1609
393242 1248
393243 1609
393244 1177
393245 1177
393246 1392
393247 1247
458752 1254
458753 1248
458754 1106
458755 1177
458756 1177
458757 1177
458758 1248
458759 1106
458760 1248
458761 1177
458762 1248
458763 1247
458764 1247
458765 1248
458766 1176
458767 1176
458768 1176
458769 1176
458770 1106
458771 1248
458772 1105
458773 1177
458774 1248
458775 1322
458776 1247
458777 1034
458778 1176
458779 1247
458780 1175
458781 1105
458782 1246
458783 1174
524288 748
524289 1106
524290 1176
524291 1248
524292 1248
524293 1321
524294 1248
524295 1176
524296 1177
524297 1176
524298 1176
524299 1177
524300 1105
524301 1322
524302 1248
524303 1175
524304 1105
524305 1177
524306 1322
524307 1247
524308 1174
524309 1246
524310 1245
524311 1247
524312 1247
524313 1247
524314 1247
524315 1247
524316 1176
524317 1247
524318 1247
524319 1247
589824 1182
589825 1177
589826 1538
589827 1248
589828 1395
589829 1249
589830 1465
589831 1465
589832 1175
589833 1177
589834 1177
589835 1248
589836 1247
589837 1030
589838 1246
589839 1177
589840 1247
589841 1247
589842 1247
589843 1248
589844 1248
589845 1247
589846 1247
589847 1247
589848 1177
589849 1248
589850 1250
589851 1177
589852 1247
589853 1247
589854 1247
589855 1249
655360 1182
655361 1177
655362 1247
655363 1247
655364 1252
655365 1248
655366 1248
655367 1248
655368 1248
655369 1177
655370 1246
655371 1393
655372 1247
655373 1177
655374 1106
655375 1393
655376 1177
655377 1177
655378 1177
655379 1106
655380 1322
655381 1175
655382 1174
655383 1175
655384 1174
655385 1104
655386 1175
655387 1175
655388 1104
655389 1104
655390 1104
655391 1175
720896 1254
720897 1248
720898 1248
720899 1251
720900 1176
720901 1105
720902 1247
720903 1247
720904 1247
720905 1247
720906 1248
720907 1248
720908 1248
720909 1248
720910 1248
720911 1248
720912 1176
720913 1248
720914 1106
720915 1248
720916 1248
720917 1248
720918 1248
720919 1248
720920 1248
720921 1177
720922 1247
720923 1467
720924 1247
720925 1247
720926 1247
720927 1247
786432 1254
786433 1394
786434 1178
786435 1249
786436 1107
786437 1107
786438 1107
786439 1249
786440 1249
786441 1107
786442 1323
786443 1248
786444 1395
786445 1178
786446 239
786447 239
786448 239
786449 239
786450 239
786451 239
786452 239
786453 239
786454 239
786455 239
786456 239
786457 239
786458 239
786459 239
786460 239
786461 239
786462 239
786463 239
kernel_count 64854
