0 1182
1 1030
2 1249
3 1248
4 1247
5 1106
6 1396
7 1106
8 1177
9 1106
10 1177
11 1106
12 1396
13 1248
14 1176
15 1248
16 1536
17 1105
18 1174
19 1247
20 1175
21 1176
22 1247
23 1175
24 1105
25 1247
26 1247
27 1105
28 1247
29 1247
30 1105
31 1247
65536 1254
65537 1249
65538 1249
65539 1177
65540 1464
65541 1177
65542 1176
65543 1177
65544 1177
65545 1177
65546 1248
65547 1106
65548 1248
65549 1248
65550 1248
65551 1248
65552 1391
65553 1105
65554 1391
65555 1175
65556 1391
65557 1247
65558 1247
65559 1247
65560 1247
65561 1247
65562 1247
65563 1247
65564 1247
65565 1176
65566 1247
65567 1247
131072 748
131073 747
131074 1249
131075 1177
131076 1249
131077 1105
131078 1106
131079 1467
131080 1466
131081 1249
131082 1325
131083 1249
131084 1609
131085 1247
131086 1247
131087 1247
131088 1247
131089 1176
131090 1247
131091 1247
131092 1246
131093 1247
131094 1247
131095 1246
131096 1246
131097 1247
131098 1247
131099 1247
131100 1174
131101 1174
131102 1174
131103 1174
196608 747
196609 1247
196610 1177
196611 1177
196612 1248
196613 1248
196614 1105
196615 1248
196616 1393
196617 1106
196618 1248
196619 1323
196620 1106
196621 1106
196622 1106
196623 1465
196624 1246
196625 1105
196626 1247
196627 1176
196628 1176
196629 1247
196630 1246
196631 1246
196632 1176
196633 1247
196634 1247
196635 1244
196636 1176
196637 1176
196638 1247
196639 1103
262144 748
262145 1248
262146 1248
262147 1248
262148 1247
262149 1248
262150 1248
262151 1248
262152 1248
262153 1322
262154 1247
262155 1247
262156 1175
262157 1105
262158 1105
262159 1247
262160 1176
262161 1246
262162 1246
262163 1247
262164 1247
262165 1247
262166 1246
262167 1247
262168 1027
262169 1027
262170 1027
262171 1027
262172 1027
262173 1027
262174 1027
262175 1028
327680 1253
327681 1248
327682 1248
327683 1177
327684 1248
327685 1248
327686 1394
327687 1178
327688 1324
327689 1248
327690 1176
327691 1176
327692 1391
327693 1249
327694 1249
327695 1247
327696 1247
327697 1177
327698 1177
327699 1247
327700 1248
327701 1249
327702 1106
327703 1249
327704 1249
327705 1249
327706 1463
327707 1247
327708 1247
327709 1247
327710 1176
327711 1247
393216 1182
393217 1249
393218 1177
393219 1177
393220 1177
393221 1249
393222 1249
393223 1249
393224 1249
393225 1177
393226 1176
393227 1177
393228 1249
393229 1177
393230 1177
393231 1176
393232 1176
393233 1176
393234 1177
393235 1248
393236 1248
393237 1176
393238 1249
393239 1394
393240 1177
393241 1248
393242 1394
393243 1249
393244 1248
393245 1323
393246 1464
393247 1247
458752 1182
458753 1177
458754 1249
458755 1249
458756 1248
458757 1249
458758 1249
458759 1249
458760 1249
458761 1249
458762 1177
458763 1248
458764 1249
458765 1466
458766 1394
458767 1394
458768 1247
458769 1246
458770 1104
458771 1104
458772 1104
458773 1176
458774 1175
458775 1175
458776 1175
458777 1247
458778 1105
458779 1176
458780 1176
458781 1176
458782 1247
458783 1247
524288 1253
524289 1325
524290 1249
524291 1249
524292 1249
524293 1249
524294 1538
524295 1248
524296 1178
524297 1178
524298 1249
524299 1248
524300 1251
524301 1177
524302 1178
524303 1178
524304 1249
524305 1249
524306 1178
524307 1249
524308 1248
524309 1249
524310 1178
524311 1252
524312 1249
524313 1252
524314 1176
524315 814
524316 239
524317 239
524318 239
524319 239
kernel_count 45257
