0 1254
1 1249
2 1324
3 1249
4 1324
5 1325
6 1249
7 1324
8 1249
9 1249
10 1609
11 1177
12 1247
13 1248
14 1177
15 1103
16 1103
17 1103
18 1106
19 1248
20 1322
21 1248
22 1248
23 1322
24 1248
25 1322
26 1247
27 1248
28 1248
29 1176
30 1248
31 1322
65536 1254
65537 1175
65538 1247
65539 1247
65540 1247
65541 1247
65542 1247
65543 1247
65544 1175
65545 1033
65546 1175
65547 1105
65548 1247
65549 1247
65550 1247
65551 1247
65552 1246
65553 1175
65554 1247
65555 1247
65556 1176
65557 1247
65558 1247
65559 1246
65560 1175
65561 1247
65562 1247
65563 1247
65564 1246
65565 1247
65566 1175
65567 1247
131072 748
131073 747
131074 747
131075 747
131076 1464
131077 1321
131078 1248
131079 1177
131080 1248
131081 1248
131082 1248
131083 1248
131084 1248
131085 1177
131086 1177
131087 1177
131088 1177
131089 1179
131090 1179
131091 1179
131092 1250
131093 1247
131094 1176
131095 1246
131096 1176
131097 1105
131098 1176
131099 1247
131100 1247
131101 1104
131102 1247
131103 1103
196608 1181
196609 1248
196610 1248
196611 1248
196612 1392
196613 1250
196614 1247
196615 958
196616 1248
196617 1248
196618 1248
196619 1248
196620 1248
196621 1248
196622 1248
196623 1323
196624 1248
196625 1391
196626 1321
196627 1246
196628 1247
196629 1247
196630 1247
196631 1246
196632 1247
196633 1175
196634 1176
196635 1247
196636 1104
196637 1247
196638 1247
196639 1102
262144 1330
262145 1104
262146 1033
262147 1103
262148 1247
262149 1105
262150 1247
262151 1176
262152 1247
262153 1247
262154 1176
262155 1247
262156 1247
262157 1247
262158 1247
262159 1246
262160 1246
262161 1247
262162 1246
262163 1247
262164 1247
262165 1176
262166 1176
262167 1176
262168 1247
262169 1247
262170 1176
262171 1246
262172 1105
262173 1247
262174 1247
262175 1246
327680 1254
327681 1247
327682 1248
327683 1248
327684 1248
327685 1035
327686 956
327687 1248
327688 1248
327689 1106
327690 1177
327691 1177
327692 1106
327693 1248
327694 1247
327695 1177
327696 1106
327697 1248
327698 1249
327699 1249
327700 1247
327701 1105
327702 1176
327703 1105
327704 1247
327705 1247
327706 1247
327707 1247
327708 1247
327709 1247
327710 1246
327711 1246
393216 1253
393217 1249
393218 1249
393219 1249
393220 1177
393221 1248
393222 1249
393223 1249
393224 1249
393225 1249
393226 1249
393227 1248
393228 1249
393229 1249
393230 1176
393231 1249
393232 1249
393233 1249
393234 1249
393235 1249
393236 1249
393237 1679
393238 1464
393239 1248
393240 1247
393241 1247
393242 1248
393243 1176
393244 1392
393245 1246
393246 1246
393247 1174
458752 1109
458753 1248
458754 1248
458755 1248
458756 1248
458757 1248
458758 1248
458759 1248
458760 1248
458761 1248
458762 1248
458763 1177
458764 1248
458765 1248
458766 1323
458767 1322
458768 1392
458769 1176
458770 1247
458771 1248
458772 1176
458773 1248
458774 1177
458775 1250
458776 1247
458777 1176
458778 1034
458779 1246
458780 1247
458781 1247
458782 1247
458783 1247
524288 748
524289 747
524290 1249
524291 1177
524292 1176
524293 1249
524294 1177
524295 1248
524296 1249
524297 1176
524298 1177
524299 1177
524300 1176
524301 1249
524302 1176
524303 1177
524304 1105
524305 1105
524306 1177
524307 1249
524308 1249
524309 1249
524310 1249
524311 1323
524312 1176
524313 1249
524314 1249
524315 1468
524316 1247
524317 1104
524318 1247
524319 1247
589824 1109
589825 1177
589826 1176
589827 1248
589828 1031
589829 1247
589830 1249
589831 1322
589832 1248
589833 1247
589834 1247
589835 1247
589836 1246
589837 1248
589838 1248
589839 1248
589840 1248
589841 1028
589842 239
589843 239
589844 239
589845 239
589846 239
589847 239
589848 239
589849 239
589850 239
589851 239
589852 239
589853 239
589854 239
589855 239
kernel_count 48976
