0 1034
1 1030
2 1030
3 1176
4 1176
5 1247
6 1106
7 1030
8 1030
9 1106
10 1176
11 1247
12 1247
13 1247
14 1248
15 1248
16 1248
17 1247
18 1248
19 1248
20 1248
21 1248
22 1248
23 1248
24 1247
25 1177
26 1177
27 1248
28 1248
29 1248
30 1391
31 1174
65536 1110
65537 1391
65538 1392
65539 1392
65540 1392
65541 1030
65542 1177
65543 1177
65544 1392
65545 1392
65546 1392
65547 1392
65548 1176
65549 1176
65550 1173
65551 1246
65552 1173
65553 1173
65554 1173
65555 1175
65556 1176
65557 1247
65558 1247
65559 1247
65560 1247
65561 1247
65562 1246
65563 1175
65564 1245
65565 1247
65566 1174
65567 1103
131072 1254
131073 1464
131074 1464
131075 1177
131076 1177
131077 1177
131078 1177
131079 1177
131080 1248
131081 1248
131082 1248
131083 1248
131084 1248
131085 1248
131086 1248
131087 1034
131088 1248
131089 1248
131090 1248
131091 1322
131092 1322
131093 1246
131094 1247
131095 1247
131096 1030
131097 1028
131098 1246
131099 1247
131100 1030
131101 1247
131102 1247
131103 1247
196608 1038
196609 1107
196610 1249
196611 1250
196612 1467
196613 1176
196614 1106
196615 1106
196616 1247
196617 1247
196618 1247
196619 1106
196620 1249
196621 239
196622 239
196623 239
196624 239
196625 239
196626 239
196627 239
196628 239
196629 239
196630 239
196631 239
196632 239
196633 239
196634 239
196635 239
196636 239
196637 239
196638 239
196639 239
kernel_count 17729
