0 1182
1 1175
2 1176
3 1176
4 1175
5 1175
6 1247
7 1247
8 1175
9 1176
10 1176
11 1175
12 1175
13 1247
14 1247
15 1105
16 1246
17 1247
18 1247
19 1247
20 1247
21 1247
22 1247
23 1247
24 1176
25 1175
26 1176
27 1176
28 1175
29 1105
30 1247
31 1247
65536 1253
65537 1249
65538 1248
65539 1394
65540 1248
65541 1324
65542 1248
65543 1247
65544 1253
65545 1248
65546 1248
65547 1253
65548 1248
65549 1177
65550 1324
65551 1248
65552 1323
65553 1177
65554 1248
65555 1324
65556 1248
65557 1176
65558 1248
65559 1106
65560 1105
65561 1177
65562 1106
65563 1324
65564 1106
65565 1324
65566 1248
65567 1394
131072 1252
131073 1249
131074 1249
131075 1249
131076 1249
131077 1249
131078 1249
131079 1249
131080 1249
131081 1249
131082 1249
131083 1249
131084 1177
131085 1175
131086 1249
131087 1393
131088 1683
131089 1683
131090 1755
131091 1682
131092 1247
131093 1175
131094 1176
131095 1247
131096 1246
131097 1175
131098 1104
131099 1176
131100 1247
131101 1246
131102 1175
131103 1246
196608 747
196609 746
196610 746
196611 962
196612 1176
196613 1246
196614 1247
196615 1104
196616 1104
196617 1176
196618 1393
196619 1248
196620 1251
196621 1175
196622 1246
196623 1176
196624 1105
196625 1247
196626 1247
196627 1247
196628 1246
196629 1247
196630 1246
196631 1176
196632 1034
196633 1034
196634 1105
196635 1247
196636 1105
196637 1247
196638 1247
196639 1247
262144 1038
262145 1323
262146 1252
262147 1248
262148 1247
262149 1248
262150 1394
262151 1248
262152 1248
262153 1248
262154 1247
262155 1248
262156 1177
262157 1248
262158 1248
262159 1248
262160 1248
262161 1106
262162 1248
262163 1322
262164 1247
262165 1247
262166 1105
262167 1030
262168 1176
262169 1246
262170 1246
262171 1247
262172 1176
262173 1247
262174 1246
262175 1245
327680 1254
327681 1248
327682 1249
327683 1107
327684 1107
327685 1249
327686 1249
327687 1249
327688 1249
327689 1248
327690 1394
327691 239
327692 239
327693 239
327694 239
327695 239
327696 239
327697 239
327698 239
327699 239
327700 239
327701 239
327702 239
327703 239
327704 239
327705 239
327706 239
327707 239
327708 239
327709 239
327710 239
327711 239
kernel_count 27823
