0 1254
1 1248
2 1248
3 1177
4 1177
5 1248
6 1248
7 1248
8 1247
9 1248
10 1105
11 1248
12 1248
13 1176
14 1467
15 1176
16 1104
17 1247
18 1176
19 1246
20 1176
21 1105
22 1029
23 1029
24 1029
25 1246
26 1176
27 1105
28 1246
29 1176
30 1247
31 1246
65536 748
65537 1248
65538 1248
65539 1176
65540 1176
65541 239
65542 239
65543 239
65544 239
65545 239
65546 239
65547 239
65548 239
65549 239
65550 239
65551 239
65552 239
65553 239
65554 239
65555 239
65556 239
65557 239
65558 239
65559 239
65560 239
65561 239
65562 239
65563 239
65564 239
65565 239
65566 239
65567 239
kernel_count 6313
