0 1181
1 1248
2 1177
3 1106
4 1248
5 1247
6 1247
7 1247
8 1030
9 1248
10 1176
11 1248
12 1248
13 1248
14 1105
15 1248
16 1248
17 1248
18 1247
19 1247
20 1248
21 1248
22 1251
23 1251
24 1251
25 1251
26 1251
27 1246
28 1105
29 1174
30 1175
31 1175
65536 747
65537 747
65538 747
65539 1106
65540 1249
65541 1249
65542 1177
65543 1249
65544 1177
65545 1249
65546 1177
65547 1249
65548 1249
65549 1177
65550 1176
65551 1175
65552 1463
65553 1247
65554 1030
65555 1175
65556 1247
65557 1247
65558 1247
65559 1247
65560 1247
65561 1247
65562 1247
65563 1176
65564 1176
65565 959
65566 1175
65567 1103
131072 1253
131073 1248
131074 1106
131075 1465
131076 1465
131077 1249
131078 1248
131079 1176
131080 1177
131081 1177
131082 1679
131083 1679
131084 1176
131085 1176
131086 1247
131087 1176
131088 1247
131089 1176
131090 1247
131091 1176
131092 1176
131093 1247
131094 1247
131095 1247
131096 1247
131097 1247
131098 1247
131099 1247
131100 1247
131101 1246
131102 1247
131103 1247
196608 748
196609 747
196610 747
196611 747
196612 1247
196613 1247
196614 1177
196615 1176
196616 1248
196617 1248
196618 1248
196619 1248
196620 1392
196621 1321
196622 1176
196623 1176
196624 1175
196625 1175
196626 1175
196627 1247
196628 1246
196629 1176
196630 1246
196631 1246
196632 1246
196633 1247
196634 1176
196635 1247
196636 1247
196637 1104
196638 1104
196639 1175
262144 1182
262145 1249
262146 1249
262147 1177
262148 1249
262149 1176
262150 1463
262151 1247
262152 1177
262153 1248
262154 1248
262155 1176
262156 1246
262157 1030
262158 1030
262159 1030
262160 1248
262161 1247
262162 1177
262163 1106
262164 1177
262165 1247
262166 1247
262167 1247
262168 1247
262169 1247
262170 1247
262171 1248
262172 1391
262173 1175
262174 1175
262175 1175
327680 1182
327681 1391
327682 1392
327683 1247
327684 1321
327685 1105
327686 1176
327687 1104
327688 1176
327689 1175
327690 1176
327691 1247
327692 1177
327693 1177
327694 1106
327695 1106
327696 1248
327697 1177
327698 1177
327699 1247
327700 1176
327701 1177
327702 1248
327703 1176
327704 1033
327705 1033
327706 1033
327707 1033
327708 1033
327709 1033
327710 1176
327711 1250
393216 824
393217 1248
393218 1247
393219 1322
393220 1248
393221 1392
393222 1248
393223 1392
393224 1392
393225 1247
393226 1247
393227 1104
393228 1247
393229 1105
393230 1247
393231 1247
393232 1246
393233 1247
393234 1247
393235 1247
393236 1247
393237 1104
393238 1175
393239 1104
393240 1247
393241 1247
393242 1176
393243 1176
393244 1176
393245 1176
393246 1246
393247 1247
458752 1252
458753 1249
458754 1249
458755 1249
458756 1175
458757 1106
458758 1176
458759 1032
458760 1247
458761 1247
458762 1249
458763 1325
458764 1539
458765 1177
458766 1539
458767 1177
458768 1249
458769 1253
458770 1249
458771 1176
458772 1679
458773 1680
458774 1177
458775 1247
458776 1176
458777 1247
458778 1607
458779 1247
458780 1247
458781 1246
458782 1247
458783 1175
524288 1472
524289 1465
524290 1249
524291 1465
524292 1248
524293 1248
524294 1031
524295 1247
524296 1247
524297 1248
524298 1248
524299 1247
524300 1247
524301 1031
524302 1106
524303 1106
524304 1106
524305 1106
524306 1106
524307 1106
524308 1106
524309 1106
524310 1106
524311 1106
524312 1177
524313 1248
524314 1031
524315 1248
524316 1248
524317 1248
524318 1248
524319 1249
kernel_count 45444
