0 1254
1 1176
2 1177
3 1248
4 1248
5 1248
6 1248
7 1248
8 1248
9 1248
10 1248
11 1324
12 1177
13 1465
14 1247
15 1247
16 1246
17 1247
18 1247
19 1247
20 1176
21 1176
22 1247
23 1175
24 1247
25 1105
26 1176
27 1247
28 1176
29 1030
30 1246
31 1175
65536 1109
65537 1325
65538 1325
65539 1106
65540 1249
65541 1249
65542 1248
65543 1249
65544 1249
65545 1249
65546 1249
65547 1248
65548 1394
65549 1177
65550 1249
65551 1106
65552 1249
65553 1249
65554 1248
65555 1249
65556 1249
65557 1177
65558 1177
65559 1463
65560 1247
65561 1246
65562 1248
65563 1248
65564 1536
65565 1392
65566 1034
65567 1247
131072 1253
131073 1248
131074 1177
131075 1106
131076 1249
131077 1466
131078 1253
131079 1177
131080 1182
131081 1465
131082 1106
131083 1248
131084 1246
131085 1248
131086 1248
131087 1248
131088 1248
131089 1247
131090 1247
131091 1248
131092 1248
131093 1177
131094 1325
131095 1175
131096 1247
131097 1105
131098 1175
131099 1247
131100 1175
131101 1247
131102 1174
131103 1103
196608 1182
196609 1030
196610 746
196611 1177
196612 1030
196613 1248
196614 1248
196615 1030
196616 1248
196617 1249
196618 1395
196619 1249
196620 1249
196621 1249
196622 1178
196623 1249
196624 1325
196625 1249
196626 1249
196627 1249
196628 1177
196629 1177
196630 1247
196631 1176
196632 1176
196633 1608
196634 1608
196635 1608
196636 1248
196637 1322
196638 1248
196639 1322
262144 824
262145 747
262146 823
262147 1248
262148 1538
262149 1247
262150 1248
262151 1321
262152 1247
262153 1176
262154 1247
262155 1247
262156 1175
262157 1176
262158 1246
262159 1105
262160 1247
262161 1247
262162 1104
262163 1247
262164 1176
262165 1247
262166 1247
262167 1247
262168 1247
262169 1246
262170 1247
262171 1247
262172 1246
262173 1247
262174 1247
262175 1247
327680 1253
327681 1248
327682 1247
327683 1248
327684 1248
327685 1105
327686 1174
327687 1174
327688 239
327689 239
327690 239
327691 239
327692 239
327693 239
327694 239
327695 239
327696 239
327697 239
327698 239
327699 239
327700 239
327701 239
327702 239
327703 239
327704 239
327705 239
327706 239
327707 239
327708 239
327709 239
327710 239
327711 239
kernel_count 27518
