0 1258
1 1252
2 1252
3 1252
4 1252
5 1252
6 1252
7 1252
8 1249
9 1249
10 1176
11 1249
12 1249
13 887
14 1323
15 1465
16 1463
17 1393
18 1324
19 1464
20 1247
21 1247
22 1176
23 1247
24 1247
25 1247
26 1247
27 1105
28 1176
29 1176
30 1176
31 1247
65536 1182
65537 746
65538 1106
65539 1177
65540 1106
65541 1249
65542 1182
65543 1106
65544 1177
65545 1325
65546 1325
65547 1249
65548 1105
65549 1467
65550 1176
65551 1105
65552 1034
65553 1249
65554 1106
65555 1177
65556 1030
65557 1324
65558 1248
65559 1249
65560 1106
65561 1249
65562 1249
65563 1106
65564 1106
65565 1177
65566 1464
65567 1247
131072 1182
131073 1248
131074 1248
131075 1248
131076 1177
131077 1248
131078 1176
131079 1248
131080 1180
131081 1180
131082 1322
131083 1248
131084 1106
131085 1248
131086 1392
131087 1106
131088 1392
131089 1392
131090 1248
131091 1392
131092 1177
131093 1177
131094 1177
131095 1248
131096 1248
131097 1177
131098 1177
131099 1177
131100 1106
131101 1248
131102 1321
131103 1247
196608 1110
196609 1176
196610 1249
196611 1249
196612 1249
196613 1177
196614 1249
196615 1249
196616 1248
196617 1249
196618 1249
196619 1030
196620 1175
196621 1177
196622 1248
196623 1177
196624 1463
196625 1247
196626 1247
196627 1246
196628 1246
196629 1247
196630 1322
196631 1030
196632 1176
196633 1321
196634 1030
196635 1175
196636 1175
196637 1247
196638 1247
196639 1246
262144 1254
262145 1248
262146 1248
262147 1392
262148 1248
262149 1247
262150 1247
262151 1177
262152 1247
262153 1248
262154 1247
262155 1247
262156 1248
262157 1248
262158 1248
262159 1106
262160 1248
262161 1250
262162 1392
262163 1392
262164 1247
262165 1247
262166 1244
262167 1247
262168 1247
262169 1105
262170 1175
262171 1247
262172 1176
262173 1104
262174 1176
262175 1246
327680 1254
327681 1249
327682 1249
327683 1106
327684 1249
327685 1249
327686 1249
327687 1249
327688 1248
327689 1249
327690 1249
327691 1323
327692 1324
327693 1177
327694 1249
327695 1249
327696 1106
327697 1465
327698 1247
327699 1324
327700 1251
327701 1176
327702 1322
327703 1249
327704 1249
327705 1176
327706 1464
327707 1033
327708 1105
327709 1245
327710 1101
327711 1101
393216 1107
393217 1397
393218 1177
393219 1247
393220 1395
393221 1176
393222 1394
393223 1395
393224 1176
393225 1175
393226 1246
393227 1106
393228 1248
393229 1105
393230 1105
393231 1247
393232 1248
393233 1247
393234 1176
393235 1246
393236 1251
393237 1251
393238 1105
393239 1247
393240 1247
393241 1396
393242 1105
393243 1105
393244 1177
393245 1248
393246 1322
393247 1249
458752 1473
458753 1177
458754 1249
458755 1252
458756 1176
458757 1176
458758 1176
458759 1398
458760 1177
458761 1249
458762 1325
458763 1470
458764 1248
458765 1398
458766 1249
458767 1248
458768 1248
458769 1324
458770 1106
458771 1176
458772 1249
458773 1463
458774 1102
458775 1102
458776 1102
458777 1030
458778 1029
458779 1101
458780 1030
458781 1029
458782 1028
458783 1029
524288 1181
524289 1106
524290 1322
524291 1176
524292 1105
524293 1176
524294 1176
524295 1176
524296 1176
524297 1176
524298 1176
524299 1248
524300 1248
524301 1321
524302 1249
524303 1177
524304 1177
524305 1105
524306 1248
524307 1249
524308 1177
524309 1177
524310 1177
524311 1177
524312 1177
524313 1177
524314 1249
524315 1249
524316 1176
524317 1464
524318 1247
524319 1247
589824 1182
589825 1249
589826 1249
589827 1249
589828 1248
589829 1248
589830 1322
589831 1106
589832 1106
589833 1401
589834 1400
589835 1249
589836 1248
589837 1177
589838 1469
589839 1248
589840 1106
589841 1106
589842 1177
589843 1178
589844 1029
589845 1249
589846 1249
589847 1393
589848 1393
589849 1177
589850 1249
589851 1393
589852 1249
589853 1464
589854 1176
589855 1247
655360 1109
655361 1107
655362 1107
655363 1030
655364 1249
655365 1178
655366 1178
655367 1178
655368 1248
655369 1249
655370 1107
655371 1177
655372 1322
655373 1323
655374 1322
655375 1248
655376 1176
655377 1248
655378 1245
655379 1174
655380 239
655381 239
655382 239
655383 239
655384 239
655385 239
655386 239
655387 239
655388 239
655389 239
655390 239
655391 239
kernel_count 54791
