0 1182
1 1177
2 1394
3 1394
4 1394
5 1394
6 1394
7 1394
8 1248
9 1394
10 1394
11 1394
12 1394
13 1394
14 1394
15 1248
16 1394
17 1394
18 1177
19 1249
20 1249
21 1249
22 1249
23 1249
24 1325
25 1249
26 1249
27 1537
28 1538
29 1174
30 1246
31 1172
65536 1254
65537 1247
65538 1105
65539 1248
65540 1248
65541 1247
65542 1248
65543 1248
65544 1248
65545 1248
65546 1247
65547 1247
65548 1248
65549 1248
65550 1322
65551 1247
65552 1248
65553 1322
65554 1247
65555 1247
65556 1247
65557 1248
65558 1251
65559 1251
65560 1177
65561 1251
65562 1176
65563 1176
65564 1246
65565 1247
65566 1247
65567 1175
131072 894
131073 1248
131074 1106
131075 1177
131076 959
131077 1177
131078 959
131079 1248
131080 1106
131081 1177
131082 1177
131083 1177
131084 1177
131085 1248
131086 1248
131087 1247
131088 1248
131089 1177
131090 1177
131091 1105
131092 1105
131093 1105
131094 1251
131095 1248
131096 1248
131097 1247
131098 1175
131099 1177
131100 1105
131101 1322
131102 1321
131103 1321
196608 823
196609 746
196610 820
196611 820
196612 745
196613 745
196614 1248
196615 1247
196616 1322
196617 1104
196618 1248
196619 1248
196620 1248
196621 1177
196622 1248
196623 1247
196624 1176
196625 1248
196626 1248
196627 1248
196628 1248
196629 1177
196630 1248
196631 1248
196632 1248
196633 1106
196634 1251
196635 1176
196636 1175
196637 1247
196638 1247
196639 1246
262144 1181
262145 1324
262146 1325
262147 1249
262148 1467
262149 1249
262150 1249
262151 1467
262152 1176
262153 1249
262154 1249
262155 1249
262156 1249
262157 1248
262158 1249
262159 1177
262160 1106
262161 1249
262162 1249
262163 1249
262164 1177
262165 1249
262166 1249
262167 1105
262168 1030
262169 1249
262170 1249
262171 1677
262172 1250
262173 1322
262174 1322
262175 1246
327680 1254
327681 1250
327682 1177
327683 1178
327684 1178
327685 1250
327686 1178
327687 1035
327688 1106
327689 1107
327690 1178
327691 1254
327692 1178
327693 1250
327694 1680
327695 1248
327696 1248
327697 1106
327698 1106
327699 1248
327700 1177
327701 239
327702 239
327703 239
327704 239
327705 239
327706 239
327707 239
327708 239
327709 239
327710 239
327711 239
kernel_count 29343
