0 1254
1 1249
2 1249
3 1393
4 1178
5 1175
6 1030
7 1249
8 1106
9 1177
10 1249
11 1249
12 1106
13 1248
14 1249
15 1106
16 1248
17 1177
18 1464
19 1248
20 1248
21 1249
22 1249
23 1106
24 1248
25 1464
26 1105
27 1246
28 1247
29 1247
30 1247
31 1247
65536 1182
65537 1177
65538 1106
65539 1177
65540 1249
65541 1177
65542 1106
65543 1249
65544 1177
65545 1249
65546 1249
65547 1177
65548 1249
65549 1248
65550 1248
65551 1249
65552 1249
65553 1538
65554 1177
65555 1537
65556 1249
65557 1537
65558 1248
65559 1466
65560 1323
65561 1466
65562 1323
65563 1466
65564 1252
65565 1323
65566 1394
65567 1175
131072 1254
131073 1247
131074 1247
131075 1247
131076 1105
131077 1247
131078 1247
131079 1247
131080 1246
131081 1247
131082 1246
131083 1247
131084 1247
131085 1247
131086 1247
131087 1105
131088 1247
131089 1247
131090 1246
131091 1247
131092 1176
131093 1175
131094 1246
131095 1246
131096 1247
131097 1246
131098 1247
131099 1176
131100 1247
131101 1103
131102 1102
131103 1102
196608 1038
196609 1177
196610 1248
196611 1247
196612 1248
196613 1248
196614 1104
196615 239
196616 239
196617 239
196618 239
196619 239
196620 239
196621 239
196622 239
196623 239
196624 239
196625 239
196626 239
196627 239
196628 239
196629 239
196630 239
196631 239
196632 239
196633 239
196634 239
196635 239
196636 239
196637 239
196638 239
196639 239
kernel_count 17245
