0 1253
1 1248
2 1248
3 1249
4 1248
5 1325
6 1249
7 1106
8 1325
9 1249
10 1248
11 1248
12 1248
13 1249
14 1249
15 1325
16 1249
17 1248
18 1325
19 1608
20 1177
21 1607
22 1177
23 1608
24 1607
25 1177
26 1607
27 1607
28 1607
29 1607
30 1607
31 1606
65536 1254
65537 1249
65538 1249
65539 1249
65540 1249
65541 1177
65542 1466
65543 1248
65544 1176
65545 1248
65546 1247
65547 1247
65548 1248
65549 1248
65550 1247
65551 1177
65552 1323
65553 1394
65554 1323
65555 1247
65556 1324
65557 1325
65558 1177
65559 1177
65560 1104
65561 1321
65562 1177
65563 1104
65564 1322
65565 1033
65566 1104
65567 1175
131072 1110
131073 1106
131074 1106
131075 1248
131076 1248
131077 1177
131078 1249
131079 239
131080 239
131081 239
131082 239
131083 239
131084 239
131085 239
131086 239
131087 239
131088 239
131089 239
131090 239
131091 239
131092 239
131093 239
131094 239
131095 239
131096 239
131097 239
131098 239
131099 239
131100 239
131101 239
131102 239
131103 239
kernel_count 12565
