0 1182
1 1030
2 739
3 1177
4 1106
5 1248
6 1106
7 1247
8 1248
9 1248
10 1248
11 1177
12 1247
13 1248
14 1247
15 1177
16 1248
17 1248
18 1106
19 1248
20 1106
21 1106
22 1322
23 1247
24 1106
25 1177
26 1106
27 1251
28 1247
29 1247
30 1175
31 1173
65536 1110
65537 1248
65538 1248
65539 1176
65540 1393
65541 1106
65542 1248
65543 1248
65544 1248
65545 1177
65546 1177
65547 1177
65548 1176
65549 1248
65550 1177
65551 1177
65552 1177
65553 1177
65554 1177
65555 1177
65556 1106
65557 1393
65558 1393
65559 1321
65560 1252
65561 1248
65562 1246
65563 1248
65564 1248
65565 1392
65566 1247
65567 1247
131072 1182
131073 1246
131074 1177
131075 1247
131076 1248
131077 1248
131078 1248
131079 1248
131080 1176
131081 1106
131082 1248
131083 1248
131084 1248
131085 1248
131086 1177
131087 1177
131088 1177
131089 1248
131090 1105
131091 1247
131092 1177
131093 1394
131094 1321
131095 1321
131096 1247
131097 1104
131098 1034
131099 1247
131100 1247
131101 1247
131102 1247
131103 1247
196608 1254
196609 1248
196610 1247
196611 1248
196612 1177
196613 1177
196614 1248
196615 1176
196616 1467
196617 1393
196618 1177
196619 1392
196620 1248
196621 1248
196622 1248
196623 1322
196624 1246
196625 1105
196626 1247
196627 1247
196628 1175
196629 1105
196630 1176
196631 1247
196632 1176
196633 1105
196634 1247
196635 1176
196636 1247
196637 1176
196638 1246
196639 1175
262144 748
262145 747
262146 746
262147 747
262148 747
262149 1035
262150 1177
262151 1176
262152 1177
262153 1248
262154 1248
262155 1248
262156 1248
262157 1248
262158 1106
262159 1106
262160 1248
262161 1248
262162 1247
262163 1322
262164 1247
262165 1105
262166 1176
262167 1175
262168 1176
262169 1247
262170 1247
262171 1247
262172 1247
262173 1176
262174 1247
262175 1245
327680 1110
327681 746
327682 1247
327683 1247
327684 1247
327685 1247
327686 1246
327687 1247
327688 1176
327689 1247
327690 1247
327691 1247
327692 1247
327693 1247
327694 1247
327695 1176
327696 1247
327697 1247
327698 1247
327699 1176
327700 1176
327701 1176
327702 1176
327703 1175
327704 1104
327705 1175
327706 1105
327707 1246
327708 1246
327709 1176
327710 1246
327711 1247
393216 1254
393217 1249
393218 1248
393219 1248
393220 1105
393221 1248
393222 1249
393223 1176
393224 1249
393225 1249
393226 1248
393227 1249
393228 1249
393229 1249
393230 959
393231 1395
393232 1395
393233 1249
393234 1177
393235 1176
393236 1468
393237 1467
393238 1247
393239 1249
393240 1177
393241 1392
393242 1175
393243 1177
393244 1177
393245 1321
393246 1246
393247 1246
458752 1110
458753 1248
458754 1176
458755 1248
458756 1247
458757 1250
458758 1251
458759 1248
458760 1246
458761 1248
458762 1176
458763 1248
458764 1248
458765 1248
458766 1106
458767 1248
458768 1248
458769 1247
458770 1248
458771 1248
458772 1247
458773 1245
458774 1245
458775 1247
458776 1321
458777 1248
458778 1177
458779 1248
458780 1322
458781 1247
458782 1176
458783 1247
524288 1182
524289 1177
524290 1324
524291 1177
524292 1253
524293 1248
524294 1177
524295 1324
524296 1030
524297 1247
524298 1248
524299 1253
524300 1253
524301 1323
524302 1323
524303 1248
524304 1177
524305 1248
524306 1537
524307 1323
524308 1538
524309 1175
524310 1247
524311 1246
524312 1176
524313 1247
524314 1247
524315 1175
524316 1175
524317 1246
524318 1175
524319 1175
589824 1182
589825 1177
589826 1176
589827 1464
589828 1249
589829 1177
589830 1464
589831 1248
589832 1176
589833 1029
589834 1392
589835 1247
589836 1247
589837 1247
589838 1176
589839 1176
589840 1176
589841 1176
589842 1176
589843 1246
589844 1247
589845 1247
589846 1029
589847 1247
589848 1175
589849 1247
589850 1247
589851 1030
589852 1030
589853 1247
589854 1247
589855 1247
655360 748
655361 748
655362 748
655363 964
655364 1466
655365 1107
655366 1178
655367 1178
655368 1107
655369 1249
655370 1249
655371 1249
655372 1249
655373 1249
655374 1177
655375 1178
655376 1107
655377 1107
655378 1177
655379 1178
655380 1323
655381 1248
655382 1247
655383 1177
655384 1248
655385 1248
655386 1248
655387 1176
655388 1105
655389 239
655390 239
655391 239
kernel_count 55188
