0 1254
1 1249
2 1249
3 1249
4 1177
5 1249
6 1248
7 1177
8 1249
9 1249
10 1249
11 1249
12 1248
13 1249
14 1248
15 1106
16 1249
17 1249
18 1249
19 1249
20 1249
21 1464
22 1177
23 1249
24 1464
25 1248
26 1249
27 1249
28 1249
29 1464
30 1105
31 1247
65536 824
65537 1249
65538 1249
65539 1249
65540 1177
65541 1177
65542 1106
65543 1399
65544 1399
65545 1249
65546 1249
65547 1249
65548 1176
65549 1178
65550 1178
65551 1178
65552 1178
65553 1176
65554 1106
65555 1537
65556 1106
65557 1249
65558 1466
65559 1106
65560 1249
65561 1466
65562 1249
65563 1537
65564 1248
65565 1248
65566 1177
65567 1464
131072 1258
131073 1249
131074 1249
131075 1177
131076 1249
131077 1178
131078 1249
131079 1249
131080 1393
131081 1393
131082 1177
131083 1248
131084 1248
131085 1248
131086 1248
131087 1106
131088 1248
131089 1177
131090 239
131091 239
131092 239
131093 239
131094 239
131095 239
131096 239
131097 239
131098 239
131099 239
131100 239
131101 239
131102 239
131103 239
kernel_count 13763
