0 1253
1 1177
2 1248
3 1248
4 1106
5 1248
6 1248
7 1247
8 1176
9 1321
10 1322
11 1322
12 1247
13 1247
14 1176
15 1176
16 1176
17 1034
18 1176
19 1034
20 1176
21 1176
22 1176
23 1029
24 1105
25 1176
26 1034
27 1176
28 1105
29 1176
30 1105
31 1247
65536 1405
65537 1177
65538 1463
65539 1176
65540 1247
65541 1248
65542 1248
65543 1248
65544 1248
65545 1248
65546 1248
65547 1248
65548 1248
65549 1248
65550 1177
65551 1247
65552 1391
65553 1247
65554 1391
65555 1247
65556 1247
65557 1248
65558 891
65559 1247
65560 1176
65561 1391
65562 1391
65563 1247
65564 1176
65565 1247
65566 1247
65567 1247
131072 1254
131073 1249
131074 1106
131075 1248
131076 1249
131077 1249
131078 1105
131079 1249
131080 1105
131081 1249
131082 1249
131083 1106
131084 1249
131085 1248
131086 1248
131087 1176
131088 1177
131089 1176
131090 1177
131091 1249
131092 1248
131093 1249
131094 1176
131095 1249
131096 1249
131097 1247
131098 1462
131099 1464
131100 1392
131101 1106
131102 1177
131103 1319
196608 824
196609 1177
196610 1177
196611 1177
196612 1248
196613 1177
196614 1247
196615 1247
196616 1248
196617 1248
196618 1248
196619 1248
196620 1248
196621 1248
196622 1248
196623 1248
196624 1248
196625 1248
196626 1248
196627 1248
196628 1248
196629 1248
196630 1248
196631 1248
196632 1105
196633 1248
196634 1248
196635 1106
196636 1322
196637 1247
196638 1321
196639 1321
262144 747
262145 1177
262146 1249
262147 1249
262148 1248
262149 1106
262150 1464
262151 1247
262152 1246
262153 1176
262154 1176
262155 1104
262156 1105
262157 1105
262158 1105
262159 1105
262160 1105
262161 1105
262162 1247
262163 1247
262164 1246
262165 1033
262166 1033
262167 1176
262168 1175
262169 1175
262170 1247
262171 1247
262172 1246
262173 1176
262174 1247
262175 1175
327680 1182
327681 1177
327682 1248
327683 1247
327684 1177
327685 1248
327686 1248
327687 1248
327688 1393
327689 1247
327690 1176
327691 1177
327692 1248
327693 1248
327694 1248
327695 1248
327696 1106
327697 1248
327698 1248
327699 1247
327700 1393
327701 1322
327702 1247
327703 1247
327704 1247
327705 1246
327706 1247
327707 1176
327708 1105
327709 1247
327710 1176
327711 1247
393216 1254
393217 1249
393218 1106
393219 1249
393220 1249
393221 1249
393222 1249
393223 1249
393224 1249
393225 1249
393226 1249
393227 1249
393228 1249
393229 1249
393230 1324
393231 1323
393232 1177
393233 1249
393234 1464
393235 1248
393236 1248
393237 1177
393238 1248
393239 1248
393240 1248
393241 1247
393242 1392
393243 1175
393244 1104
393245 1247
393246 1247
393247 1103
458752 1254
458753 1248
458754 1248
458755 1248
458756 1104
458757 1248
458758 1248
458759 1322
458760 1176
458761 1247
458762 1246
458763 1248
458764 1105
458765 1248
458766 1247
458767 1248
458768 1248
458769 1248
458770 1248
458771 1247
458772 1322
458773 1106
458774 1248
458775 1247
458776 1248
458777 1322
458778 1247
458779 1247
458780 1248
458781 1322
458782 1246
458783 1246
524288 1181
524289 1177
524290 1177
524291 1248
524292 1248
524293 1248
524294 1247
524295 1176
524296 1248
524297 1248
524298 1247
524299 1247
524300 1247
524301 1247
524302 1247
524303 1320
524304 1321
524305 1322
524306 1247
524307 1248
524308 1251
524309 1248
524310 1321
524311 1247
524312 1174
524313 1247
524314 1247
524315 1105
524316 1247
524317 1247
524318 1247
524319 1247
589824 748
589825 1322
589826 1176
589827 1177
589828 1247
589829 1246
589830 1248
589831 1176
589832 1248
589833 1391
589834 1177
589835 1392
589836 1176
589837 1248
589838 1177
589839 1247
589840 1248
589841 1248
589842 1034
589843 1246
589844 1248
589845 1247
589846 1251
589847 1246
589848 1322
589849 1175
589850 1105
589851 1247
589852 1247
589853 1247
589854 1247
589855 1247
655360 1328
655361 1035
655362 747
655363 747
655364 747
655365 747
655366 1322
655367 1106
655368 1249
655369 1395
655370 1394
655371 1176
655372 1176
655373 1176
655374 1176
655375 1399
655376 1612
655377 1248
655378 1248
655379 1106
655380 1106
655381 1177
655382 1248
655383 1248
655384 1248
655385 1177
655386 1248
655387 1392
655388 1176
655389 1246
655390 1247
655391 1175
720896 1254
720897 1250
720898 1254
720899 1250
720900 1250
720901 1178
720902 1107
720903 1680
720904 1177
720905 1178
720906 1250
720907 1249
720908 1249
720909 1465
720910 1465
720911 1247
720912 239
720913 239
720914 239
720915 239
720916 239
720917 239
720918 239
720919 239
720920 239
720921 239
720922 239
720923 239
720924 239
720925 239
720926 239
720927 239
kernel_count 59227
