0 961
1 1322
2 1322
3 1248
4 1248
5 1247
6 1177
7 1247
8 1177
9 1106
10 1177
11 1248
12 1177
13 1248
14 1248
15 1248
16 1248
17 1248
18 1248
19 1248
20 1248
21 1248
22 1248
23 1248
24 1248
25 1180
26 1322
27 1246
28 1029
29 1105
30 1176
31 1247
65536 1254
65537 1175
65538 1175
65539 1323
65540 1323
65541 1248
65542 1248
65543 1248
65544 1177
65545 1177
65546 1177
65547 1177
65548 1177
65549 1177
65550 1177
65551 1106
65552 1393
65553 1394
65554 1251
65555 1247
65556 1247
65557 1247
65558 1247
65559 1247
65560 1175
65561 1030
65562 1247
65563 1176
65564 1247
65565 1247
65566 1105
65567 1246
131072 1109
131073 1030
131074 1030
131075 1030
131076 1247
131077 1247
131078 1247
131079 1247
131080 1247
131081 1247
131082 1247
131083 1247
131084 1247
131085 1174
131086 1105
131087 1247
131088 1246
131089 1030
131090 1176
131091 1247
131092 1176
131093 1176
131094 1176
131095 1176
131096 1246
131097 1247
131098 1105
131099 1105
131100 1247
131101 1246
131102 1247
131103 1175
196608 748
196609 1177
196610 1252
196611 1252
196612 1177
196613 1392
196614 1247
196615 1176
196616 1247
196617 1246
196618 1246
196619 1247
196620 1246
196621 1175
196622 1247
196623 1175
196624 891
196625 891
196626 1176
196627 1105
196628 1247
196629 1176
196630 1176
196631 1246
196632 1247
196633 1246
196634 1247
196635 1246
196636 1176
196637 1247
196638 1247
196639 1247
262144 1254
262145 1392
262146 1176
262147 1246
262148 1247
262149 1245
262150 1176
262151 1176
262152 1247
262153 1176
262154 1176
262155 1246
262156 1247
262157 1174
262158 1105
262159 1176
262160 1175
262161 1175
262162 1175
262163 1176
262164 1176
262165 1247
262166 1246
262167 1247
262168 1246
262169 1246
262170 1247
262171 1247
262172 1247
262173 1176
262174 1175
262175 1103
327680 1181
327681 1248
327682 1323
327683 1249
327684 1106
327685 1249
327686 1249
327687 1249
327688 1106
327689 1249
327690 1175
327691 1249
327692 1249
327693 1249
327694 1249
327695 1247
327696 1247
327697 1247
327698 1248
327699 1248
327700 1248
327701 1249
327702 1177
327703 1249
327704 1323
327705 1247
327706 1465
327707 1322
327708 1246
327709 1175
327710 1245
327711 1246
393216 1182
393217 1250
393218 1249
393219 1324
393220 1611
393221 1250
393222 1608
393223 1248
393224 1248
393225 1177
393226 1248
393227 1248
393228 1248
393229 1177
393230 1176
393231 1248
393232 1248
393233 1247
393234 1177
393235 1246
393236 1248
393237 1248
393238 1106
393239 1105
393240 1105
393241 1248
393242 1176
393243 1177
393244 1248
393245 1249
393246 239
393247 239
kernel_count 35257
