0 1254
1 1249
2 1249
3 1248
4 1249
5 1249
6 1177
7 1177
8 1249
9 1249
10 1249
11 1249
12 1177
13 1177
14 1249
15 1178
16 1178
17 1248
18 1249
19 1249
20 1249
21 1249
22 1249
23 1177
24 1249
25 1249
26 1249
27 1249
28 1177
29 1177
30 1464
31 1247
65536 1253
65537 1247
65538 1246
65539 1246
65540 1246
65541 1176
65542 1175
65543 1175
65544 1247
65545 1175
65546 1175
65547 1175
65548 1175
65549 1247
65550 1175
65551 1175
65552 1175
65553 1176
65554 962
65555 962
65556 1247
65557 1247
65558 1246
65559 1247
65560 1247
65561 1246
65562 1247
65563 1105
65564 1176
65565 1247
65566 1246
65567 1245
131072 965
131073 1106
131074 1249
131075 1249
131076 1181
131077 1323
131078 1248
131079 1249
131080 1394
131081 1394
131082 1324
131083 1177
131084 963
131085 1252
131086 1177
131087 1176
131088 1176
131089 1252
131090 1465
131091 1465
131092 1248
131093 1176
131094 1177
131095 1177
131096 1177
131097 1177
131098 1176
131099 1248
131100 1246
131101 1322
131102 1176
131103 1246
196608 748
196609 1106
196610 747
196611 1106
196612 1106
196613 1248
196614 1395
196615 1247
196616 1247
196617 1247
196618 1247
196619 1247
196620 1247
196621 1247
196622 1177
196623 1247
196624 1248
196625 1253
196626 1253
196627 1252
196628 1248
196629 1247
196630 1248
196631 1177
196632 1467
196633 1177
196634 1246
196635 1246
196636 1247
196637 1251
196638 1176
196639 1246
262144 1254
262145 1035
262146 1249
262147 1249
262148 1176
262149 1324
262150 1324
262151 1249
262152 1249
262153 1175
262154 1249
262155 1106
262156 1249
262157 1249
262158 1249
262159 1248
262160 1249
262161 1249
262162 1177
262163 1249
262164 1105
262165 1468
262166 1177
262167 1249
262168 1249
262169 1249
262170 1105
262171 1468
262172 1176
262173 1247
262174 1247
262175 1247
327680 1255
327681 239
327682 239
327683 239
327684 239
327685 239
327686 239
327687 239
327688 239
327689 239
327690 239
327691 239
327692 239
327693 239
327694 239
327695 239
327696 239
327697 239
327698 239
327699 239
327700 239
327701 239
327702 239
327703 239
327704 239
327705 239
327706 239
327707 239
327708 239
327709 239
327710 239
327711 239
kernel_count 26430
