0 1253
1 1104
2 1103
3 1174
4 1176
5 1247
6 1176
7 1176
8 1247
9 1247
10 1176
11 1247
12 1246
13 1103
14 1174
15 1175
16 1247
17 1247
18 1176
19 1176
20 1247
21 1176
22 1105
23 1246
24 1104
25 1103
26 1174
27 1247
28 1105
29 1246
30 1104
31 1102
65536 1254
65537 1248
65538 1248
65539 1175
65540 1248
65541 1248
65542 1248
65543 1248
65544 1248
65545 1176
65546 1176
65547 1248
65548 1248
65549 1248
65550 1246
65551 1248
65552 1248
65553 1248
65554 1247
65555 1029
65556 1177
65557 1177
65558 1106
65559 1106
65560 1248
65561 1322
65562 1322
65563 1247
65564 1174
65565 1174
65566 1174
65567 1174
131072 1254
131073 1177
131074 1249
131075 1176
131076 1465
131077 1178
131078 1249
131079 1177
131080 1106
131081 1608
131082 1175
131083 1247
131084 1247
131085 1176
131086 1247
131087 1247
131088 1247
131089 1247
131090 1176
131091 1176
131092 1246
131093 1246
131094 1244
131095 1244
131096 1245
131097 1175
131098 1176
131099 1246
131100 1246
131101 1103
131102 1102
131103 1103
196608 747
196609 746
196610 1249
196611 1106
196612 1249
196613 1105
196614 1248
196615 1249
196616 1249
196617 1249
196618 1106
196619 1465
196620 1465
196621 1249
196622 1249
196623 1249
196624 1249
196625 1324
196626 1248
196627 1464
196628 1248
196629 1248
196630 1248
196631 1247
196632 1248
196633 1176
196634 1248
196635 1248
196636 1392
196637 1248
196638 1248
196639 1392
262144 748
262145 747
262146 822
262147 747
262148 1394
262149 1393
262150 1393
262151 1323
262152 1177
262153 1176
262154 1323
262155 1176
262156 1323
262157 1177
262158 1176
262159 1323
262160 1105
262161 1177
262162 1177
262163 1391
262164 1247
262165 1248
262166 1030
262167 1392
262168 1176
262169 1246
262170 1176
262171 1105
262172 1176
262173 1247
262174 1175
262175 1175
327680 1254
327681 1249
327682 1248
327683 1249
327684 1249
327685 1176
327686 1177
327687 1178
327688 1323
327689 1249
327690 1177
327691 1106
327692 1253
327693 1398
327694 1324
327695 1250
327696 1177
327697 1105
327698 1249
327699 1463
327700 1176
327701 1249
327702 1463
327703 1104
327704 1249
327705 1249
327706 1464
327707 1392
327708 1248
327709 1177
327710 1392
327711 1392
393216 1182
393217 1106
393218 1249
393219 1248
393220 1106
393221 1177
393222 1249
393223 1248
393224 1249
393225 1106
393226 1249
393227 1249
393228 1177
393229 1249
393230 1106
393231 1177
393232 1030
393233 1177
393234 1466
393235 1324
393236 1181
393237 959
393238 1249
393239 1249
393240 1464
393241 1393
393242 1177
393243 1249
393244 1176
393245 1464
393246 1103
393247 1103
458752 748
458753 1395
458754 1177
458755 1177
458756 1395
458757 1465
458758 1324
458759 1324
458760 1248
458761 1176
458762 1248
458763 1248
458764 1248
458765 1248
458766 1248
458767 1248
458768 1248
458769 1248
458770 1177
458771 1247
458772 1466
458773 1247
458774 1247
458775 1176
458776 1176
458777 1247
458778 1176
458779 1246
458780 1244
458781 1244
458782 1244
458783 1244
524288 1110
524289 1249
524290 1249
524291 1248
524292 1247
524293 1248
524294 1177
524295 1177
524296 1177
524297 1176
524298 1248
524299 1177
524300 1177
524301 1249
524302 1394
524303 1464
524304 1247
524305 1248
524306 1465
524307 1247
524308 1105
524309 1106
524310 1106
524311 1322
524312 1322
524313 1248
524314 1177
524315 1248
524316 1248
524317 1323
524318 1391
524319 1101
589824 1546
589825 1106
589826 1248
589827 1106
589828 1248
589829 1322
589830 1251
589831 1106
589832 1177
589833 1250
589834 1248
589835 1247
589836 1248
589837 1106
589838 1033
589839 1177
589840 1248
589841 1247
589842 1247
589843 1322
589844 1105
589845 1248
589846 1177
589847 1248
589848 1176
589849 1247
589850 1248
589851 1248
589852 1248
589853 1247
589854 1321
589855 1174
655360 1400
655361 746
655362 1106
655363 1247
655364 1030
655365 747
655366 747
655367 747
655368 747
655369 1249
655370 1248
655371 1249
655372 1106
655373 1105
655374 1176
655375 1393
655376 1393
655377 1248
655378 1177
655379 1249
655380 1463
655381 1106
655382 1249
655383 1249
655384 1464
655385 1248
655386 1029
655387 1463
655388 1464
655389 1246
655390 1246
655391 1247
720896 748
720897 1393
720898 1393
720899 1394
720900 239
720901 239
720902 239
720903 239
720904 239
720905 239
720906 239
720907 239
720908 239
720909 239
720910 239
720911 239
720912 239
720913 239
720914 239
720915 239
720916 239
720917 239
720918 239
720919 239
720920 239
720921 239
720922 239
720923 239
720924 239
720925 239
720926 239
720927 239
kernel_count 57301
