0 1252
1 1321
2 1246
3 1321
4 1247
5 1248
6 1248
7 1248
8 1248
9 1248
10 1247
11 1393
12 1393
13 1248
14 1248
15 1248
16 1248
17 1248
18 1248
19 1247
20 1393
21 1393
22 1248
23 1320
24 1246
25 1320
26 1246
27 1247
28 1247
29 1247
30 1247
31 1247
65536 748
65537 1105
65538 1247
65539 1247
65540 1175
65541 1246
65542 1247
65543 1247
65544 1246
65545 1247
65546 1247
65547 1247
65548 1173
65549 1247
65550 1246
65551 1247
65552 1247
65553 1247
65554 1247
65555 1246
65556 1247
65557 1247
65558 1176
65559 1247
65560 1247
65561 1246
65562 1247
65563 1247
65564 1246
65565 1247
65566 1247
65567 1246
131072 748
131073 1247
131074 1247
131075 1248
131076 1248
131077 1248
131078 1248
131079 1248
131080 1248
131081 1177
131082 1176
131083 1248
131084 1248
131085 1392
131086 1247
131087 1176
131088 1105
131089 1245
131090 1245
131091 1174
131092 1247
131093 1246
131094 1245
131095 1247
131096 1246
131097 1034
131098 1247
131099 1247
131100 1246
131101 1246
131102 1247
131103 1247
196608 1401
196609 1392
196610 1247
196611 1247
196612 1246
196613 1246
196614 1248
196615 1394
196616 1248
196617 1394
196618 1247
196619 1394
196620 1392
196621 1247
196622 1247
196623 1246
196624 1246
196625 1177
196626 1394
196627 1322
196628 1396
196629 1247
196630 1247
196631 1248
196632 1321
196633 1322
196634 1247
196635 1247
196636 1247
196637 1104
196638 1246
196639 1246
262144 1182
262145 1248
262146 1176
262147 1246
262148 1177
262149 1177
262150 1176
262151 1177
262152 1177
262153 1176
262154 1248
262155 1247
262156 1248
262157 1177
262158 1248
262159 1176
262160 1247
262161 1175
262162 1174
262163 1248
262164 1396
262165 1396
262166 1396
262167 1322
262168 1247
262169 1177
262170 1177
262171 1104
262172 1250
262173 1105
262174 1175
262175 1103
327680 1182
327681 1105
327682 1105
327683 1176
327684 1176
327685 1105
327686 1104
327687 1033
327688 1033
327689 1033
327690 1033
327691 1033
327692 1033
327693 891
327694 1105
327695 1247
327696 1105
327697 1033
327698 1247
327699 1176
327700 1247
327701 1176
327702 1247
327703 1176
327704 1247
327705 1176
327706 1247
327707 1247
327708 1176
327709 1246
327710 1105
327711 1245
393216 1034
393217 1323
393218 1106
393219 1323
393220 1399
393221 1106
393222 1177
393223 1395
393224 1249
393225 1249
393226 1249
393227 1249
393228 1106
393229 1249
393230 1466
393231 1106
393232 1466
393233 1105
393234 1176
393235 1246
393236 1247
393237 1175
393238 1247
393239 1030
393240 1176
393241 1247
393242 1175
393243 1247
393244 1176
393245 1176
393246 1247
393247 1247
458752 1182
458753 1249
458754 1248
458755 1176
458756 1106
458757 1248
458758 1249
458759 1106
458760 1248
458761 1248
458762 1249
458763 1177
458764 1177
458765 1466
458766 1466
458767 1248
458768 1106
458769 1176
458770 1466
458771 1176
458772 1177
458773 1466
458774 1248
458775 1248
458776 1106
458777 1392
458778 1392
458779 1246
458780 1247
458781 1176
458782 1247
458783 1247
524288 1254
524289 1247
524290 1248
524291 1246
524292 1176
524293 1177
524294 1177
524295 1467
524296 1177
524297 1248
524298 1396
524299 1248
524300 1248
524301 1248
524302 1248
524303 1105
524304 1032
524305 1176
524306 1105
524307 1247
524308 1320
524309 1320
524310 1176
524311 1247
524312 1246
524313 1032
524314 1032
524315 1247
524316 1176
524317 1247
524318 1176
524319 1247
589824 1110
589825 1035
589826 1248
589827 1248
589828 1323
589829 1248
589830 1323
589831 1248
589832 1248
589833 1322
589834 1248
589835 1106
589836 1248
589837 1177
589838 1252
589839 1322
589840 1248
589841 1393
589842 1322
589843 1244
589844 1176
589845 1105
589846 1247
589847 1247
589848 1246
589849 1246
589850 1246
589851 1247
589852 1247
589853 1246
589854 1174
589855 812
655360 1034
655361 1176
655362 1467
655363 1249
655364 1466
655365 1395
655366 1106
655367 1106
655368 1177
655369 1325
655370 1249
655371 1248
655372 1176
655373 1177
655374 1178
655375 1395
655376 1395
655377 1030
655378 1394
655379 1177
655380 1249
655381 1249
655382 1249
655383 1249
655384 1177
655385 1177
655386 1106
655387 1177
655388 1030
655389 1609
655390 1248
655391 1320
720896 1182
720897 1397
720898 1248
720899 1104
720900 239
720901 239
720902 239
720903 239
720904 239
720905 239
720906 239
720907 239
720908 239
720909 239
720910 239
720911 239
720912 239
720913 239
720914 239
720915 239
720916 239
720917 239
720918 239
720919 239
720920 239
720921 239
720922 239
720923 239
720924 239
720925 239
720926 239
720927 239
kernel_count 57737
