0 1182
1 1247
2 1247
3 1247
4 1105
5 1247
6 1247
7 1247
8 1105
9 1247
10 1176
11 1246
12 1247
13 1105
14 1247
15 1030
16 1247
17 1247
18 958
19 1247
20 1247
21 1247
22 1247
23 1246
24 1247
25 1247
26 1247
27 1176
28 1176
29 1105
30 1247
31 1247
65536 1037
65537 745
65538 746
65539 1033
65540 746
65541 746
65542 1033
65543 746
65544 1176
65545 1176
65546 1176
65547 1247
65548 1176
65549 1247
65550 1247
65551 1176
65552 1247
65553 1247
65554 1246
65555 1247
65556 1247
65557 1247
65558 1247
65559 1105
65560 1247
65561 1247
65562 1176
65563 1176
65564 1105
65565 1105
65566 1176
65567 1247
131072 1037
131073 1249
131074 1249
131075 1249
131076 1249
131077 1249
131078 1106
131079 1106
131080 1106
131081 1106
131082 1106
131083 1322
131084 1249
131085 1394
131086 1106
131087 1106
131088 1177
131089 1249
131090 1249
131091 1177
131092 1106
131093 1249
131094 1249
131095 1249
131096 1177
131097 1176
131098 1248
131099 1249
131100 1608
131101 1247
131102 1247
131103 1175
196608 1182
196609 1324
196610 1109
196611 1252
196612 1324
196613 1106
196614 1249
196615 1249
196616 1177
196617 1178
196618 1324
196619 1249
196620 1249
196621 1248
196622 1248
196623 1249
196624 1464
196625 1246
196626 1247
196627 1247
196628 1247
196629 1247
196630 1105
196631 1247
196632 1247
196633 1247
196634 1247
196635 1247
196636 1176
196637 1247
196638 1176
196639 1247
262144 1181
262145 1247
262146 1176
262147 1176
262148 1247
262149 1174
262150 1249
262151 1249
262152 1177
262153 1249
262154 1105
262155 1028
262156 1176
262157 1249
262158 1177
262159 1249
262160 1325
262161 1325
262162 1469
262163 1247
262164 1177
262165 1248
262166 1248
262167 1392
262168 1246
262169 1176
262170 1245
262171 1247
262172 1246
262173 1246
262174 1103
262175 1173
327680 1181
327681 1247
327682 1247
327683 1247
327684 1248
327685 1248
327686 1177
327687 1248
327688 1248
327689 1247
327690 1177
327691 1248
327692 1248
327693 1248
327694 1253
327695 1466
327696 1247
327697 1247
327698 1174
327699 1247
327700 1247
327701 1175
327702 1246
327703 1246
327704 1246
327705 1246
327706 1175
327707 1247
327708 1174
327709 1176
327710 1247
327711 1247
393216 1257
393217 1177
393218 1251
393219 1247
393220 1321
393221 1247
393222 1247
393223 1246
393224 1247
393225 1176
393226 1175
393227 1176
393228 1247
393229 1247
393230 1247
393231 1247
393232 1176
393233 1175
393234 1247
393235 1247
393236 1176
393237 1246
393238 1247
393239 1245
393240 1176
393241 1247
393242 1247
393243 1247
393244 1247
393245 1246
393246 1247
393247 1245
458752 1037
458753 1395
458754 1464
458755 1248
458756 1391
458757 1247
458758 1247
458759 1104
458760 1034
458761 1245
458762 1246
458763 1105
458764 1105
458765 1105
458766 1105
458767 1246
458768 1246
458769 1105
458770 1105
458771 1176
458772 1247
458773 1176
458774 1105
458775 1176
458776 1247
458777 1105
458778 1176
458779 1032
458780 1247
458781 1105
458782 1247
458783 1102
524288 1182
524289 1249
524290 1177
524291 1178
524292 1249
524293 1248
524294 1249
524295 1324
524296 1106
524297 1177
524298 1248
524299 1249
524300 1249
524301 1249
524302 1249
524303 1249
524304 1464
524305 1465
524306 1106
524307 1323
524308 1394
524309 1252
524310 1248
524311 1248
524312 1248
524313 1322
524314 1029
524315 1322
524316 1248
524317 1392
524318 1175
524319 1103
589824 1106
589825 239
589826 239
589827 239
589828 239
589829 239
589830 239
589831 239
589832 239
589833 239
589834 239
589835 239
589836 239
589837 239
589838 239
589839 239
589840 239
589841 239
589842 239
589843 239
589844 239
589845 239
589846 239
589847 239
589848 239
589849 239
589850 239
589851 239
589852 239
589853 239
589854 239
589855 239
kernel_count 46355
