0 1110
1 1174
2 1247
3 1247
4 1174
5 1176
6 1247
7 1104
8 1105
9 1104
10 1105
11 1104
12 1246
13 1247
14 1246
15 1247
16 1247
17 1029
18 1246
19 1247
20 1246
21 1030
22 1247
23 1245
24 1247
25 1030
26 1246
27 1247
28 1246
29 1246
30 1247
31 1246
65536 748
65537 1106
65538 1106
65539 1248
65540 1248
65541 1248
65542 1248
65543 1035
65544 1035
65545 1035
65546 1322
65547 1177
65548 1175
65549 1248
65550 1248
65551 1247
65552 1247
65553 1106
65554 1176
65555 1247
65556 1176
65557 1105
65558 1247
65559 1247
65560 1176
65561 1106
65562 1177
65563 1248
65564 1248
65565 1248
65566 1248
65567 1322
131072 1258
131073 1395
131074 1249
131075 1177
131076 1395
131077 1177
131078 1248
131079 1249
131080 1176
131081 1106
131082 1467
131083 1106
131084 1467
131085 1248
131086 1106
131087 1248
131088 1325
131089 1679
131090 1679
131091 1247
131092 1247
131093 1247
131094 1247
131095 1247
131096 1247
131097 1176
131098 1245
131099 1247
131100 1247
131101 1174
131102 1247
131103 1247
196608 966
196609 1106
196610 1034
196611 1034
196612 1248
196613 1249
196614 1249
196615 1249
196616 1323
196617 1249
196618 1249
196619 1249
196620 1175
196621 1176
196622 1249
196623 1249
196624 1249
196625 1249
196626 1248
196627 1249
196628 1249
196629 1248
196630 1248
196631 1249
196632 1249
196633 1394
196634 1394
196635 1176
196636 1247
196637 1247
196638 1174
196639 1103
262144 1181
262145 1177
262146 1177
262147 1249
262148 1106
262149 1106
262150 1249
262151 1249
262152 1249
262153 1177
262154 1394
262155 1249
262156 1106
262157 1324
262158 1249
262159 1249
262160 1249
262161 1249
262162 1248
262163 1248
262164 1249
262165 1464
262166 1105
262167 1247
262168 1246
262169 1245
262170 1247
262171 1247
262172 1175
262173 1171
262174 1171
262175 1171
327680 747
327681 1247
327682 1247
327683 1175
327684 1105
327685 1176
327686 1247
327687 1246
327688 1105
327689 1105
327690 1105
327691 1247
327692 1176
327693 1176
327694 1176
327695 1246
327696 1246
327697 1247
327698 1247
327699 1030
327700 1247
327701 1247
327702 1246
327703 1176
327704 1176
327705 1247
327706 1246
327707 1247
327708 1247
327709 1176
327710 1247
327711 1247
393216 1254
393217 1248
393218 1248
393219 1249
393220 1248
393221 1249
393222 1249
393223 1394
393224 1248
393225 1248
393226 1322
393227 1247
393228 1247
393229 1247
393230 1030
393231 1246
393232 1246
393233 1246
393234 1246
393235 1105
393236 1246
393237 1246
393238 1246
393239 1247
393240 1246
393241 1247
393242 1247
393243 1175
393244 1247
393245 1247
393246 1247
393247 1175
458752 1254
458753 1247
458754 1248
458755 1106
458756 1247
458757 1247
458758 1247
458759 1247
458760 1177
458761 1247
458762 1248
458763 1248
458764 1177
458765 1394
458766 1177
458767 1394
458768 1466
458769 1177
458770 1395
458771 1176
458772 1175
458773 1175
458774 1176
458775 1104
458776 1104
458777 1104
458778 1104
458779 1176
458780 1247
458781 1247
458782 1175
458783 1030
524288 1181
524289 1250
524290 1107
524291 1179
524292 1250
524293 1465
524294 1465
524295 1249
524296 1393
524297 1248
524298 1176
524299 1106
524300 1247
524301 1248
524302 1106
524303 1177
524304 1106
524305 1177
524306 1248
524307 1248
524308 1248
524309 1177
524310 1247
524311 1247
524312 1247
524313 1248
524314 1248
524315 1248
524316 1177
524317 1248
524318 741
524319 239
kernel_count 45612
