0 1181
1 1176
2 1247
3 1106
4 1106
5 1177
6 1248
7 1392
8 1246
9 1104
10 1247
11 1247
12 1247
13 1247
14 1247
15 1247
16 1247
17 1247
18 1247
19 1247
20 1105
21 1105
22 1030
23 1030
24 1030
25 1246
26 1246
27 1246
28 1247
29 1247
30 1247
31 1175
65536 1254
65537 1177
65538 959
65539 1035
65540 1105
65541 1249
65542 1248
65543 1249
65544 1106
65545 1248
65546 1248
65547 1248
65548 1248
65549 1394
65550 1248
65551 1035
65552 1249
65553 1249
65554 1249
65555 1177
65556 1249
65557 1249
65558 1249
65559 1249
65560 1249
65561 1324
65562 1324
65563 1464
65564 1248
65565 1248
65566 1248
65567 1322
131072 1254
131073 1249
131074 1249
131075 1249
131076 1176
131077 1176
131078 1249
131079 1248
131080 1249
131081 1249
131082 1177
131083 1177
131084 1177
131085 1249
131086 1248
131087 1249
131088 1178
131089 1395
131090 1395
131091 1249
131092 1249
131093 1323
131094 1106
131095 1249
131096 1249
131097 1249
131098 1178
131099 1248
131100 1249
131101 1537
131102 1104
131103 1175
196608 1182
196609 1248
196610 1177
196611 1177
196612 1175
196613 1247
196614 1177
196615 1248
196616 1245
196617 1176
196618 1245
196619 1176
196620 1251
196621 1176
196622 1177
196623 1251
196624 1176
196625 1106
196626 1247
196627 1247
196628 1248
196629 1248
196630 1175
196631 1247
196632 1248
196633 1248
196634 1176
196635 1177
196636 1248
196637 1176
196638 1176
196639 1250
262144 1186
262145 1248
262146 1177
262147 1176
262148 1176
262149 1248
262150 1177
262151 1248
262152 1248
262153 1248
262154 1176
262155 1248
262156 1248
262157 1248
262158 1176
262159 1177
262160 1177
262161 1176
262162 1175
262163 1248
262164 1177
262165 1392
262166 1247
262167 1248
262168 1248
262169 1247
262170 1248
262171 1177
262172 1392
262173 1247
262174 1176
262175 1247
327680 1254
327681 1176
327682 1246
327683 1175
327684 1247
327685 1176
327686 1176
327687 1247
327688 1247
327689 1246
327690 1247
327691 1247
327692 1247
327693 1176
327694 1247
327695 1246
327696 1247
327697 1176
327698 1247
327699 1247
327700 1105
327701 1174
327702 1174
327703 1105
327704 1176
327705 1175
327706 1176
327707 1247
327708 1247
327709 1247
327710 1247
327711 1246
393216 1401
393217 1106
393218 746
393219 1248
393220 1248
393221 1177
393222 1176
393223 1248
393224 1248
393225 1248
393226 1248
393227 1247
393228 1177
393229 1106
393230 1248
393231 1247
393232 1248
393233 1322
393234 1247
393235 1105
393236 1247
393237 1176
393238 1176
393239 1246
393240 1247
393241 1030
393242 1247
393243 1105
393244 1105
393245 1245
393246 1245
393247 1245
458752 1254
458753 1394
458754 1467
458755 1468
458756 1248
458757 1247
458758 1247
458759 1106
458760 1177
458761 1247
458762 1247
458763 1176
458764 1248
458765 1248
458766 1177
458767 1247
458768 1247
458769 1176
458770 1248
458771 1248
458772 1324
458773 1246
458774 1177
458775 1176
458776 1540
458777 1542
458778 1248
458779 1247
458780 1248
458781 1392
458782 1247
458783 1174
524288 1254
524289 1246
524290 1177
524291 1248
524292 1248
524293 1248
524294 1248
524295 961
524296 961
524297 1177
524298 1248
524299 1248
524300 1247
524301 1247
524302 1320
524303 1246
524304 1247
524305 1391
524306 1245
524307 1245
524308 1247
524309 1175
524310 1175
524311 1247
524312 1175
524313 1176
524314 1105
524315 1105
524316 1174
524317 1176
524318 1246
524319 1246
589824 1181
589825 1106
589826 1177
589827 1177
589828 1246
589829 1248
589830 1247
589831 1247
589832 1248
589833 1246
589834 1248
589835 1106
589836 1322
589837 1246
589838 1176
589839 1247
589840 1247
589841 1247
589842 1247
589843 1247
589844 1246
589845 1246
589846 1247
589847 1176
589848 1175
589849 1246
589850 1032
589851 1105
589852 1176
589853 1247
589854 1175
589855 1247
655360 1329
655361 1323
655362 1323
655363 1323
655364 1248
655365 1177
655366 1248
655367 1248
655368 1248
655369 1247
655370 1176
655371 1106
655372 1392
655373 1247
655374 1247
655375 1248
655376 1248
655377 1247
655378 1248
655379 1248
655380 1106
655381 1106
655382 1104
655383 1392
655384 1248
655385 1321
655386 1247
655387 1105
655388 1034
655389 1034
655390 1105
655391 1247
720896 1182
720897 1178
720898 1250
720899 1250
720900 1396
720901 1474
720902 1178
720903 1250
720904 1464
720905 1248
720906 1248
720907 1248
720908 1248
720909 1248
720910 1248
720911 1248
720912 1105
720913 239
720914 239
720915 239
720916 239
720917 239
720918 239
720919 239
720920 239
720921 239
720922 239
720923 239
720924 239
720925 239
720926 239
720927 239
kernel_count 59325
