0 1182
1 1177
2 1468
3 1177
4 1467
5 1248
6 1177
7 1468
8 1177
9 1468
10 1248
11 1177
12 1467
13 1177
14 1468
15 1248
16 1177
17 1467
18 1249
19 1249
20 1248
21 1249
22 1249
23 1249
24 1541
25 1248
26 1248
27 1247
28 1248
29 1176
30 963
31 1320
65536 1330
65537 1248
65538 1177
65539 1177
65540 1177
65541 1177
65542 1248
65543 1177
65544 1177
65545 1248
65546 1248
65547 1248
65548 1247
65549 1247
65550 1177
65551 1177
65552 1177
65553 1247
65554 1247
65555 1177
65556 1177
65557 1248
65558 1248
65559 1321
65560 1392
65561 1105
65562 1246
65563 1105
65564 1175
65565 1105
65566 1247
65567 1247
131072 1401
131073 1249
131074 1465
131075 1322
131076 1247
131077 1247
131078 1248
131079 1248
131080 1322
131081 1248
131082 1177
131083 1177
131084 1177
131085 1248
131086 1251
131087 1105
131088 1248
131089 1177
131090 1247
131091 1248
131092 1250
131093 1321
131094 1247
131095 1105
131096 1247
131097 1030
131098 1247
131099 1176
131100 1246
131101 1247
131102 1247
131103 1103
196608 1254
196609 1249
196610 1393
196611 1178
196612 1249
196613 1249
196614 1177
196615 1464
196616 1249
196617 1249
196618 1177
196619 1249
196620 1177
196621 1249
196622 1105
196623 1393
196624 1249
196625 1249
196626 1464
196627 1464
196628 1249
196629 1464
196630 1464
196631 1247
196632 1176
196633 1176
196634 1030
196635 1030
196636 1176
196637 1247
196638 1247
196639 1247
262144 1110
262145 1178
262146 1322
262147 1177
262148 1248
262149 1177
262150 1177
262151 1177
262152 1106
262153 1247
262154 1248
262155 1106
262156 1106
262157 1248
262158 1106
262159 1248
262160 1247
262161 1248
262162 1247
262163 1248
262164 1248
262165 1176
262166 1106
262167 1177
262168 1248
262169 1248
262170 1248
262171 1176
262172 1248
262173 1026
262174 239
262175 239
kernel_count 25660
