0 1254
1 1248
2 1248
3 1393
4 1393
5 1393
6 1177
7 1248
8 1248
9 1323
10 1393
11 1393
12 1393
13 1248
14 1248
15 1392
16 1247
17 1247
18 1392
19 1247
20 1248
21 1248
22 1248
23 1394
24 1393
25 1393
26 1177
27 1248
28 1248
29 1393
30 1392
31 1392
65536 748
65537 1034
65538 1248
65539 1396
65540 1325
65541 1247
65542 1176
65543 1247
65544 1177
65545 1248
65546 1248
65547 1248
65548 1248
65549 1248
65550 1248
65551 1177
65552 1034
65553 1177
65554 1177
65555 1177
65556 1248
65557 1247
65558 1177
65559 1248
65560 1106
65561 1177
65562 1248
65563 1248
65564 1251
65565 1177
65566 1248
65567 1250
131072 1547
131073 1247
131074 1248
131075 1177
131076 1177
131077 1248
131078 1323
131079 1248
131080 1248
131081 1323
131082 1177
131083 1176
131084 1105
131085 1248
131086 1248
131087 1247
131088 1105
131089 1177
131090 1177
131091 1177
131092 1177
131093 1177
131094 1177
131095 1175
131096 1391
131097 1174
131098 1175
131099 1104
131100 1104
131101 1104
131102 1104
131103 1174
196608 1253
196609 1177
196610 1248
196611 1324
196612 1177
196613 1177
196614 1177
196615 1253
196616 1252
196617 1177
196618 1177
196619 1394
196620 1394
196621 1394
196622 1176
196623 1245
196624 1322
196625 1248
196626 1246
196627 1246
196628 1248
196629 1247
196630 1247
196631 1248
196632 1246
196633 1248
196634 1323
196635 1326
196636 1105
196637 1246
196638 1176
196639 1247
262144 1253
262145 1466
262146 1249
262147 1323
262148 1249
262149 1178
262150 1394
262151 1395
262152 1323
262153 1249
262154 1178
262155 1394
262156 1395
262157 1175
262158 1176
262159 1177
262160 239
262161 239
262162 239
262163 239
262164 239
262165 239
262166 239
262167 239
262168 239
262169 239
262170 239
262171 239
262172 239
262173 239
262174 239
262175 239
kernel_count 23909
