0 1252
1 1249
2 1177
3 1248
4 1249
5 1247
6 1249
7 1247
8 1248
9 1248
10 1463
11 1247
12 1176
13 1247
14 1247
15 1176
16 1247
17 1176
18 1247
19 1247
20 1247
21 1247
22 1247
23 1247
24 1176
25 1176
26 1247
27 1247
28 1247
29 1247
30 1247
31 1247
65536 748
65537 747
65538 747
65539 747
65540 747
65541 747
65542 747
65543 747
65544 1248
65545 1248
65546 1248
65547 1105
65548 1248
65549 1177
65550 1177
65551 1247
65552 1247
65553 1248
65554 1322
65555 1322
65556 1247
65557 1247
65558 1247
65559 1247
65560 1247
65561 1247
65562 1175
65563 1246
65564 1246
65565 1247
65566 1176
65567 1247
131072 1402
131073 1396
131074 1177
131075 1106
131076 1398
131077 1538
131078 1177
131079 1177
131080 1177
131081 1247
131082 1247
131083 1247
131084 1247
131085 1176
131086 1176
131087 1176
131088 1176
131089 1247
131090 1176
131091 1175
131092 1247
131093 1176
131094 1248
131095 1322
131096 1322
131097 1322
131098 1176
131099 1247
131100 1176
131101 1247
131102 1247
131103 1247
196608 1254
196609 1245
196610 1246
196611 1247
196612 1247
196613 1247
196614 1176
196615 1247
196616 1247
196617 1247
196618 1247
196619 1247
196620 1247
196621 1247
196622 1246
196623 1247
196624 1247
196625 1247
196626 1247
196627 1247
196628 1246
196629 1176
196630 1175
196631 1176
196632 1175
196633 1175
196634 1247
196635 1247
196636 1176
196637 1247
196638 1247
196639 1247
262144 1254
262145 1249
262146 1249
262147 1249
262148 1394
262149 1248
262150 1248
262151 1248
262152 1248
262153 1248
262154 1248
262155 1248
262156 1248
262157 1248
262158 1248
262159 1248
262160 1030
262161 1249
262162 1177
262163 1177
262164 1249
262165 1394
262166 1249
262167 1249
262168 1249
262169 1249
262170 1249
262171 1324
262172 1464
262173 1030
262174 1247
262175 1247
327680 1253
327681 1249
327682 1249
327683 1249
327684 1249
327685 1249
327686 1249
327687 1249
327688 1249
327689 1249
327690 1249
327691 1030
327692 1249
327693 1030
327694 1177
327695 1324
327696 1175
327697 1393
327698 1247
327699 1175
327700 1177
327701 1464
327702 1247
327703 1245
327704 1245
327705 1246
327706 1247
327707 1247
327708 1247
327709 1174
327710 1175
327711 1027
393216 1330
393217 1105
393218 1249
393219 1248
393220 1248
393221 1398
393222 1541
393223 1248
393224 1324
393225 1248
393226 1106
393227 1249
393228 1249
393229 1177
393230 1466
393231 1104
393232 1104
393233 1104
393234 1103
393235 1104
393236 1465
393237 1465
393238 1465
393239 1175
393240 1245
393241 1245
393242 1101
393243 1101
393244 1101
393245 1100
393246 1101
393247 1102
458752 1253
458753 1248
458754 1322
458755 1467
458756 1246
458757 1105
458758 1105
458759 1176
458760 1176
458761 1176
458762 1175
458763 1247
458764 1030
458765 1030
458766 1247
458767 1247
458768 1176
458769 1174
458770 1176
458771 1247
458772 1246
458773 1247
458774 1247
458775 1247
458776 1175
458777 1105
458778 1246
458779 1247
458780 1176
458781 1176
458782 1247
458783 959
524288 1182
524289 748
524290 1250
524291 1178
524292 1249
524293 1178
524294 1178
524295 1325
524296 1250
524297 1250
524298 1178
524299 1031
524300 1031
524301 1031
524302 1466
524303 1542
524304 1325
524305 1394
524306 1250
524307 1394
524308 1107
524309 1250
524310 1464
524311 1247
524312 1106
524313 1106
524314 1248
524315 1247
524316 239
524317 239
524318 239
524319 239
kernel_count 45232
