0 1110
1 1246
2 1247
3 1246
4 1246
5 1246
6 1246
7 1247
8 1246
9 1246
10 1246
11 1247
12 1246
13 1246
14 1246
15 1247
16 1246
17 1247
18 1247
19 1247
20 1247
21 1176
22 1247
23 1247
24 1247
25 1247
26 1247
27 1247
28 1247
29 1247
30 1247
31 1247
65536 748
65537 747
65538 1106
65539 1248
65540 1106
65541 1248
65542 1176
65543 1248
65544 1177
65545 1248
65546 1176
65547 1248
65548 1247
65549 1105
65550 1248
65551 1177
65552 1177
65553 1030
65554 1177
65555 1248
65556 1248
65557 1248
65558 1247
65559 1248
65560 1106
65561 1322
65562 1248
65563 1247
65564 1247
65565 1248
65566 1106
65567 1322
131072 748
131073 1177
131074 1177
131075 1177
131076 1248
131077 1322
131078 1248
131079 1248
131080 1322
131081 1247
131082 1246
131083 1104
131084 1104
131085 1104
131086 1034
131087 1247
131088 1247
131089 1246
131090 1247
131091 1247
131092 1246
131093 1247
131094 1176
131095 1247
131096 1247
131097 1246
131098 1176
131099 1247
131100 1247
131101 1247
131102 1247
131103 1246
196608 1181
196609 1248
196610 1248
196611 1248
196612 1393
196613 1248
196614 1248
196615 1248
196616 1177
196617 1248
196618 1106
196619 1177
196620 1177
196621 1247
196622 1248
196623 1106
196624 1247
196625 1247
196626 1177
196627 1030
196628 1030
196629 1247
196630 1248
196631 1393
196632 1248
196633 1248
196634 1248
196635 1322
196636 1176
196637 1246
196638 1247
196639 1245
262144 1254
262145 1248
262146 1248
262147 1392
262148 1246
262149 1247
262150 1176
262151 1175
262152 1247
262153 1245
262154 1247
262155 1247
262156 1247
262157 1247
262158 1176
262159 1176
262160 1247
262161 1247
262162 1247
262163 1247
262164 1033
262165 1176
262166 1175
262167 1176
262168 1176
262169 1176
262170 1176
262171 1176
262172 1247
262173 1247
262174 1247
262175 1103
327680 1254
327681 1246
327682 1247
327683 1105
327684 1175
327685 1176
327686 1176
327687 1176
327688 1174
327689 1247
327690 1247
327691 1247
327692 1176
327693 1247
327694 1176
327695 1247
327696 1247
327697 1247
327698 1247
327699 1247
327700 1105
327701 1247
327702 1246
327703 1247
327704 1176
327705 1246
327706 1176
327707 1176
327708 1176
327709 1247
327710 1175
327711 1102
393216 1401
393217 1249
393218 1249
393219 1249
393220 1106
393221 1465
393222 1248
393223 1247
393224 1247
393225 1248
393226 1177
393227 1176
393228 1176
393229 1323
393230 1248
393231 1392
393232 1248
393233 1033
393234 1106
393235 1248
393236 1177
393237 1248
393238 1248
393239 1176
393240 1248
393241 1248
393242 1177
393243 1106
393244 1248
393245 1177
393246 1392
393247 1247
458752 824
458753 968
458754 1249
458755 1325
458756 1325
458757 1177
458758 1612
458759 1248
458760 1249
458761 1323
458762 1177
458763 1248
458764 1177
458765 1252
458766 1249
458767 1177
458768 1249
458769 1249
458770 1321
458771 1248
458772 1248
458773 1248
458774 1248
458775 1249
458776 1249
458777 1249
458778 1249
458779 1249
458780 1248
458781 1464
458782 1247
458783 1246
524288 1254
524289 1177
524290 1177
524291 1248
524292 1248
524293 1177
524294 1106
524295 1035
524296 1035
524297 1247
524298 1247
524299 1246
524300 1248
524301 1106
524302 1322
524303 1176
524304 1247
524305 1176
524306 1176
524307 1176
524308 1247
524309 1104
524310 1175
524311 1176
524312 1176
524313 1176
524314 1246
524315 1247
524316 1247
524317 1174
524318 1246
524319 1247
589824 1253
589825 1247
589826 963
589827 1177
589828 1248
589829 1248
589830 1175
589831 239
589832 239
589833 239
589834 239
589835 239
589836 239
589837 239
589838 239
589839 239
589840 239
589841 239
589842 239
589843 239
589844 239
589845 239
589846 239
589847 239
589848 239
589849 239
589850 239
589851 239
589852 239
589853 239
589854 239
589855 239
kernel_count 47335
