0 1182
1 1106
2 1251
3 1177
4 1248
5 1251
6 1106
7 1248
8 1247
9 1177
10 1106
11 1251
12 1177
13 1248
14 1251
15 1106
16 1248
17 1247
18 1177
19 1106
20 1251
21 1177
22 1248
23 1251
24 1247
25 1246
26 1247
27 1176
28 1247
29 1176
30 1176
31 1247
65536 1182
65537 1247
65538 1248
65539 1177
65540 1177
65541 1177
65542 1177
65543 1248
65544 1177
65545 1177
65546 1106
65547 1248
65548 1248
65549 1248
65550 1248
65551 1248
65552 1106
65553 1105
65554 1248
65555 1247
65556 1247
65557 1176
65558 1176
65559 1103
65560 1248
65561 1248
65562 1322
65563 1322
65564 1246
65565 1247
65566 1245
65567 1245
131072 1182
131073 1176
131074 1176
131075 1249
131076 1249
131077 1106
131078 1249
131079 1249
131080 1464
131081 1176
131082 1176
131083 1248
131084 1248
131085 1176
131086 1248
131087 1175
131088 1177
131089 1176
131090 1248
131091 1106
131092 1177
131093 1175
131094 1177
131095 1175
131096 1030
131097 1030
131098 1176
131099 1030
131100 1177
131101 1177
131102 1246
131103 1392
196608 1253
196609 1178
196610 1465
196611 1176
196612 1395
196613 1465
196614 1248
196615 1394
196616 1247
196617 1105
196618 1246
196619 1247
196620 1246
196621 1246
196622 1247
196623 1247
196624 1247
196625 1247
196626 1104
196627 1105
196628 1104
196629 1104
196630 1030
196631 1176
196632 1247
196633 1246
196634 1176
196635 1176
196636 1247
196637 1175
196638 1247
196639 1247
262144 1253
262145 1177
262146 1176
262147 1248
262148 1249
262149 1106
262150 1248
262151 1249
262152 1247
262153 1249
262154 1177
262155 1106
262156 1177
262157 1177
262158 1248
262159 1176
262160 1249
262161 1395
262162 1394
262163 1325
262164 1395
262165 1177
262166 1325
262167 1248
262168 1176
262169 1323
262170 1106
262171 1468
262172 1392
262173 1105
262174 1464
262175 1247
327680 1254
327681 1248
327682 1248
327683 1247
327684 1248
327685 1248
327686 1252
327687 1248
327688 1246
327689 1248
327690 1248
327691 1247
327692 1030
327693 1034
327694 1392
327695 1177
327696 1248
327697 1248
327698 1248
327699 1321
327700 1321
327701 1321
327702 1321
327703 1321
327704 1176
327705 1246
327706 1247
327707 1246
327708 1175
327709 1028
327710 1028
327711 1028
393216 1110
393217 671
393218 1178
393219 1030
393220 1030
393221 1030
393222 1249
393223 1106
393224 959
393225 1177
393226 1248
393227 1249
393228 1247
393229 1248
393230 1249
393231 1468
393232 1467
393233 959
393234 1177
393235 1249
393236 1248
393237 1247
393238 1249
393239 1249
393240 1249
393241 1249
393242 1249
393243 1249
393244 1248
393245 1177
393246 1175
393247 1463
458752 1330
458753 1249
458754 1252
458755 1325
458756 1249
458757 1248
458758 1249
458759 1247
458760 1249
458761 1249
458762 1249
458763 1325
458764 1323
458765 1249
458766 1249
458767 1249
458768 1249
458769 1607
458770 1608
458771 1248
458772 1249
458773 1177
458774 1607
458775 1246
458776 1176
458777 1247
458778 1030
458779 1245
458780 1245
458781 1245
458782 1245
458783 1173
524288 1330
524289 1180
524290 1251
524291 1247
524292 1176
524293 1248
524294 1465
524295 1106
524296 1465
524297 1465
524298 1464
524299 1465
524300 1465
524301 1464
524302 1464
524303 1250
524304 1394
524305 1393
524306 1177
524307 1248
524308 1248
524309 1248
524310 1248
524311 1248
524312 1323
524313 1393
524314 1247
524315 1322
524316 1106
524317 1177
524318 1177
524319 1321
589824 1401
589825 1248
589826 1323
589827 1393
589828 1247
589829 1326
589830 1326
589831 1030
589832 1030
589833 1177
589834 1176
589835 1248
589836 1247
589837 1248
589838 1248
589839 1030
589840 1177
589841 1106
589842 1106
589843 1176
589844 1177
589845 1247
589846 1248
589847 1248
589848 1248
589849 1393
589850 1393
589851 1393
589852 1248
589853 1251
589854 1247
589855 1247
655360 748
655361 1250
655362 1249
655363 1250
655364 1179
655365 1178
655366 1107
655367 1541
655368 1540
655369 1466
655370 1466
655371 1612
655372 1249
655373 1249
655374 1393
655375 1393
655376 956
655377 239
655378 239
655379 239
655380 239
655381 239
655382 239
655383 239
655384 239
655385 239
655386 239
655387 239
655388 239
655389 239
655390 239
655391 239
kernel_count 54864
