0 1037
1 1248
2 1248
3 1247
4 1247
5 1248
6 1248
7 1248
8 1248
9 1247
10 1247
11 1248
12 1248
13 1247
14 1247
15 1248
16 1247
17 1248
18 1248
19 1247
20 1248
21 1248
22 1105
23 1248
24 1248
25 1029
26 1177
27 1322
28 1247
29 1247
30 1247
31 1175
65536 1110
65537 1395
65538 1323
65539 1247
65540 1034
65541 1177
65542 1030
65543 1394
65544 1104
65545 1247
65546 1247
65547 1247
65548 1247
65549 1247
65550 1030
65551 1176
65552 1176
65553 1247
65554 1176
65555 1247
65556 1246
65557 1176
65558 1247
65559 1247
65560 1247
65561 1247
65562 1247
65563 1247
65564 1247
65565 1247
65566 1104
65567 1247
131072 748
131073 747
131074 746
131075 1248
131076 1248
131077 1248
131078 1249
131079 1249
131080 1177
131081 1106
131082 1464
131083 1248
131084 1464
131085 1464
131086 1464
131087 1246
131088 1105
131089 1247
131090 1033
131091 1105
131092 1105
131093 1246
131094 1247
131095 1246
131096 1247
131097 1247
131098 1247
131099 1247
131100 1247
131101 1247
131102 1247
131103 1245
196608 1254
196609 1177
196610 1248
196611 1177
196612 1106
196613 1248
196614 1177
196615 1248
196616 1248
196617 1248
196618 1323
196619 1177
196620 1392
196621 1247
196622 1252
196623 1248
196624 1393
196625 1106
196626 1176
196627 1248
196628 1246
196629 1246
196630 1246
196631 1246
196632 1322
196633 1322
196634 1251
196635 1104
196636 1176
196637 1247
196638 1247
196639 1247
262144 1182
262145 1177
262146 1177
262147 1249
262148 1177
262149 1324
262150 1248
262151 1105
262152 1106
262153 1249
262154 1105
262155 1249
262156 1177
262157 1251
262158 1249
262159 1177
262160 1249
262161 1249
262162 1248
262163 1177
262164 1177
262165 1249
262166 1249
262167 1324
262168 1249
262169 1249
262170 1464
262171 1247
262172 1030
262173 1247
262174 1176
262175 1247
327680 1110
327681 1249
327682 1248
327683 1246
327684 1324
327685 1325
327686 1466
327687 1393
327688 1246
327689 1176
327690 1247
327691 1176
327692 1175
327693 1177
327694 1248
327695 1176
327696 1248
327697 1248
327698 1248
327699 1323
327700 1176
327701 1322
327702 1396
327703 1246
327704 1247
327705 1247
327706 1247
327707 1247
327708 1246
327709 1247
327710 1246
327711 1247
393216 1038
393217 1250
393218 1251
393219 1107
393220 1178
393221 1249
393222 1107
393223 1178
393224 1178
393225 1248
393226 1249
393227 1249
393228 1031
393229 1031
393230 1178
393231 1249
393232 1393
393233 1393
393234 1176
393235 1176
393236 1177
393237 239
393238 239
393239 239
393240 239
393241 239
393242 239
393243 239
393244 239
393245 239
393246 239
393247 239
kernel_count 34280
