0 1182
1 1247
2 1176
3 1247
4 1247
5 1176
6 1105
7 1247
8 1247
9 1247
10 1176
11 1105
12 1247
13 1247
14 1247
15 1247
16 1176
17 1247
18 1105
19 1247
20 1247
21 1176
22 1247
23 1176
24 1247
25 1247
26 1176
27 1105
28 1247
29 1247
30 1247
31 1174
65536 1253
65537 1248
65538 1177
65539 1177
65540 1177
65541 1177
65542 1248
65543 1246
65544 1247
65545 1248
65546 1177
65547 1105
65548 1248
65549 1392
65550 1392
65551 1248
65552 1392
65553 1392
65554 1246
65555 1105
65556 1176
65557 1247
65558 1247
65559 1247
65560 1247
65561 1246
65562 1246
65563 1246
65564 1247
65565 1247
65566 1246
65567 1246
131072 1181
131073 1248
131074 1322
131075 1030
131076 1177
131077 1322
131078 1247
131079 1177
131080 1248
131081 1248
131082 1248
131083 1106
131084 1177
131085 1248
131086 1248
131087 1247
131088 1106
131089 1106
131090 1322
131091 1177
131092 1248
131093 1247
131094 1248
131095 1322
131096 1176
131097 1176
131098 1176
131099 1176
131100 1247
131101 1247
131102 1175
131103 1103
196608 1110
196609 1105
196610 1177
196611 1248
196612 1248
196613 1249
196614 1249
196615 1249
196616 1106
196617 1176
196618 1106
196619 1177
196620 1249
196621 1248
196622 1249
196623 1249
196624 1248
196625 1248
196626 1538
196627 1248
196628 1248
196629 1247
196630 1247
196631 1175
196632 1247
196633 1248
196634 1177
196635 1321
196636 1105
196637 1105
196638 1105
196639 1245
262144 1400
262145 1106
262146 1248
262147 1248
262148 1247
262149 1248
262150 889
262151 239
262152 239
262153 239
262154 239
262155 239
262156 239
262157 239
262158 239
262159 239
262160 239
262161 239
262162 239
262163 239
262164 239
262165 239
262166 239
262167 239
262168 239
262169 239
262170 239
262171 239
262172 239
262173 239
262174 239
262175 239
kernel_count 22028
