0 1254
1 1249
2 1249
3 1249
4 1249
5 1249
6 1249
7 1249
8 1249
9 1178
10 1030
11 1248
12 1106
13 1679
14 959
15 958
16 1104
17 1248
18 1249
19 1249
20 1105
21 1249
22 1249
23 1249
24 1249
25 1249
26 1464
27 1247
28 1392
29 1390
30 1391
31 1247
65536 1253
65537 1324
65538 1248
65539 1248
65540 1324
65541 1249
65542 1249
65543 1249
65544 1469
65545 1466
65546 1394
65547 1393
65548 1106
65549 1323
65550 1175
65551 1175
65552 1104
65553 1253
65554 1464
65555 1247
65556 1247
65557 1176
65558 1105
65559 1247
65560 1105
65561 1247
65562 1247
65563 1247
65564 1176
65565 1247
65566 1247
65567 1247
131072 1254
131073 1248
131074 1247
131075 1248
131076 1247
131077 1177
131078 1103
131079 1106
131080 1248
131081 1177
131082 1322
131083 1247
131084 1105
131085 1247
131086 1246
131087 1030
131088 1176
131089 1176
131090 1247
131091 1105
131092 1247
131093 1247
131094 1105
131095 1247
131096 1247
131097 1247
131098 1247
131099 1247
131100 1247
131101 1247
131102 1246
131103 1247
196608 1182
196609 1177
196610 747
196611 1248
196612 1248
196613 1393
196614 1322
196615 1177
196616 1106
196617 1248
196618 1248
196619 1248
196620 1322
196621 1322
196622 1248
196623 1248
196624 1247
196625 1248
196626 1322
196627 1105
196628 1250
196629 1176
196630 1175
196631 1030
196632 1030
196633 1246
196634 1176
196635 1247
196636 1247
196637 1246
196638 1247
196639 1247
262144 1254
262145 1249
262146 1249
262147 1465
262148 1395
262149 1249
262150 1106
262151 1249
262152 1679
262153 1395
262154 1177
262155 1177
262156 1249
262157 1680
262158 1248
262159 1248
262160 1248
262161 1393
262162 1392
262163 1392
262164 1322
262165 1322
262166 1394
262167 1321
262168 1176
262169 1247
262170 1247
262171 1176
262172 1246
262173 1247
262174 1247
262175 1247
327680 1110
327681 1030
327682 1030
327683 1030
327684 1106
327685 1324
327686 1395
327687 1393
327688 1249
327689 1395
327690 1395
327691 1248
327692 1465
327693 1252
327694 1466
327695 1177
327696 1180
327697 1176
327698 1248
327699 1176
327700 1177
327701 1106
327702 1105
327703 1248
327704 1247
327705 1321
327706 1246
327707 1247
327708 1173
327709 1102
327710 1102
327711 1102
393216 1404
393217 1106
393218 1248
393219 1034
393220 1465
393221 1104
393222 1465
393223 1105
393224 1177
393225 1322
393226 1323
393227 1177
393228 1105
393229 1248
393230 1248
393231 1248
393232 1393
393233 958
393234 1248
393235 1176
393236 1175
393237 1247
393238 1176
393239 1322
393240 1323
393241 1392
393242 1391
393243 1176
393244 1247
393245 1248
393246 1322
393247 1177
458752 1254
458753 1395
458754 1249
458755 1177
458756 1177
458757 1393
458758 1247
458759 1176
458760 1181
458761 1177
458762 1395
458763 1464
458764 1394
458765 1177
458766 1392
458767 1176
458768 1177
458769 1176
458770 1105
458771 1105
458772 1176
458773 1176
458774 1175
458775 1179
458776 1103
458777 1105
458778 1032
458779 1247
458780 1322
458781 1250
458782 1321
458783 1247
524288 748
524289 1105
524290 1105
524291 1176
524292 1176
524293 1105
524294 1105
524295 1177
524296 1106
524297 1177
524298 1177
524299 1248
524300 1324
524301 1248
524302 1398
524303 1321
524304 1248
524305 1392
524306 1177
524307 1248
524308 1248
524309 1248
524310 1248
524311 1247
524312 1248
524313 1248
524314 1248
524315 1392
524316 1247
524317 1246
524318 1247
524319 1172
589824 1254
589825 1393
589826 1248
589827 1248
589828 1177
589829 1249
589830 1249
589831 1249
589832 1464
589833 1249
589834 1106
589835 1177
589836 1464
589837 1466
589838 1106
589839 1105
589840 1248
589841 1322
589842 1322
589843 1104
589844 1247
589845 1247
589846 1104
589847 1104
589848 1105
589849 1104
589850 1105
589851 1175
589852 1104
589853 1104
589854 1105
589855 1247
655360 1110
655361 1031
655362 1177
655363 1249
655364 1248
655365 1178
655366 1249
655367 1031
655368 1106
655369 1249
655370 1249
655371 1249
655372 1249
655373 1393
655374 1392
655375 1248
655376 1248
655377 519
655378 239
655379 239
655380 239
655381 239
655382 239
655383 239
655384 239
655385 239
655386 239
655387 239
655388 239
655389 239
655390 239
655391 239
kernel_count 54789
