0 1254
1 1176
2 1248
3 1247
4 1247
5 1246
6 1248
7 1247
8 1245
9 1244
10 1247
11 1248
12 1247
13 1322
14 1248
15 1248
16 1248
17 1322
18 1247
19 1247
20 1247
21 1176
22 1176
23 1176
24 1176
25 1247
26 1246
27 1247
28 1246
29 1246
30 1245
31 1247
65536 748
65537 1248
65538 1248
65539 1248
65540 1249
65541 1249
65542 1249
65543 1252
65544 1252
65545 1252
65546 1395
65547 1249
65548 1249
65549 1105
65550 1105
65551 1105
65552 1106
65553 1177
65554 1177
65555 1177
65556 1177
65557 1249
65558 1248
65559 1249
65560 1176
65561 1177
65562 1249
65563 1249
65564 1249
65565 1249
65566 1464
65567 1247
131072 1034
131073 1176
131074 1247
131075 1248
131076 1247
131077 1248
131078 1393
131079 1030
131080 1177
131081 1176
131082 1248
131083 1248
131084 1248
131085 1394
131086 1247
131087 1177
131088 1177
131089 1248
131090 1247
131091 1247
131092 1248
131093 1248
131094 1182
131095 1176
131096 1106
131097 1324
131098 1248
131099 1248
131100 1248
131101 1394
131102 1248
131103 1320
196608 1545
196609 1106
196610 823
196611 1536
196612 1106
196613 1247
196614 1248
196615 1248
196616 1106
196617 1106
196618 1248
196619 1248
196620 1106
196621 1177
196622 1248
196623 1177
196624 1177
196625 1248
196626 1248
196627 1248
196628 1248
196629 1248
196630 1248
196631 1248
196632 1248
196633 1247
196634 1176
196635 1248
196636 1392
196637 1247
196638 1247
196639 1247
262144 1254
262145 1177
262146 1248
262147 1249
262148 1177
262149 1249
262150 1249
262151 1106
262152 1176
262153 1177
262154 1323
262155 1176
262156 1247
262157 1249
262158 1177
262159 1176
262160 1176
262161 1249
262162 1176
262163 1249
262164 1249
262165 1248
262166 1248
262167 1177
262168 1463
262169 1177
262170 1104
262171 1248
262172 1247
262173 1392
262174 1248
262175 1392
327680 970
327681 1177
327682 1248
327683 1106
327684 1247
327685 1248
327686 1106
327687 1177
327688 1247
327689 1247
327690 1106
327691 1176
327692 1176
327693 1105
327694 1391
327695 1392
327696 1176
327697 1176
327698 1176
327699 1246
327700 1176
327701 1246
327702 1176
327703 1246
327704 1176
327705 1247
327706 1175
327707 1247
327708 1176
327709 1104
327710 1247
327711 1247
393216 1034
393217 1248
393218 1248
393219 1177
393220 1176
393221 1248
393222 1248
393223 1248
393224 1248
393225 1248
393226 1248
393227 1248
393228 1248
393229 1176
393230 1248
393231 1106
393232 1106
393233 1248
393234 1177
393235 1248
393236 1248
393237 1321
393238 1176
393239 1176
393240 1175
393241 1246
393242 1247
393243 1247
393244 1176
393245 1247
393246 1246
393247 1247
458752 1182
458753 1106
458754 1249
458755 1249
458756 1249
458757 1249
458758 1394
458759 1249
458760 1323
458761 1248
458762 1249
458763 1323
458764 1249
458765 1323
458766 1249
458767 1249
458768 1324
458769 1249
458770 1248
458771 1249
458772 1245
458773 1249
458774 1464
458775 1248
458776 1247
458777 1248
458778 1248
458779 1106
458780 1247
458781 1322
458782 1247
458783 1245
524288 1182
524289 1248
524290 1248
524291 1177
524292 1248
524293 1248
524294 1177
524295 1247
524296 1177
524297 1177
524298 1177
524299 1248
524300 1248
524301 1248
524302 1106
524303 1390
524304 1392
524305 1248
524306 1247
524307 1391
524308 1392
524309 1248
524310 1248
524311 1250
524312 1250
524313 1105
524314 1247
524315 1247
524316 1247
524317 1247
524318 1247
524319 1103
589824 1254
589825 1178
589826 1106
589827 1250
589828 1177
589829 1249
589830 1250
589831 1249
589832 1107
589833 1539
589834 1396
589835 1539
589836 1396
589837 1539
589838 1324
589839 1539
589840 1324
589841 1249
589842 1539
589843 1395
589844 1539
589845 1392
589846 1247
589847 1031
589848 239
589849 239
589850 239
589851 239
589852 239
589853 239
589854 239
589855 239
kernel_count 50679
