0 1254
1 1248
2 1247
3 1248
4 1248
5 1248
6 1248
7 1248
8 1248
9 1248
10 1248
11 1248
12 1106
13 1251
14 1177
15 1248
16 1179
17 1177
18 1248
19 1179
20 1251
21 1177
22 1251
23 1247
24 1247
25 1104
26 1104
27 1246
28 1246
29 1175
30 1244
31 1174
65536 1254
65537 1247
65538 1248
65539 1247
65540 1248
65541 1248
65542 1248
65543 1248
65544 1248
65545 1248
65546 1248
65547 1248
65548 1392
65549 1177
65550 1247
65551 1176
65552 1248
65553 1248
65554 1321
65555 1030
65556 1246
65557 1246
65558 1247
65559 1247
65560 1247
65561 1176
65562 1247
65563 1176
65564 1176
65565 1247
65566 1246
65567 1103
131072 1254
131073 1106
131074 1177
131075 1248
131076 1106
131077 1035
131078 1248
131079 1248
131080 1248
131081 1177
131082 1248
131083 1248
131084 1252
131085 1247
131086 1248
131087 1248
131088 1248
131089 1246
131090 1248
131091 1248
131092 1248
131093 1248
131094 1247
131095 1248
131096 1248
131097 1106
131098 1248
131099 1177
131100 1321
131101 1247
131102 1247
131103 1103
196608 1253
196609 1247
196610 1248
196611 1248
196612 1248
196613 1247
196614 1176
196615 1248
196616 1177
196617 1247
196618 1247
196619 1248
196620 1247
196621 1247
196622 1248
196623 1247
196624 1248
196625 1247
196626 1176
196627 1247
196628 1247
196629 1391
196630 1246
196631 1320
196632 1248
196633 1322
196634 1248
196635 1322
196636 1175
196637 1247
196638 1176
196639 1244
262144 1034
262145 1248
262146 1247
262147 1104
262148 1104
262149 1247
262150 1248
262151 1177
262152 1177
262153 1247
262154 1030
262155 1248
262156 1177
262157 1030
262158 1392
262159 1247
262160 1247
262161 1247
262162 1247
262163 1247
262164 1174
262165 1173
262166 1173
262167 889
262168 1102
262169 1174
262170 1029
262171 1029
262172 1029
262173 1029
262174 1029
262175 1029
327680 1179
327681 961
327682 1175
327683 1247
327684 1247
327685 1033
327686 1321
327687 1322
327688 1251
327689 1321
327690 1321
327691 1396
327692 1251
327693 1175
327694 1175
327695 1251
327696 1249
327697 1033
327698 1033
327699 1033
327700 1033
327701 1033
327702 1175
327703 1247
327704 1176
327705 1033
327706 1176
327707 1249
327708 1177
327709 1249
327710 1537
327711 1247
393216 1254
393217 1248
393218 1248
393219 1247
393220 1248
393221 1106
393222 1106
393223 1176
393224 1324
393225 1248
393226 1177
393227 1397
393228 1177
393229 1321
393230 1247
393231 1247
393232 1248
393233 1248
393234 1393
393235 1248
393236 1248
393237 1030
393238 1177
393239 1177
393240 1177
393241 1247
393242 1248
393243 1320
393244 1245
393245 1247
393246 1246
393247 1174
458752 893
458753 1176
458754 1177
458755 892
458756 1030
458757 1249
458758 1248
458759 1249
458760 1177
458761 1249
458762 1249
458763 1249
458764 1248
458765 1248
458766 1248
458767 1248
458768 1248
458769 1248
458770 1177
458771 1249
458772 1537
458773 1248
458774 1248
458775 1249
458776 1538
458777 1249
458778 1249
458779 1537
458780 1248
458781 1248
458782 1537
458783 1538
524288 748
524289 891
524290 890
524291 890
524292 1177
524293 1106
524294 1176
524295 1248
524296 1175
524297 1464
524298 1464
524299 1249
524300 1176
524301 1464
524302 1464
524303 1247
524304 1105
524305 1246
524306 1246
524307 1246
524308 1246
524309 1246
524310 1247
524311 1246
524312 1176
524313 1247
524314 1247
524315 1105
524316 1247
524317 1247
524318 1032
524319 1175
589824 1254
589825 1249
589826 1249
589827 1249
589828 1106
589829 1030
589830 1030
589831 1177
589832 1106
589833 1323
589834 1248
589835 1323
589836 1249
589837 1323
589838 1248
589839 1394
589840 1247
589841 1246
589842 1176
589843 1245
589844 1247
589845 1247
589846 1247
589847 1247
589848 1246
589849 1247
589850 1247
589851 1247
589852 1247
589853 1246
589854 1176
589855 1247
655360 1182
655361 1249
655362 1249
655363 1249
655364 1175
655365 1466
655366 1249
655367 1539
655368 1177
655369 1248
655370 1248
655371 1105
655372 1248
655373 1248
655374 1248
655375 1177
655376 1323
655377 1030
655378 1105
655379 1394
655380 1030
655381 1247
655382 1247
655383 1176
655384 1105
655385 1247
655386 1245
655387 1245
655388 1245
655389 1245
655390 1245
655391 1245
720896 748
720897 747
720898 747
720899 747
720900 747
720901 747
720902 747
720903 747
720904 747
720905 747
720906 747
720907 1035
720908 1465
720909 1177
720910 1177
720911 1177
720912 1106
720913 1177
720914 1177
720915 1246
720916 1321
720917 1245
720918 1247
720919 1176
720920 1247
720921 1247
720922 1247
720923 1247
720924 1247
720925 1247
720926 1176
720927 1247
786432 748
786433 1178
786434 1107
786435 1249
786436 1249
786437 1031
786438 1250
786439 1250
786440 1250
786441 1465
786442 1465
786443 1248
786444 1177
786445 1182
786446 1325
786447 1247
786448 1247
786449 1247
786450 1107
786451 1178
786452 1320
786453 239
786454 239
786455 239
786456 239
786457 239
786458 239
786459 239
786460 239
786461 239
786462 239
786463 239
kernel_count 63979
