0 1254
1 1176
2 1176
3 1246
4 1246
5 1247
6 1176
7 1176
8 1246
9 1176
10 1247
11 1175
12 1246
13 1104
14 1246
15 1246
16 1246
17 1247
18 1246
19 1247
20 1247
21 1247
22 1175
23 1247
24 1175
25 1246
26 1247
27 1175
28 1176
29 1246
30 1174
31 1175
65536 1180
65537 1249
65538 1177
65539 1177
65540 1176
65541 1248
65542 1249
65543 1462
65544 1247
65545 1177
65546 1248
65547 1248
65548 1247
65549 1392
65550 1176
65551 1247
65552 1176
65553 1174
65554 1247
65555 1246
65556 1174
65557 1175
65558 1246
65559 1174
65560 1176
65561 1246
65562 1174
65563 1174
65564 1247
65565 1103
65566 1105
65567 1247
131072 1182
131073 1249
131074 1249
131075 1177
131076 1030
131077 1177
131078 1249
131079 1394
131080 1248
131081 1248
131082 1249
131083 1106
131084 1176
131085 1177
131086 1177
131087 1249
131088 1248
131089 1463
131090 1465
131091 1106
131092 1246
131093 1321
131094 1030
131095 1175
131096 1105
131097 1247
131098 1247
131099 1247
131100 1246
131101 1247
131102 1105
131103 1247
196608 1254
196609 1177
196610 1249
196611 1249
196612 1249
196613 1248
196614 1177
196615 1249
196616 1175
196617 1253
196618 1467
196619 1248
196620 1466
196621 1466
196622 1468
196623 1393
196624 1465
196625 1175
196626 1175
196627 1177
196628 1248
196629 1248
196630 1248
196631 1177
196632 1248
196633 1177
196634 1392
196635 1392
196636 1322
196637 1247
196638 1247
196639 1247
262144 1110
262145 1325
262146 1325
262147 1249
262148 1249
262149 1249
262150 1106
262151 1252
262152 1106
262153 1541
262154 1393
262155 1251
262156 1247
262157 1251
262158 1248
262159 1248
262160 1176
262161 1177
262162 1177
262163 1250
262164 1250
262165 1248
262166 1106
262167 1177
262168 1248
262169 1321
262170 1247
262171 1247
262172 1247
262173 1247
262174 1246
262175 1245
327680 1182
327681 1465
327682 1248
327683 1464
327684 1248
327685 1394
327686 1321
327687 1246
327688 1246
327689 1246
327690 1246
327691 1247
327692 1246
327693 1247
327694 1247
327695 1246
327696 1246
327697 1247
327698 1246
327699 1247
327700 1105
327701 1247
327702 1247
327703 1175
327704 1247
327705 1247
327706 1247
327707 1105
327708 1246
327709 1247
327710 1247
327711 1247
393216 1182
393217 747
393218 1106
393219 1105
393220 1105
393221 1106
393222 1609
393223 1608
393224 1177
393225 1609
393226 1536
393227 1248
393228 1177
393229 1248
393230 1106
393231 1177
393232 1392
393233 1248
393234 1176
393235 1248
393236 1030
393237 1106
393238 1321
393239 1322
393240 1322
393241 1322
393242 1322
393243 1176
393244 1176
393245 1247
393246 1247
393247 1247
458752 1401
458753 1252
458754 1249
458755 1249
458756 1249
458757 1468
458758 1036
458759 1251
458760 1248
458761 1393
458762 1248
458763 1248
458764 1174
458765 1028
458766 239
458767 239
458768 239
458769 239
458770 239
458771 239
458772 239
458773 239
458774 239
458775 239
458776 239
458777 239
458778 239
458779 239
458780 239
458781 239
458782 239
458783 239
kernel_count 38973
