0 1182
1 1176
2 1176
3 1176
4 1247
5 1247
6 1247
7 1246
8 1247
9 1247
10 1247
11 1176
12 1247
13 1247
14 1247
15 1247
16 1176
17 1247
18 1247
19 1247
20 1247
21 1175
22 1247
23 1247
24 1247
25 1176
26 1247
27 1247
28 1247
29 1247
30 1246
31 1247
65536 1254
65537 1248
65538 1176
65539 1176
65540 1177
65541 1247
65542 1106
65543 1106
65544 1177
65545 1177
65546 1248
65547 1248
65548 1248
65549 1320
65550 1392
65551 1177
65552 1391
65553 1392
65554 1104
65555 1105
65556 1105
65557 1246
65558 1247
65559 1247
65560 1246
65561 1247
65562 1176
65563 1247
65564 1247
65565 1247
65566 1105
65567 1247
131072 1253
131073 1249
131074 1249
131075 1249
131076 1249
131077 1248
131078 1248
131079 1249
131080 1324
131081 1324
131082 1323
131083 1248
131084 1248
131085 1248
131086 1464
131087 1176
131088 1246
131089 1247
131090 1247
131091 1245
131092 1247
131093 1176
131094 1176
131095 1247
131096 1247
131097 1247
131098 1247
131099 1247
131100 1176
131101 1247
131102 1175
131103 1175
196608 1252
196609 1177
196610 1029
196611 1029
196612 1105
196613 1249
196614 1249
196615 1249
196616 1249
196617 1248
196618 1177
196619 1177
196620 1249
196621 1249
196622 1177
196623 1464
196624 1249
196625 1249
196626 1177
196627 1249
196628 1249
196629 1178
196630 1176
196631 1177
196632 1249
196633 1249
196634 1249
196635 1249
196636 1464
196637 1463
196638 1391
196639 1028
262144 1254
262145 1247
262146 1104
262147 1104
262148 1176
262149 1176
262150 1176
262151 1176
262152 1176
262153 1176
262154 1176
262155 1176
262156 1176
262157 1176
262158 1176
262159 1176
262160 1247
262161 1247
262162 1247
262163 1247
262164 1247
262165 1246
262166 1175
262167 1176
262168 1247
262169 1034
262170 1247
262171 1247
262172 1247
262173 1247
262174 1247
262175 1247
327680 1182
327681 1035
327682 747
327683 747
327684 747
327685 747
327686 747
327687 747
327688 747
327689 747
327690 747
327691 747
327692 747
327693 747
327694 747
327695 747
327696 1177
327697 747
327698 747
327699 747
327700 747
327701 747
327702 747
327703 747
327704 1177
327705 1249
327706 1177
327707 1249
327708 1248
327709 1461
327710 1247
327711 1247
393216 1181
393217 1105
393218 1247
393219 1247
393220 1175
393221 1102
393222 1174
393223 1175
393224 1104
393225 1247
393226 1247
393227 1247
393228 1246
393229 1245
393230 1176
393231 1175
393232 1176
393233 1247
393234 1176
393235 1176
393236 1246
393237 1247
393238 1247
393239 1105
393240 1247
393241 1246
393242 1173
393243 1246
393244 1175
393245 1176
393246 1247
393247 1103
458752 1109
458753 1176
458754 1176
458755 1106
458756 1033
458757 1104
458758 1176
458759 1247
458760 1175
458761 1399
458762 1394
458763 1247
458764 1247
458765 1247
458766 1174
458767 1248
458768 1249
458769 1249
458770 1176
458771 1685
458772 1393
458773 1392
458774 1105
458775 1105
458776 1248
458777 1248
458778 1248
458779 1177
458780 1391
458781 1030
458782 1246
458783 1174
524288 1252
524289 1248
524290 1248
524291 1247
524292 1247
524293 1106
524294 1248
524295 1029
524296 1105
524297 1105
524298 1246
524299 1247
524300 1248
524301 1248
524302 1177
524303 1248
524304 1030
524305 1106
524306 1248
524307 1106
524308 1247
524309 1247
524310 1247
524311 1247
524312 1396
524313 1247
524314 1247
524315 1247
524316 1247
524317 1247
524318 1247
524319 1247
589824 1107
589825 1102
589826 1174
589827 1029
589828 952
589829 239
589830 239
589831 239
589832 239
589833 239
589834 239
589835 239
589836 239
589837 239
589838 239
589839 239
589840 239
589841 239
589842 239
589843 239
589844 239
589845 239
589846 239
589847 239
589848 239
589849 239
589850 239
589851 239
589852 239
589853 239
589854 239
589855 239
kernel_count 45822
