0 1254
1 1247
2 1247
3 1247
4 1105
5 1247
6 1247
7 1247
8 1247
9 1246
10 1247
11 1246
12 1247
13 1247
14 1247
15 1247
16 1247
17 1246
18 1247
19 1176
20 1247
21 1246
22 1247
23 1247
24 1247
25 1247
26 1247
27 1176
28 1247
29 1246
30 1247
31 1175
65536 748
65537 1248
65538 1249
65539 1249
65540 1249
65541 1177
65542 1249
65543 1249
65544 1249
65545 1249
65546 1463
65547 1462
65548 1463
65549 1247
65550 1246
65551 1246
65552 1176
65553 1247
65554 1247
65555 1247
65556 1176
65557 1105
65558 1104
65559 1247
65560 1247
65561 1176
65562 886
65563 1245
65564 1247
65565 1247
65566 1247
65567 1175
131072 1182
131073 1106
131074 1177
131075 1177
131076 1177
131077 1248
131078 1323
131079 1176
131080 1323
131081 1323
131082 1323
131083 1106
131084 1030
131085 1106
131086 1248
131087 1177
131088 1247
131089 1248
131090 1177
131091 1247
131092 1321
131093 1247
131094 1175
131095 1104
131096 1174
131097 1104
131098 1104
131099 1105
131100 1176
131101 1247
131102 1105
131103 1247
196608 1110
196609 1246
196610 1248
196611 1247
196612 1393
196613 1248
196614 1248
196615 1248
196616 1248
196617 1322
196618 1248
196619 1248
196620 1248
196621 1248
196622 1322
196623 1248
196624 1247
196625 1248
196626 1322
196627 1322
196628 1322
196629 1248
196630 1322
196631 1247
196632 1247
196633 1247
196634 1247
196635 1246
196636 1247
196637 1245
196638 1247
196639 1247
262144 1182
262145 1465
262146 1104
262147 1104
262148 1249
262149 1177
262150 1394
262151 1249
262152 1176
262153 1177
262154 1175
262155 1248
262156 1323
262157 1177
262158 1249
262159 1176
262160 1249
262161 1177
262162 1249
262163 1106
262164 1030
262165 1249
262166 1323
262167 1109
262168 1180
262169 1180
262170 1180
262171 1249
262172 1467
262173 1394
262174 1393
262175 1247
327680 1330
327681 1177
327682 1248
327683 1394
327684 1247
327685 1394
327686 1247
327687 1394
327688 1177
327689 1177
327690 1535
327691 1535
327692 1246
327693 1175
327694 1176
327695 1104
327696 1246
327697 1247
327698 1105
327699 1175
327700 1247
327701 1246
327702 1105
327703 1105
327704 1105
327705 1105
327706 1246
327707 1246
327708 1245
327709 1172
327710 1173
327711 1173
393216 748
393217 747
393218 747
393219 1399
393220 1249
393221 1249
393222 1249
393223 1178
393224 1178
393225 1030
393226 1249
393227 1106
393228 1248
393229 1249
393230 1175
393231 1327
393232 1470
393233 1470
393234 1323
393235 1249
393236 1324
393237 1249
393238 1324
393239 1030
393240 1249
393241 1542
393242 1252
393243 1396
393244 1105
393245 1105
393246 1105
393247 1247
458752 1182
458753 1539
458754 1105
458755 887
458756 1247
458757 1248
458758 1248
458759 1248
458760 1248
458761 1106
458762 1248
458763 1246
458764 1246
458765 1246
458766 1246
458767 1322
458768 1321
458769 1176
458770 1175
458771 1247
458772 1247
458773 1176
458774 1247
458775 1247
458776 1246
458777 1105
458778 1247
458779 1105
458780 1247
458781 1247
458782 1246
458783 1103
524288 1253
524289 1252
524290 1393
524291 1248
524292 1252
524293 1392
524294 1247
524295 1246
524296 1105
524297 1104
524298 1104
524299 1104
524300 1104
524301 1176
524302 1105
524303 1246
524304 1247
524305 1247
524306 1246
524307 1247
524308 1246
524309 1245
524310 1246
524311 1175
524312 1030
524313 1247
524314 1246
524315 1105
524316 1247
524317 1176
524318 1247
524319 1175
589824 1110
589825 1177
589826 1249
589827 1251
589828 1177
589829 1106
589830 1176
589831 1175
589832 1248
589833 1248
589834 1540
589835 1177
589836 1248
589837 1395
589838 1325
589839 1325
589840 1249
589841 1538
589842 1538
589843 1106
589844 1106
589845 1465
589846 1466
589847 1396
589848 1106
589849 1248
589850 1247
589851 1247
589852 1248
589853 1536
589854 1536
589855 1103
655360 1038
655361 1250
655362 1249
655363 1250
655364 1248
655365 1176
655366 1250
655367 1250
655368 1249
655369 1250
655370 1249
655371 1250
655372 1250
655373 1250
655374 1178
655375 1178
655376 1107
655377 1250
655378 1254
655379 1249
655380 1178
655381 1249
655382 1250
655383 1249
655384 1177
655385 1257
655386 1250
655387 1542
655388 239
655389 239
655390 239
655391 239
kernel_count 56109
