0 1253
1 1246
2 1246
3 1246
4 1103
5 1246
6 1247
7 1247
8 1247
9 1247
10 1246
11 1247
12 1247
13 1247
14 1247
15 1247
16 1246
17 1246
18 1246
19 1246
20 1103
21 1246
22 1247
23 1247
24 1247
25 1247
26 1246
27 1247
28 1247
29 1247
30 1247
31 1247
65536 1253
65537 1248
65538 1248
65539 1248
65540 1247
65541 1248
65542 1248
65543 1322
65544 1248
65545 1246
65546 1246
65547 1177
65548 1246
65549 1247
65550 1245
65551 1245
65552 1245
65553 1245
65554 1245
65555 1177
65556 1248
65557 1106
65558 1106
65559 1248
65560 1322
65561 1248
65562 746
65563 1248
65564 1321
65565 1247
65566 1105
65567 1246
131072 1253
131073 1248
131074 1177
131075 1177
131076 1176
131077 1177
131078 1248
131079 1248
131080 1176
131081 1248
131082 1248
131083 1106
131084 1177
131085 1248
131086 1248
131087 1248
131088 1248
131089 1105
131090 1248
131091 1248
131092 1106
131093 1248
131094 1177
131095 1177
131096 1105
131097 1248
131098 1177
131099 1248
131100 1177
131101 1177
131102 1323
131103 1464
196608 1330
196609 1395
196610 1249
196611 1249
196612 1249
196613 1249
196614 1249
196615 1177
196616 1399
196617 1394
196618 1249
196619 1249
196620 1249
196621 1249
196622 1249
196623 1465
196624 1465
196625 1249
196626 1249
196627 1249
196628 1394
196629 1394
196630 1249
196631 1323
196632 1248
196633 1249
196634 1248
196635 1249
196636 1466
196637 1463
196638 1246
196639 1247
262144 1109
262145 1105
262146 1177
262147 1106
262148 1249
262149 1105
262150 1176
262151 1105
262152 1248
262153 1177
262154 1610
262155 1612
262156 1249
262157 1249
262158 1178
262159 1178
262160 1177
262161 1106
262162 1247
262163 1249
262164 1248
262165 1249
262166 1248
262167 1249
262168 1176
262169 1248
262170 1325
262171 1678
262172 1176
262173 1247
262174 1247
262175 1174
327680 1110
327681 1177
327682 1106
327683 1248
327684 1248
327685 1105
327686 1176
327687 1104
327688 1033
327689 1033
327690 1033
327691 1105
327692 1247
327693 1247
327694 1175
327695 1176
327696 1247
327697 1248
327698 1248
327699 1248
327700 1105
327701 1248
327702 1248
327703 1247
327704 1106
327705 1248
327706 1322
327707 1248
327708 1322
327709 1248
327710 1322
327711 1322
393216 748
393217 1108
393218 1176
393219 1247
393220 1176
393221 1246
393222 1247
393223 1176
393224 1247
393225 1247
393226 1247
393227 1247
393228 1105
393229 1176
393230 1176
393231 1247
393232 1105
393233 1030
393234 1247
393235 1247
393236 1246
393237 1246
393238 1105
393239 1030
393240 1247
393241 1247
393242 1247
393243 1030
393244 1175
393245 1247
393246 1247
393247 1103
458752 1182
458753 1176
458754 1176
458755 1248
458756 1106
458757 1177
458758 1030
458759 1248
458760 1177
458761 1177
458762 1247
458763 1248
458764 1176
458765 1248
458766 1247
458767 1322
458768 1247
458769 1248
458770 1248
458771 1392
458772 1247
458773 1246
458774 1176
458775 1247
458776 1105
458777 1105
458778 1247
458779 1176
458780 1247
458781 1105
458782 1247
458783 1174
524288 1182
524289 1177
524290 1177
524291 1177
524292 1177
524293 1177
524294 1177
524295 1177
524296 1177
524297 1248
524298 1246
524299 1248
524300 1323
524301 1248
524302 1177
524303 1177
524304 1248
524305 1392
524306 1104
524307 1176
524308 1247
524309 1247
524310 1246
524311 1247
524312 1246
524313 1246
524314 1246
524315 1246
524316 1247
524317 1247
524318 1174
524319 1174
589824 1181
589825 1253
589826 1251
589827 1249
589828 1248
589829 1249
589830 1249
589831 1249
589832 1177
589833 1248
589834 1178
589835 1106
589836 1249
589837 1106
589838 1106
589839 1249
589840 1249
589841 1249
589842 1249
589843 1325
589844 1395
589845 1249
589846 1249
589847 1249
589848 1249
589849 1249
589850 1469
589851 1105
589852 1105
589853 1249
589854 1324
589855 1468
655360 1182
655361 1176
655362 1176
655363 1464
655364 1465
655365 1177
655366 1176
655367 1249
655368 1249
655369 1177
655370 1249
655371 1249
655372 1249
655373 1248
655374 1249
655375 1248
655376 1104
655377 1247
655378 1248
655379 1106
655380 1248
655381 1323
655382 1324
655383 1248
655384 1248
655385 1465
655386 1247
655387 1248
655388 1030
655389 1322
655390 1176
655391 1246
720896 1254
720897 1249
720898 1178
720899 1178
720900 1249
720901 1178
720902 1249
720903 1178
720904 1248
720905 1249
720906 1248
720907 1249
720908 1248
720909 1248
720910 1248
720911 1248
720912 1178
720913 1105
720914 1252
720915 1178
720916 1248
720917 1249
720918 1107
720919 1107
720920 1177
720921 1323
720922 1249
720923 1323
720924 1248
720925 1249
720926 239
720927 239
kernel_count 61352
