0 1252
1 1249
2 1249
3 1249
4 1393
5 1177
6 1176
7 1249
8 1249
9 1177
10 1248
11 1248
12 1249
13 1106
14 1248
15 1176
16 1464
17 1247
18 1105
19 1247
20 1176
21 1176
22 1104
23 1175
24 1104
25 1247
26 1246
27 1247
28 1175
29 1175
30 1175
31 1175
65536 1109
65537 1248
65538 1249
65539 1249
65540 1617
65541 1249
65542 1249
65543 1249
65544 1178
65545 1178
65546 1177
65547 1249
65548 1249
65549 1178
65550 1249
65551 1106
65552 1249
65553 1035
65554 1252
65555 1106
65556 1249
65557 1249
65558 1249
65559 1177
65560 1249
65561 1462
65562 1247
65563 1247
65564 1175
65565 1105
65566 1247
65567 1103
131072 1254
131073 1248
131074 1248
131075 1248
131076 1248
131077 1248
131078 1248
131079 1248
131080 1248
131081 1248
131082 1106
131083 1106
131084 1106
131085 1106
131086 1248
131087 1177
131088 1248
131089 1248
131090 1247
131091 1248
131092 1177
131093 1106
131094 1247
131095 1105
131096 1247
131097 1247
131098 1321
131099 1247
131100 1246
131101 1175
131102 1175
131103 1247
196608 1182
196609 1177
196610 1249
196611 1249
196612 1178
196613 1105
196614 1248
196615 1249
196616 1249
196617 1175
196618 1176
196619 1175
196620 1175
196621 1105
196622 1105
196623 1248
196624 1105
196625 1248
196626 1248
196627 1248
196628 1249
196629 1176
196630 1608
196631 1246
196632 1247
196633 1175
196634 1247
196635 1105
196636 1034
196637 1105
196638 1247
196639 1247
262144 1182
262145 1247
262146 1248
262147 1248
262148 1248
262149 1248
262150 1248
262151 1180
262152 1177
262153 1248
262154 1177
262155 1248
262156 1248
262157 1180
262158 1180
262159 1248
262160 1322
262161 1322
262162 1322
262163 1322
262164 1322
262165 1322
262166 1322
262167 1322
262168 1321
262169 1247
262170 1247
262171 1248
262172 1321
262173 1322
262174 1322
262175 1247
327680 1618
327681 1248
327682 1248
327683 1248
327684 1248
327685 1248
327686 1251
327687 1248
327688 1321
327689 1176
327690 1247
327691 1176
327692 1176
327693 1247
327694 1175
327695 1247
327696 1105
327697 1247
327698 1105
327699 1246
327700 1174
327701 1247
327702 1247
327703 1247
327704 1247
327705 1104
327706 1247
327707 1104
327708 1246
327709 1104
327710 1030
327711 1175
393216 1182
393217 1249
393218 1394
393219 1177
393220 1249
393221 1177
393222 1249
393223 1249
393224 1249
393225 1465
393226 1106
393227 1105
393228 1106
393229 1248
393230 1248
393231 1246
393232 1393
393233 1247
393234 1248
393235 1104
393236 1106
393237 1323
393238 1393
393239 1251
393240 1247
393241 1176
393242 1176
393243 1248
393244 1251
393245 1176
393246 1176
393247 1247
458752 1253
458753 747
458754 891
458755 1248
458756 1175
458757 1395
458758 1248
458759 1246
458760 1177
458761 1035
458762 747
458763 1246
458764 1175
458765 1246
458766 1396
458767 1176
458768 1247
458769 1176
458770 747
458771 747
458772 1248
458773 1175
458774 1175
458775 1177
458776 1247
458777 1179
458778 1033
458779 1174
458780 1103
458781 1031
458782 1174
458783 1174
524288 1038
524289 1176
524290 1034
524291 1106
524292 1106
524293 1177
524294 1248
524295 1247
524296 1180
524297 1322
524298 1176
524299 1247
524300 1247
524301 1246
524302 1247
524303 1247
524304 1247
524305 1247
524306 1175
524307 1105
524308 1246
524309 1247
524310 1247
524311 1246
524312 1247
524313 1247
524314 1247
524315 1247
524316 1246
524317 1247
524318 1247
524319 1247
589824 1181
589825 1176
589826 1105
589827 1105
589828 1106
589829 1249
589830 1177
589831 1249
589832 1106
589833 1249
589834 1249
589835 1248
589836 1105
589837 1248
589838 1249
589839 1249
589840 1249
589841 1253
589842 1177
589843 1177
589844 1176
589845 1324
589846 1324
589847 1249
589848 1466
589849 1466
589850 1176
589851 1247
589852 1246
589853 1247
589854 1105
589855 1247
655360 1253
655361 1249
655362 1106
655363 1249
655364 963
655365 1030
655366 1249
655367 1177
655368 1248
655369 1249
655370 1175
655371 1249
655372 1248
655373 1177
655374 1249
655375 1248
655376 1248
655377 1178
655378 1178
655379 1106
655380 1106
655381 1249
655382 1106
655383 1249
655384 1249
655385 1248
655386 1249
655387 1249
655388 1248
655389 1249
655390 1177
655391 1463
720896 1253
720897 1252
720898 1248
720899 748
720900 747
720901 748
720902 748
720903 748
720904 748
720905 748
720906 823
720907 1248
720908 1252
720909 1249
720910 1393
720911 1248
720912 1247
720913 1175
720914 1174
720915 239
720916 239
720917 239
720918 239
720919 239
720920 239
720921 239
720922 239
720923 239
720924 239
720925 239
720926 239
720927 239
kernel_count 58763
