0 1110
1 1104
2 1247
3 1247
4 1105
5 1104
6 1247
7 1247
8 1247
9 1246
10 1246
11 1245
12 1246
13 1246
14 1245
15 1246
16 1246
17 1246
18 1245
19 1246
20 1246
21 1246
22 1246
23 1246
24 1245
25 1246
26 1247
27 1247
28 1247
29 1247
30 1247
31 1246
65536 748
65537 1323
65538 1247
65539 1247
65540 1247
65541 1248
65542 1248
65543 1176
65544 1247
65545 1248
65546 1248
65547 1247
65548 1175
65549 1247
65550 1248
65551 1248
65552 1248
65553 1248
65554 1176
65555 1177
65556 1248
65557 1248
65558 1177
65559 1248
65560 1248
65561 1393
65562 1248
65563 1248
65564 1252
65565 1177
65566 1321
65567 1247
131072 1253
131073 1252
131074 1105
131075 1177
131076 1248
131077 1248
131078 1248
131079 1248
131080 1328
131081 1468
131082 1177
131083 1176
131084 1030
131085 1248
131086 1248
131087 1247
131088 1248
131089 1247
131090 1248
131091 1247
131092 1247
131093 1176
131094 1322
131095 1322
131096 1247
131097 1246
131098 1105
131099 1247
131100 1247
131101 1245
131102 1175
131103 1102
196608 1110
196609 1106
196610 1248
196611 1033
196612 1032
196613 1246
196614 1247
196615 1247
196616 1248
196617 1177
196618 1177
196619 1105
196620 1105
196621 1106
196622 1248
196623 1177
196624 1177
196625 1248
196626 1248
196627 1248
196628 1248
196629 1248
196630 1177
196631 1322
196632 1247
196633 1247
196634 1176
196635 962
196636 1247
196637 1105
196638 1176
196639 1245
262144 1110
262145 1178
262146 1249
262147 1178
262148 1249
262149 1178
262150 1393
262151 1178
262152 1322
262153 1177
262154 1248
262155 1177
262156 1105
262157 1247
262158 1104
262159 239
262160 239
262161 239
262162 239
262163 239
262164 239
262165 239
262166 239
262167 239
262168 239
262169 239
262170 239
262171 239
262172 239
262173 239
262174 239
262175 239
kernel_count 23074
