0 1182
1 1248
2 1248
3 1176
4 1248
5 1248
6 1176
7 1177
8 1248
9 1248
10 1248
11 1106
12 1248
13 1106
14 1248
15 1248
16 1248
17 1248
18 1106
19 1248
20 1248
21 1177
22 1177
23 1176
24 1247
25 1247
26 1177
27 1247
28 1247
29 1248
30 1392
31 1175
65536 1254
65537 1249
65538 1177
65539 1247
65540 1177
65541 1253
65542 1253
65543 1611
65544 1175
65545 1464
65546 1248
65547 1248
65548 1177
65549 1177
65550 1248
65551 1248
65552 1035
65553 958
65554 959
65555 1247
65556 1247
65557 1248
65558 1248
65559 1247
65560 1247
65561 1247
65562 1246
65563 1321
65564 1321
65565 1322
65566 1246
65567 1246
131072 747
131073 822
131074 1324
131075 1248
131076 1249
131077 1253
131078 1177
131079 1249
131080 1176
131081 1177
131082 1395
131083 1249
131084 1323
131085 1395
131086 1177
131087 1249
131088 1176
131089 1177
131090 1249
131091 1176
131092 1177
131093 1247
131094 1177
131095 1248
131096 1248
131097 1249
131098 1684
131099 1395
131100 1249
131101 1249
131102 1325
131103 1608
196608 1254
196609 1325
196610 1248
196611 1249
196612 1249
196613 1249
196614 1248
196615 1247
196616 1325
196617 1249
196618 1681
196619 1248
196620 1395
196621 1325
196622 1396
196623 1177
196624 1248
196625 1248
196626 1177
196627 1177
196628 1177
196629 1177
196630 1177
196631 1177
196632 1177
196633 1177
196634 1177
196635 1177
196636 1251
196637 1247
196638 1247
196639 1247
262144 1182
262145 1249
262146 1176
262147 1176
262148 1466
262149 1466
262150 1177
262151 1248
262152 1247
262153 1176
262154 1177
262155 1177
262156 1106
262157 1177
262158 1323
262159 1248
262160 1323
262161 1322
262162 1323
262163 1470
262164 1319
262165 1247
262166 1247
262167 1105
262168 1247
262169 1246
262170 1176
262171 1176
262172 1105
262173 1247
262174 1246
262175 1175
327680 1182
327681 1248
327682 1106
327683 1248
327684 1106
327685 1177
327686 1106
327687 1176
327688 1247
327689 1248
327690 1392
327691 1391
327692 1392
327693 1177
327694 1248
327695 1392
327696 1392
327697 1247
327698 1176
327699 1247
327700 1247
327701 1176
327702 1247
327703 1247
327704 1247
327705 1247
327706 1247
327707 1247
327708 1247
327709 1176
327710 1174
327711 1247
393216 748
393217 746
393218 747
393219 1177
393220 1248
393221 1177
393222 1248
393223 1248
393224 1248
393225 1248
393226 1248
393227 1248
393228 1177
393229 1247
393230 1248
393231 1248
393232 1106
393233 1247
393234 1247
393235 1106
393236 1324
393237 1106
393238 1248
393239 1177
393240 1248
393241 1248
393242 1247
393243 1248
393244 1247
393245 1106
393246 1248
393247 1536
458752 1254
458753 1247
458754 239
458755 239
458756 239
458757 239
458758 239
458759 239
458760 239
458761 239
458762 239
458763 239
458764 239
458765 239
458766 239
458767 239
458768 239
458769 239
458770 239
458771 239
458772 239
458773 239
458774 239
458775 239
458776 239
458777 239
458778 239
458779 239
458780 239
458781 239
458782 239
458783 239
kernel_count 37138
