0 1252
1 1030
2 1246
3 1247
4 1245
5 1246
6 1246
7 1247
8 1245
9 1246
10 1030
11 1246
12 1246
13 1245
14 1247
15 1247
16 1176
17 1247
18 1247
19 1247
20 1247
21 1247
22 1247
23 1247
24 1247
25 1246
26 1247
27 1247
28 1247
29 1247
30 1247
31 1247
65536 894
65537 1176
65538 1176
65539 1176
65540 1176
65541 1247
65542 1247
65543 1247
65544 1247
65545 1246
65546 1247
65547 1105
65548 1246
65549 1246
65550 1247
65551 1105
65552 1176
65553 1176
65554 1247
65555 1247
65556 1176
65557 1247
65558 1105
65559 1246
65560 1247
65561 1247
65562 1246
65563 1247
65564 1247
65565 1176
65566 1247
65567 1247
131072 1110
131073 1247
131074 1176
131075 1247
131076 1247
131077 1247
131078 1176
131079 1247
131080 1247
131081 1175
131082 1175
131083 1175
131084 1175
131085 739
131086 1105
131087 1247
131088 1247
131089 1247
131090 1247
131091 1247
131092 1246
131093 1176
131094 1247
131095 1176
131096 1247
131097 1176
131098 1247
131099 1247
131100 1246
131101 1247
131102 1174
131103 1175
196608 1182
196609 1249
196610 1249
196611 1178
196612 1177
196613 1177
196614 1249
196615 1249
196616 1249
196617 1177
196618 1395
196619 1106
196620 1177
196621 1177
196622 1106
196623 1248
196624 1106
196625 1248
196626 1248
196627 1248
196628 1177
196629 1391
196630 1105
196631 1176
196632 1247
196633 1246
196634 1176
196635 1247
196636 1246
196637 1247
196638 1247
196639 1175
262144 1254
262145 1177
262146 1248
262147 1322
262148 1247
262149 1247
262150 1030
262151 1247
262152 1175
262153 1175
262154 1176
262155 1247
262156 1247
262157 1247
262158 1105
262159 1105
262160 1247
262161 1247
262162 1247
262163 1247
262164 1247
262165 1247
262166 960
262167 960
262168 960
262169 1175
262170 1104
262171 1247
262172 1247
262173 1247
262174 1247
262175 1247
327680 1253
327681 1175
327682 1248
327683 1176
327684 1175
327685 1248
327686 1029
327687 1248
327688 1323
327689 1248
327690 1323
327691 1248
327692 1248
327693 1322
327694 1248
327695 1392
327696 1248
327697 1247
327698 1247
327699 1177
327700 1248
327701 1248
327702 1391
327703 1247
327704 1176
327705 1247
327706 1247
327707 1247
327708 1247
327709 1247
327710 1246
327711 1246
393216 1110
393217 1253
393218 1325
393219 1249
393220 1249
393221 1248
393222 1249
393223 1248
393224 1248
393225 1248
393226 1608
393227 1106
393228 1177
393229 1392
393230 1247
393231 1247
393232 1175
393233 1175
393234 1176
393235 1247
393236 1245
393237 1247
393238 1247
393239 1247
393240 1247
393241 1246
393242 1247
393243 1247
393244 1247
393245 1247
393246 1176
393247 1247
458752 1254
458753 1249
458754 1249
458755 1248
458756 1248
458757 1249
458758 1249
458759 1324
458760 1252
458761 1252
458762 1465
458763 1248
458764 1248
458765 1248
458766 1177
458767 1321
458768 1247
458769 1247
458770 1246
458771 1105
458772 1105
458773 1105
458774 1105
458775 1105
458776 1105
458777 1105
458778 1105
458779 1176
458780 1175
458781 1104
458782 1105
458783 1247
524288 1182
524289 1177
524290 1467
524291 1467
524292 1467
524293 1249
524294 1467
524295 1467
524296 1177
524297 1177
524298 1248
524299 1247
524300 1248
524301 1248
524302 1106
524303 1248
524304 1106
524305 1248
524306 1248
524307 1105
524308 1105
524309 1247
524310 1248
524311 1177
524312 1248
524313 1247
524314 1248
524315 1248
524316 1248
524317 1104
524318 1175
524319 1250
589824 1401
589825 1323
589826 1249
589827 1393
589828 747
589829 747
589830 1177
589831 1034
589832 1248
589833 1248
589834 1175
589835 1105
589836 239
589837 239
589838 239
589839 239
589840 239
589841 239
589842 239
589843 239
589844 239
589845 239
589846 239
589847 239
589848 239
589849 239
589850 239
589851 239
589852 239
589853 239
589854 239
589855 239
kernel_count 48096
