0 1253
1 1393
2 1248
3 1177
4 1106
5 1248
6 1248
7 1106
8 1248
9 1248
10 1030
11 1177
12 1176
13 1106
14 1177
15 1248
16 1248
17 1248
18 1248
19 1180
20 1176
21 1105
22 1176
23 1321
24 1248
25 1322
26 1106
27 1176
28 1176
29 1247
30 1322
31 1322
65536 1254
65537 1247
65538 1322
65539 1322
65540 1176
65541 1247
65542 1246
65543 1247
65544 1247
65545 1105
65546 1247
65547 1246
65548 1246
65549 1247
65550 1246
65551 1176
65552 1246
65553 1175
65554 1104
65555 1176
65556 1246
65557 1247
65558 1247
65559 1105
65560 1105
65561 1176
65562 1246
65563 1247
65564 1247
65565 1247
65566 1247
65567 1247
131072 1329
131073 1106
131074 1029
131075 1177
131076 1394
131077 1249
131078 1176
131079 1248
131080 1249
131081 1249
131082 1249
131083 1249
131084 1249
131085 1177
131086 1177
131087 1178
131088 1248
131089 1249
131090 1249
131091 1465
131092 1249
131093 1249
131094 1249
131095 1249
131096 1248
131097 1249
131098 1249
131099 1248
131100 1249
131101 1177
131102 1394
131103 1247
196608 1253
196609 1247
196610 1250
196611 1249
196612 1250
196613 1249
196614 1249
196615 1321
196616 1248
196617 1248
196618 1247
196619 1176
196620 1247
196621 1248
196622 1248
196623 1248
196624 1177
196625 1248
196626 1248
196627 1248
196628 1248
196629 1248
196630 1248
196631 1248
196632 1177
196633 1248
196634 1177
196635 1106
196636 1106
196637 1177
196638 1177
196639 1322
262144 1110
262145 1247
262146 1247
262147 1177
262148 1177
262149 1176
262150 1106
262151 1248
262152 1248
262153 1248
262154 1248
262155 1248
262156 1248
262157 1248
262158 1177
262159 1248
262160 1177
262161 1176
262162 1247
262163 1248
262164 1104
262165 1248
262166 1248
262167 1248
262168 1248
262169 1392
262170 1176
262171 1176
262172 1176
262173 1247
262174 1247
262175 1247
327680 1254
327681 1177
327682 1324
327683 1249
327684 1324
327685 1249
327686 1177
327687 1177
327688 1249
327689 1249
327690 1249
327691 1249
327692 1106
327693 1249
327694 1249
327695 1249
327696 1249
327697 1177
327698 1249
327699 1249
327700 1248
327701 1248
327702 1249
327703 1249
327704 1249
327705 1249
327706 1249
327707 1249
327708 1249
327709 1176
327710 1464
327711 1247
393216 1254
393217 1248
393218 1249
393219 1176
393220 1176
393221 1249
393222 1030
393223 1249
393224 1249
393225 1249
393226 1176
393227 1106
393228 1249
393229 1248
393230 1325
393231 1324
393232 1325
393233 1325
393234 1177
393235 1252
393236 1249
393237 1325
393238 1249
393239 1248
393240 1248
393241 1176
393242 1176
393243 1324
393244 1105
393245 1106
393246 1678
393247 1246
458752 1254
458753 1249
458754 1248
458755 1176
458756 1249
458757 1177
458758 1249
458759 1249
458760 1248
458761 1249
458762 1177
458763 1609
458764 1177
458765 1177
458766 1609
458767 1248
458768 1394
458769 1177
458770 1248
458771 1394
458772 1177
458773 1249
458774 1176
458775 1176
458776 1176
458777 1249
458778 1394
458779 1323
458780 1249
458781 1248
458782 1249
458783 1394
524288 824
524289 747
524290 1106
524291 1248
524292 1177
524293 1397
524294 1248
524295 1397
524296 1248
524297 1397
524298 1248
524299 1397
524300 1247
524301 1248
524302 1248
524303 1248
524304 1248
524305 1467
524306 1247
524307 1248
524308 1177
524309 1392
524310 1177
524311 1392
524312 1248
524313 1034
524314 1248
524315 1248
524316 1393
524317 1393
524318 1322
524319 1245
589824 1253
589825 1247
589826 1247
589827 1176
589828 1176
589829 1175
589830 1247
589831 1247
589832 1247
589833 1175
589834 1247
589835 1247
589836 1247
589837 1105
589838 1176
589839 1247
589840 1247
589841 1247
589842 1247
589843 1246
589844 1247
589845 1247
589846 1247
589847 1247
589848 1246
589849 1246
589850 1247
589851 1247
589852 1247
589853 1247
589854 1247
589855 1247
655360 1254
655361 1249
655362 1396
655363 1394
655364 1031
655365 1249
655366 1249
655367 1107
655368 1250
655369 1178
655370 1250
655371 1250
655372 1250
655373 1250
655374 1178
655375 1107
655376 1250
655377 1465
655378 1465
655379 1248
655380 1247
655381 1248
655382 1248
655383 1246
655384 1176
655385 239
655386 239
655387 239
655388 239
655389 239
655390 239
655391 239
kernel_count 56079
