0 1254
1 1249
2 1249
3 1249
4 1463
5 1463
6 1463
7 1464
8 1249
9 1249
10 1249
11 1249
12 1177
13 1463
14 1463
15 1463
16 1246
17 1247
18 1246
19 1245
20 1245
21 1246
22 1246
23 1245
24 1246
25 1245
26 1246
27 1245
28 1246
29 1245
30 1175
31 1245
65536 1110
65537 1176
65538 1247
65539 1247
65540 1247
65541 1247
65542 1246
65543 1247
65544 1247
65545 1104
65546 1103
65547 1176
65548 1175
65549 1104
65550 1247
65551 1247
65552 1175
65553 1176
65554 1175
65555 1104
65556 1247
65557 1247
65558 1246
65559 1246
65560 1246
65561 1247
65562 1247
65563 1246
65564 1246
65565 1246
65566 1247
65567 1246
131072 1181
131073 1176
131074 1177
131075 1177
131076 1177
131077 1248
131078 1177
131079 1248
131080 1251
131081 1177
131082 1177
131083 1248
131084 1248
131085 1248
131086 1248
131087 1106
131088 1105
131089 1177
131090 1248
131091 1177
131092 1394
131093 1394
131094 1248
131095 1248
131096 1105
131097 1105
131098 1176
131099 1105
131100 1176
131101 1175
131102 1176
131103 1179
196608 1043
196609 1248
196610 1248
196611 1177
196612 1247
196613 1106
196614 1246
196615 1247
196616 1247
196617 1104
196618 1106
196619 1248
196620 1248
196621 1177
196622 1030
196623 1030
196624 1177
196625 1177
196626 1248
196627 1322
196628 1175
196629 1247
196630 1247
196631 1247
196632 1247
196633 1105
196634 1175
196635 1247
196636 1175
196637 1104
196638 1104
196639 1175
262144 894
262145 1248
262146 1248
262147 1248
262148 1176
262149 1248
262150 1177
262151 239
262152 239
262153 239
262154 239
262155 239
262156 239
262157 239
262158 239
262159 239
262160 239
262161 239
262162 239
262163 239
262164 239
262165 239
262166 239
262167 239
262168 239
262169 239
262170 239
262171 239
262172 239
262173 239
262174 239
262175 239
kernel_count 22008
