0 1689
1 1176
2 1248
3 1176
4 1034
5 1177
6 1248
7 1249
8 1325
9 1177
10 1249
11 1249
12 1248
13 1177
14 1177
15 1177
16 1177
17 1395
18 1680
19 1248
20 1176
21 1248
22 1176
23 1034
24 1177
25 1247
26 1248
27 1322
28 1247
29 1247
30 1247
31 1175
65536 748
65537 1106
65538 1175
65539 1248
65540 1106
65541 1177
65542 1246
65543 1248
65544 1177
65545 1322
65546 1251
65547 1105
65548 1176
65549 1175
65550 1247
65551 1247
65552 1247
65553 1247
65554 1247
65555 1176
65556 1105
65557 1105
65558 1104
65559 1104
65560 1246
65561 1247
65562 1247
65563 1247
65564 1247
65565 1247
65566 1105
65567 1247
131072 1254
131073 1247
131074 1247
131075 1247
131076 1176
131077 1247
131078 1176
131079 1247
131080 1176
131081 1246
131082 1247
131083 1247
131084 1105
131085 1247
131086 1247
131087 1247
131088 1105
131089 1030
131090 1105
131091 1105
131092 1246
131093 1247
131094 1247
131095 1247
131096 1247
131097 1247
131098 1247
131099 1247
131100 1245
131101 1247
131102 1245
131103 954
196608 672
196609 1246
196610 1175
196611 1176
196612 961
196613 1104
196614 1104
196615 1247
196616 1247
196617 1247
196618 1176
196619 1247
196620 1247
196621 1246
196622 1030
196623 1246
196624 1247
196625 1175
196626 1175
196627 1246
196628 1176
196629 1247
196630 1247
196631 1030
196632 1245
196633 1245
196634 1245
196635 1247
196636 1246
196637 1247
196638 1173
196639 1173
262144 1182
262145 1324
262146 1249
262147 1249
262148 1249
262149 1249
262150 1463
262151 955
262152 957
262153 1248
262154 1177
262155 1030
262156 1248
262157 1106
262158 1105
262159 1247
262160 1248
262161 1106
262162 1176
262163 1247
262164 1246
262165 1247
262166 1248
262167 1322
262168 1248
262169 1177
262170 1248
262171 1322
262172 1322
262173 1251
262174 1246
262175 1247
327680 1038
327681 1176
327682 1248
327683 1248
327684 1177
327685 1248
327686 1247
327687 1248
327688 1106
327689 1106
327690 1175
327691 1177
327692 1177
327693 1104
327694 1176
327695 1105
327696 1177
327697 1176
327698 1106
327699 1106
327700 1177
327701 1176
327702 1177
327703 1176
327704 1104
327705 1176
327706 1176
327707 1176
327708 1176
327709 1322
327710 1321
327711 1321
393216 965
393217 1247
393218 1247
393219 1176
393220 1248
393221 1248
393222 1247
393223 1176
393224 1248
393225 1248
393226 1392
393227 1321
393228 891
393229 595
393230 815
393231 1105
393232 1247
393233 1247
393234 1176
393235 1247
393236 1105
393237 1247
393238 1247
393239 1247
393240 1246
393241 1247
393242 1247
393243 1176
393244 1246
393245 1175
393246 1247
393247 1247
458752 1113
458753 1177
458754 1249
458755 1249
458756 1249
458757 1324
458758 1177
458759 1249
458760 1177
458761 1324
458762 1249
458763 1252
458764 1249
458765 1106
458766 1248
458767 1178
458768 1178
458769 1249
458770 1249
458771 1249
458772 1177
458773 1249
458774 1464
458775 1464
458776 1247
458777 1176
458778 1247
458779 1247
458780 1104
458781 1104
458782 1175
458783 1103
524288 1182
524289 1249
524290 1249
524291 1249
524292 1249
524293 1248
524294 1176
524295 1176
524296 1247
524297 1248
524298 1249
524299 1106
524300 1176
524301 1394
524302 1249
524303 1177
524304 1322
524305 1177
524306 1393
524307 1177
524308 1393
524309 1324
524310 1324
524311 1248
524312 1248
524313 1106
524314 1324
524315 1464
524316 1247
524317 1247
524318 1247
524319 1175
589824 1182
589825 1177
589826 1248
589827 1248
589828 1249
589829 239
589830 239
589831 239
589832 239
589833 239
589834 239
589835 239
589836 239
589837 239
589838 239
589839 239
589840 239
589841 239
589842 239
589843 239
589844 239
589845 239
589846 239
589847 239
589848 239
589849 239
589850 239
589851 239
589852 239
589853 239
589854 239
589855 239
kernel_count 46783
