0 1254
1 1247
2 1539
3 1537
4 1248
5 1248
6 1248
7 1247
8 1394
9 1248
10 1248
11 1248
12 1248
13 1247
14 1323
15 1537
16 1537
17 1248
18 1248
19 1248
20 1394
21 1248
22 1248
23 1248
24 1177
25 1248
26 1247
27 1539
28 1536
29 1247
30 1247
31 1245
65536 1253
65537 1248
65538 1249
65539 1249
65540 1248
65541 1033
65542 1177
65543 1249
65544 1249
65545 1177
65546 1249
65547 1248
65548 1176
65549 1176
65550 1248
65551 1249
65552 1249
65553 1249
65554 1176
65555 1176
65556 1177
65557 1177
65558 1176
65559 1177
65560 1249
65561 1249
65562 1249
65563 1177
65564 1177
65565 1249
65566 1249
65567 1608
131072 1474
131073 1394
131074 1248
131075 1248
131076 1248
131077 1247
131078 1248
131079 1106
131080 1248
131081 1106
131082 1177
131083 1177
131084 1177
131085 1177
131086 1177
131087 1177
131088 1177
131089 1105
131090 1106
131091 1248
131092 1105
131093 1176
131094 1176
131095 1176
131096 1176
131097 1176
131098 1105
131099 1105
131100 1105
131101 1105
131102 1105
131103 1250
196608 1254
196609 1248
196610 1248
196611 1247
196612 1030
196613 1247
196614 1322
196615 1323
196616 1323
196617 1248
196618 1176
196619 1177
196620 1176
196621 1176
196622 1248
196623 1393
196624 1177
196625 1030
196626 1248
196627 1248
196628 1247
196629 1248
196630 1177
196631 1177
196632 1177
196633 1322
196634 1106
196635 1322
196636 1105
196637 1176
196638 1034
196639 1245
262144 1254
262145 1106
262146 1248
262147 1029
262148 1177
262149 1177
262150 1247
262151 1176
262152 1176
262153 1174
262154 1174
262155 1174
262156 1176
262157 1248
262158 1177
262159 1248
262160 1106
262161 1248
262162 1248
262163 1248
262164 1248
262165 1106
262166 1391
262167 1392
262168 1177
262169 1176
262170 1248
262171 1176
262172 1391
262173 1247
262174 1247
262175 1246
327680 1254
327681 1246
327682 1246
327683 1246
327684 1247
327685 1176
327686 1176
327687 1247
327688 1176
327689 1247
327690 1175
327691 1176
327692 1175
327693 1175
327694 1176
327695 1175
327696 1247
327697 1247
327698 1176
327699 1176
327700 1175
327701 1104
327702 1175
327703 1176
327704 1246
327705 1176
327706 1247
327707 1174
327708 1175
327709 1174
327710 1174
327711 1175
393216 1254
393217 1246
393218 1247
393219 1247
393220 1247
393221 1248
393222 1177
393223 1248
393224 1247
393225 1248
393226 1247
393227 1176
393228 1320
393229 1177
393230 1251
393231 1247
393232 1321
393233 1176
393234 1247
393235 1176
393236 1321
393237 1322
393238 1105
393239 1105
393240 1105
393241 1250
393242 1176
393243 1105
393244 1105
393245 1105
393246 1250
393247 1102
458752 748
458753 747
458754 747
458755 822
458756 1247
458757 1248
458758 1177
458759 1248
458760 1106
458761 1323
458762 1248
458763 1177
458764 1248
458765 1106
458766 1393
458767 1248
458768 1247
458769 1247
458770 1177
458771 1105
458772 1177
458773 1106
458774 1177
458775 1177
458776 1248
458777 1248
458778 1248
458779 1106
458780 1176
458781 1248
458782 1322
458783 1247
524288 1253
524289 1248
524290 1177
524291 816
524292 1177
524293 1249
524294 1249
524295 1249
524296 1178
524297 1249
524298 1030
524299 1106
524300 1177
524301 1106
524302 1177
524303 1177
524304 1249
524305 1465
524306 1177
524307 1106
524308 1030
524309 1106
524310 1030
524311 1248
524312 1106
524313 1248
524314 1247
524315 1248
524316 1248
524317 1538
524318 1247
524319 1103
589824 1254
589825 1249
589826 1250
589827 1394
589828 1250
589829 1250
589830 1107
589831 1107
589832 1177
589833 1249
589834 1250
589835 1465
589836 1248
589837 1246
589838 1248
589839 1248
589840 1176
589841 1175
589842 1177
589843 239
589844 239
589845 239
589846 239
589847 239
589848 239
589849 239
589850 239
589851 239
589852 239
589853 239
589854 239
589855 239
kernel_count 49020
