0 1253
1 1247
2 1247
3 1246
4 1247
5 1175
6 1247
7 1247
8 1247
9 1247
10 1247
11 1247
12 1105
13 1030
14 1247
15 1030
16 1247
17 1176
18 1175
19 1176
20 1247
21 1176
22 1030
23 1247
24 1246
25 1176
26 1029
27 1030
28 1030
29 1030
30 1176
31 1245
65536 748
65537 672
65538 747
65539 747
65540 1106
65541 1247
65542 1248
65543 1247
65544 239
65545 239
65546 239
65547 239
65548 239
65549 239
65550 239
65551 239
65552 239
65553 239
65554 239
65555 239
65556 239
65557 239
65558 239
65559 239
65560 239
65561 239
65562 239
65563 239
65564 239
65565 239
65566 239
65567 239
kernel_count 6417
