0 1181
1 1176
2 1248
3 1248
4 1248
5 1249
6 1030
7 1249
8 1249
9 1249
10 1249
11 1249
12 1249
13 1249
14 1249
15 1249
16 1249
17 1249
18 1249
19 1249
20 1249
21 1249
22 1249
23 1249
24 1323
25 1249
26 1249
27 1464
28 1247
29 1247
30 1247
31 1175
65536 1258
65537 1177
65538 1323
65539 1248
65540 1248
65541 1248
65542 1323
65543 1248
65544 1248
65545 1247
65546 1248
65547 1248
65548 1177
65549 1248
65550 1177
65551 1248
65552 1393
65553 1248
65554 1248
65555 1177
65556 1177
65557 1177
65558 1177
65559 1177
65560 1322
65561 1322
65562 1246
65563 1105
65564 1105
65565 1176
65566 1247
65567 1103
131072 1472
131073 1462
131074 1176
131075 1247
131076 1248
131077 1248
131078 1392
131079 1247
131080 1247
131081 1176
131082 1175
131083 1174
131084 1247
131085 1247
131086 1247
131087 1247
131088 1247
131089 1247
131090 1245
131091 1176
131092 1247
131093 1247
131094 1247
131095 1247
131096 1247
131097 1247
131098 1176
131099 1029
131100 1246
131101 1246
131102 1246
131103 1247
196608 962
196609 1177
196610 1249
196611 1249
196612 1249
196613 1249
196614 1030
196615 1030
196616 1249
196617 1176
196618 1176
196619 1249
196620 1252
196621 1249
196622 1249
196623 1464
196624 1393
196625 1178
196626 1464
196627 1177
196628 1106
196629 1392
196630 1392
196631 1247
196632 1247
196633 1105
196634 1176
196635 1105
196636 1102
196637 1175
196638 1246
196639 1175
262144 1401
262145 1321
262146 1251
262147 1176
262148 1176
262149 1248
262150 1248
262151 1248
262152 1248
262153 1248
262154 1248
262155 1248
262156 1248
262157 1247
262158 1248
262159 1248
262160 1248
262161 1245
262162 1248
262163 1248
262164 1177
262165 1247
262166 1248
262167 1322
262168 1248
262169 1248
262170 1247
262171 1177
262172 1321
262173 1246
262174 1174
262175 1175
327680 1253
327681 1248
327682 1539
327683 1540
327684 1248
327685 1175
327686 1248
327687 1249
327688 1540
327689 1248
327690 1466
327691 1466
327692 1177
327693 1249
327694 1177
327695 1177
327696 1249
327697 1248
327698 1106
327699 1030
327700 1249
327701 1249
327702 1249
327703 1249
327704 1249
327705 1396
327706 1325
327707 1395
327708 1325
327709 1610
327710 1105
327711 1466
393216 1254
393217 1177
393218 1177
393219 1250
393220 1250
393221 1249
393222 1250
393223 1249
393224 1250
393225 1250
393226 1250
393227 1250
393228 1031
393229 1250
393230 1250
393231 1178
393232 1250
393233 1464
393234 1177
393235 1248
393236 1177
393237 1106
393238 1177
393239 1248
393240 1248
393241 1247
393242 1248
393243 1248
393244 1248
393245 1248
393246 1248
393247 239
kernel_count 36359
