0 1254
1 1176
2 1248
3 1248
4 1248
5 1248
6 1248
7 1177
8 1248
9 1393
10 1393
11 1322
12 1393
13 1322
14 1393
15 1322
16 1393
17 1322
18 1393
19 1322
20 1393
21 1322
22 1393
23 1248
24 1251
25 1247
26 1247
27 1247
28 1247
29 1247
30 1247
31 1175
65536 1182
65537 1249
65538 1249
65539 1248
65540 1177
65541 1248
65542 1177
65543 1177
65544 1249
65545 1177
65546 1177
65547 1249
65548 1176
65549 1249
65550 1249
65551 1249
65552 1249
65553 1106
65554 1106
65555 1177
65556 1105
65557 1394
65558 1248
65559 1324
65560 1394
65561 1464
65562 1463
65563 1392
65564 1392
65565 1248
65566 1390
65567 1175
131072 1254
131073 1248
131074 1396
131075 1325
131076 1249
131077 1249
131078 1104
131079 1249
131080 1249
131081 1249
131082 1249
131083 1177
131084 1248
131085 1249
131086 1106
131087 1177
131088 1176
131089 1176
131090 1177
131091 1395
131092 1249
131093 1248
131094 1177
131095 1465
131096 1248
131097 1248
131098 1248
131099 1393
131100 1393
131101 1177
131102 1248
131103 1396
196608 1405
196609 1248
196610 1248
196611 1106
196612 1252
196613 1248
196614 1248
196615 1247
196616 1106
196617 1248
196618 1248
196619 1248
196620 1248
196621 1248
196622 1248
196623 1248
196624 1248
196625 1177
196626 1252
196627 1248
196628 1248
196629 1322
196630 1104
196631 1250
196632 1175
196633 1247
196634 1392
196635 1247
196636 1247
196637 1247
196638 1247
196639 1175
262144 1181
262145 1177
262146 595
262147 1177
262148 1176
262149 1177
262150 1177
262151 1249
262152 1324
262153 1396
262154 1395
262155 1325
262156 1325
262157 1248
262158 1032
262159 1607
262160 1608
262161 1247
262162 1176
262163 1247
262164 1247
262165 1247
262166 1176
262167 1176
262168 1247
262169 1247
262170 1176
262171 1247
262172 1105
262173 1247
262174 1247
262175 1247
327680 1182
327681 1247
327682 1176
327683 1176
327684 1176
327685 1176
327686 1246
327687 1247
327688 1175
327689 1247
327690 1247
327691 1247
327692 1247
327693 1247
327694 1176
327695 1105
327696 1246
327697 1247
327698 1176
327699 1176
327700 1176
327701 1176
327702 1176
327703 1175
327704 1247
327705 1176
327706 1247
327707 1247
327708 1247
327709 1247
327710 1247
327711 1246
393216 1182
393217 1250
393218 1250
393219 1249
393220 1466
393221 1250
393222 1250
393223 1250
393224 1249
393225 1178
393226 1177
393227 1031
393228 1466
393229 1249
393230 1250
393231 1539
393232 1323
393233 1248
393234 1248
393235 1031
393236 1247
393237 1247
393238 1247
393239 1177
393240 1248
393241 1248
393242 1106
393243 1033
393244 1104
393245 1248
393246 811
393247 239
kernel_count 36364
