0 1254
1 1248
2 1248
3 959
4 1248
5 1177
6 1177
7 1106
8 1248
9 1467
10 1323
11 1323
12 1247
13 1248
14 1467
15 1247
16 1321
17 1248
18 1248
19 1177
20 1176
21 1176
22 1322
23 1248
24 1248
25 1248
26 1176
27 1321
28 1246
29 1176
30 1247
31 1245
65536 1254
65537 1249
65538 1249
65539 1324
65540 1176
65541 1248
65542 1106
65543 1465
65544 1248
65545 1030
65546 1248
65547 1106
65548 1030
65549 1106
65550 1247
65551 1106
65552 1106
65553 1248
65554 1106
65555 1106
65556 1248
65557 1106
65558 1106
65559 1248
65560 1106
65561 1248
65562 1106
65563 1248
65564 1248
65565 1322
65566 1175
65567 1247
131072 1181
131073 1248
131074 1247
131075 1248
131076 1177
131077 1323
131078 1248
131079 1323
131080 1248
131081 1248
131082 1248
131083 1248
131084 1248
131085 1248
131086 1248
131087 1248
131088 1248
131089 1176
131090 1248
131091 1248
131092 1177
131093 1392
131094 1245
131095 1246
131096 1247
131097 1105
131098 1247
131099 1247
131100 1247
131101 1247
131102 1247
131103 1247
196608 1253
196609 1326
196610 1249
196611 959
196612 1465
196613 1249
196614 1107
196615 1107
196616 1178
196617 1249
196618 1178
196619 1178
196620 1393
196621 1178
196622 1249
196623 1249
196624 1249
196625 1249
196626 1249
196627 1249
196628 1248
196629 1249
196630 1247
196631 1467
196632 1178
196633 1249
196634 1249
196635 1248
196636 1467
196637 1177
196638 1248
196639 1249
kernel_count 20650
