0 1405
1 1468
2 1394
3 1248
4 1397
5 1249
6 1249
7 1249
8 1249
9 1610
10 1249
11 1249
12 1249
13 1467
14 1249
15 1248
16 1249
17 1249
18 1249
19 1178
20 1610
21 1248
22 1248
23 1247
24 1467
25 1247
26 1248
27 1248
28 1177
29 1248
30 1322
31 1247
65536 1109
65537 1030
65538 1397
65539 1248
65540 1248
65541 1030
65542 1253
65543 1248
65544 1397
65545 1177
65546 1248
65547 1247
65548 1248
65549 1248
65550 1324
65551 1248
65552 1106
65553 1397
65554 958
65555 1397
65556 1030
65557 1397
65558 1247
65559 1326
65560 1396
65561 1177
65562 1106
65563 1177
65564 1248
65565 1248
65566 1177
65567 1392
131072 1181
131073 1248
131074 1177
131075 1177
131076 1177
131077 1541
131078 1465
131079 1249
131080 1539
131081 1464
131082 1248
131083 1177
131084 1247
131085 1247
131086 1247
131087 1030
131088 1177
131089 1247
131090 1247
131091 1248
131092 1248
131093 1393
131094 1323
131095 1392
131096 1247
131097 1247
131098 1247
131099 1246
131100 1246
131101 1247
131102 1030
131103 1245
196608 748
196609 1034
196610 1324
196611 1537
196612 1248
196613 1176
196614 1106
196615 1248
196616 1248
196617 1177
196618 1106
196619 1180
196620 1248
196621 1251
196622 1248
196623 1248
196624 1248
196625 1245
196626 1248
196627 1177
196628 1177
196629 1177
196630 1106
196631 1176
196632 1106
196633 1248
196634 1248
196635 1248
196636 1175
196637 1177
196638 1248
196639 1321
262144 1333
262145 1249
262146 1248
262147 960
262148 893
262149 239
262150 239
262151 239
262152 239
262153 239
262154 239
262155 239
262156 239
262157 239
262158 239
262159 239
262160 239
262161 239
262162 239
262163 239
262164 239
262165 239
262166 239
262167 239
262168 239
262169 239
262170 239
262171 239
262172 239
262173 239
262174 239
262175 239
kernel_count 22368
