0 1037
1 1034
2 1106
3 1030
4 1106
5 1248
6 1034
7 1034
8 1030
9 1030
10 1247
11 1248
12 1393
13 1396
14 1394
15 1395
16 1396
17 1395
18 1247
19 1247
20 1247
21 1247
22 1246
23 1247
24 1247
25 1176
26 1246
27 1247
28 1033
29 1033
30 1030
31 1247
65536 1476
65537 1249
65538 1176
65539 1175
65540 1176
65541 1249
65542 1176
65543 1177
65544 1249
65545 1175
65546 1249
65547 1249
65548 1175
65549 1177
65550 1176
65551 1249
65552 1249
65553 1466
65554 1249
65555 1466
65556 1465
65557 1177
65558 1177
65559 1177
65560 1323
65561 1609
65562 1321
65563 1176
65564 1176
65565 1105
65566 1176
65567 1246
131072 1182
131073 1247
131074 1176
131075 1247
131076 1247
131077 1247
131078 1247
131079 1247
131080 1176
131081 1247
131082 1246
131083 1247
131084 1247
131085 1030
131086 1246
131087 1246
131088 1247
131089 1246
131090 1247
131091 1247
131092 1033
131093 1247
131094 1247
131095 1247
131096 1247
131097 1247
131098 1247
131099 1175
131100 1247
131101 1247
131102 1176
131103 1247
196608 1404
196609 1177
196610 747
196611 747
196612 747
196613 747
196614 747
196615 1248
196616 1399
196617 1106
196618 1105
196619 1248
196620 1248
196621 1248
196622 1177
196623 1248
196624 1249
196625 1177
196626 1686
196627 1248
196628 1393
196629 1464
196630 1247
196631 1174
196632 1175
196633 1177
196634 1248
196635 1248
196636 1322
196637 1250
196638 1175
196639 1247
262144 822
262145 820
262146 745
262147 1175
262148 1247
262149 1247
262150 1176
262151 1105
262152 1105
262153 1247
262154 1105
262155 1176
262156 1176
262157 1174
262158 1247
262159 1247
262160 962
262161 1247
262162 1247
262163 1105
262164 1175
262165 1247
262166 1246
262167 1030
262168 1246
262169 1247
262170 1247
262171 1175
262172 958
262173 958
262174 958
262175 1102
327680 1182
327681 1249
327682 1178
327683 1107
327684 1107
327685 1248
327686 1249
327687 1248
327688 1249
327689 1249
327690 1249
327691 1395
327692 1177
327693 1178
327694 1611
327695 1177
327696 1177
327697 1176
327698 1247
327699 1176
327700 1102
327701 239
327702 239
327703 239
327704 239
327705 239
327706 239
327707 239
327708 239
327709 239
327710 239
327711 239
kernel_count 28586
