0 1254
1 1247
2 1247
3 1246
4 1176
5 1246
6 1247
7 1176
8 1175
9 1246
10 1105
11 1247
12 1246
13 1246
14 1247
15 1247
16 1176
17 1246
18 1176
19 1176
20 1246
21 1247
22 1105
23 1246
24 1246
25 1247
26 1246
27 1246
28 1175
29 1246
30 1246
31 1246
65536 747
65537 746
65538 1247
65539 1250
65540 1247
65541 1247
65542 1247
65543 1247
65544 1322
65545 1247
65546 1247
65547 1246
65548 1246
65549 1246
65550 1174
65551 1174
65552 1247
65553 1176
65554 1175
65555 1247
65556 1247
65557 1247
65558 1247
65559 1176
65560 1247
65561 1174
65562 1174
65563 1175
65564 1174
65565 1174
65566 1174
65567 1174
131072 747
131073 1247
131074 1248
131075 1248
131076 1176
131077 1177
131078 1322
131079 1247
131080 1177
131081 1248
131082 1322
131083 1322
131084 1248
131085 1248
131086 1248
131087 1251
131088 1247
131089 1175
131090 1246
131091 1246
131092 1247
131093 1176
131094 1247
131095 1247
131096 1176
131097 1247
131098 1176
131099 1247
131100 1247
131101 1176
131102 1247
131103 1247
196608 748
196609 747
196610 747
196611 747
196612 1106
196613 670
196614 1176
196615 1177
196616 1249
196617 1249
196618 1249
196619 1106
196620 1249
196621 1466
196622 1177
196623 1248
196624 1466
196625 1394
196626 1249
196627 1249
196628 1249
196629 1393
196630 1249
196631 1609
196632 1177
196633 1394
196634 1249
196635 1249
196636 1249
196637 1394
196638 1249
196639 1609
262144 747
262145 1105
262146 1105
262147 1247
262148 1248
262149 1105
262150 1247
262151 1247
262152 1105
262153 1105
262154 1105
262155 1176
262156 1247
262157 1467
262158 1395
262159 1248
262160 1248
262161 1248
262162 1177
262163 1391
262164 1393
262165 1321
262166 1250
262167 1174
262168 1174
262169 1247
262170 1105
262171 1105
262172 1176
262173 1105
262174 1105
262175 1246
327680 1256
327681 1322
327682 1177
327683 1106
327684 1249
327685 1249
327686 1249
327687 1249
327688 1106
327689 1106
327690 1176
327691 1540
327692 1177
327693 1252
327694 1176
327695 1394
327696 1106
327697 1177
327698 1177
327699 1395
327700 1106
327701 1177
327702 1249
327703 1177
327704 1249
327705 1177
327706 1249
327707 1249
327708 1463
327709 1176
327710 1246
327711 1246
393216 1254
393217 1394
393218 1249
393219 1249
393220 1249
393221 1106
393222 1106
393223 1106
393224 1249
393225 1248
393226 1395
393227 1249
393228 1395
393229 1030
393230 1176
393231 1030
393232 1177
393233 1249
393234 1249
393235 1539
393236 1249
393237 1177
393238 1177
393239 1175
393240 1249
393241 1393
393242 1247
393243 1249
393244 1248
393245 1250
393246 1029
393247 1103
458752 1254
458753 1248
458754 1323
458755 1177
458756 1177
458757 1248
458758 1248
458759 1177
458760 1177
458761 822
458762 816
458763 1177
458764 1247
458765 1106
458766 1248
458767 1248
458768 1105
458769 1177
458770 1177
458771 1394
458772 1391
458773 1394
458774 1390
458775 1247
458776 1176
458777 1246
458778 1247
458779 1247
458780 1175
458781 1246
458782 1247
458783 1102
524288 1110
524289 1182
524290 1248
524291 1177
524292 1247
524293 1248
524294 1248
524295 1247
524296 1176
524297 1248
524298 1393
524299 1393
524300 1394
524301 1322
524302 1322
524303 1248
524304 1247
524305 1248
524306 1466
524307 1176
524308 1176
524309 1175
524310 1176
524311 1176
524312 1247
524313 1246
524314 1247
524315 1175
524316 1247
524317 1176
524318 1175
524319 1246
589824 1330
589825 1176
589826 1030
589827 1034
589828 746
589829 746
589830 747
589831 1323
589832 1176
589833 1030
589834 1177
589835 745
589836 1252
589837 1320
589838 1033
589839 1178
589840 1246
589841 1248
589842 1248
589843 1248
589844 1248
589845 1247
589846 1248
589847 1248
589848 1248
589849 1248
589850 1322
589851 1251
589852 1246
589853 1247
589854 1246
589855 1175
655360 1182
655361 1176
655362 1176
655363 1177
655364 1324
655365 1394
655366 1395
655367 1249
655368 1249
655369 1249
655370 1249
655371 1177
655372 1247
655373 1249
655374 1247
655375 1105
655376 1176
655377 1324
655378 1106
655379 1248
655380 1249
655381 1394
655382 1324
655383 1465
655384 1247
655385 1248
655386 1247
655387 1248
655388 1247
655389 1247
655390 1248
655391 1322
720896 1254
720897 1250
720898 1034
720899 1250
720900 1250
720901 1249
720902 1031
720903 1250
720904 1250
720905 1107
720906 1250
720907 1250
720908 1396
720909 1396
720910 1250
720911 1249
720912 1249
720913 1325
720914 1249
720915 1608
720916 1248
720917 1175
720918 1027
720919 239
720920 239
720921 239
720922 239
720923 239
720924 239
720925 239
720926 239
720927 239
kernel_count 59827
