0 1254
1 1247
2 1247
3 1247
4 1247
5 1247
6 1247
7 1247
8 816
9 1247
10 1247
11 1247
12 1247
13 1105
14 1247
15 1247
16 1247
17 1247
18 1176
19 1247
20 1246
21 1247
22 1247
23 1246
24 1175
25 1176
26 1175
27 1175
28 1246
29 1247
30 1175
31 1244
65536 1182
65537 1323
65538 1248
65539 1247
65540 1106
65541 1247
65542 1248
65543 1247
65544 1248
65545 1248
65546 1248
65547 1177
65548 1248
65549 1106
65550 1248
65551 1247
65552 1248
65553 1248
65554 1106
65555 1247
65556 1248
65557 1248
65558 1247
65559 1248
65560 1392
65561 1247
65562 1247
65563 1176
65564 1246
65565 1247
65566 1246
65567 1246
131072 747
131073 1245
131074 1247
131075 1247
131076 1247
131077 1245
131078 1247
131079 1246
131080 1247
131081 1246
131082 1247
131083 1247
131084 1247
131085 1247
131086 1245
131087 1247
131088 1247
131089 1246
131090 1246
131091 1105
131092 1247
131093 1247
131094 1246
131095 1247
131096 1176
131097 1247
131098 1247
131099 1247
131100 1246
131101 1247
131102 1175
131103 1102
196608 1254
196609 1248
196610 1396
196611 1176
196612 1248
196613 1106
196614 1248
196615 1247
196616 1248
196617 1248
196618 1248
196619 1247
196620 1248
196621 1177
196622 1247
196623 1247
196624 1176
196625 1248
196626 1177
196627 1177
196628 1248
196629 1248
196630 1247
196631 1030
196632 1247
196633 1247
196634 1247
196635 1248
196636 1247
196637 1248
196638 1322
196639 1247
262144 1254
262145 1247
262146 1248
262147 1247
262148 1247
262149 1247
262150 1248
262151 1247
262152 1247
262153 1248
262154 1176
262155 958
262156 958
262157 958
262158 1247
262159 1175
262160 1175
262161 1247
262162 1106
262163 1176
262164 1392
262165 1247
262166 1247
262167 1175
262168 1174
262169 1175
262170 1104
262171 1175
262172 1104
262173 1175
262174 1175
262175 1175
327680 1257
327681 1248
327682 1248
327683 1248
327684 1322
327685 1250
327686 1250
327687 1248
327688 1248
327689 1248
327690 1322
327691 1250
327692 1176
327693 1248
327694 1248
327695 1248
327696 1250
327697 1250
327698 1248
327699 1248
327700 1248
327701 1248
327702 1248
327703 1248
327704 1106
327705 1030
327706 1106
327707 1248
327708 1248
327709 1321
327710 1246
327711 1029
393216 1180
393217 1322
393218 1105
393219 1104
393220 1105
393221 1247
393222 1175
393223 1246
393224 1175
393225 1176
393226 1466
393227 1176
393228 1466
393229 1394
393230 1247
393231 1033
393232 1104
393233 1176
393234 1175
393235 1247
393236 1248
393237 1248
393238 1248
393239 1248
393240 1248
393241 1396
393242 1247
393243 1247
393244 1175
393245 1105
393246 1176
393247 1174
458752 1182
458753 1393
458754 1106
458755 1248
458756 1030
458757 1248
458758 1248
458759 1176
458760 1106
458761 1106
458762 1536
458763 1533
458764 1533
458765 1536
458766 1177
458767 1322
458768 1323
458769 1176
458770 1175
458771 1034
458772 1247
458773 1247
458774 1105
458775 1246
458776 1105
458777 1246
458778 1176
458779 1105
458780 1247
458781 1247
458782 1247
458783 1175
524288 1254
524289 1249
524290 1463
524291 1177
524292 1248
524293 1247
524294 1392
524295 1247
524296 1104
524297 1104
524298 1177
524299 1177
524300 1106
524301 1177
524302 1177
524303 1177
524304 1391
524305 1248
524306 1247
524307 1392
524308 1247
524309 1391
524310 1248
524311 1391
524312 1248
524313 1106
524314 1246
524315 1177
524316 1177
524317 1106
524318 1392
524319 1027
589824 1254
589825 1248
589826 1247
589827 1247
589828 1247
589829 1247
589830 1248
589831 1325
589832 1176
589833 1247
589834 1247
589835 1247
589836 1106
589837 1251
589838 1248
589839 1247
589840 1106
589841 1247
589842 1248
589843 1248
589844 1248
589845 1248
589846 1177
589847 1322
589848 1105
589849 1105
589850 1246
589851 1246
589852 1246
589853 1244
589854 1176
589855 1247
655360 1037
655361 1178
655362 1181
655363 1106
655364 1249
655365 1249
655366 1324
655367 1178
655368 1177
655369 1178
655370 1249
655371 1177
655372 1248
655373 1323
655374 1107
655375 1249
655376 1249
655377 1323
655378 1177
655379 1248
655380 1249
655381 1249
655382 1107
655383 1248
655384 1178
655385 1107
655386 1248
655387 1178
655388 1177
655389 1321
655390 1248
655391 1248
kernel_count 56155
