0 1252
1 1247
2 1247
3 1247
4 1247
5 1247
6 1247
7 1247
8 1247
9 1247
10 1247
11 1247
12 1247
13 1247
14 1247
15 1247
16 1247
17 1247
18 1247
19 1247
20 1247
21 1247
22 1176
23 1247
24 1247
25 1247
26 1246
27 1247
28 1246
29 1247
30 1176
31 1247
65536 1110
65537 1248
65538 1177
65539 1248
65540 1247
65541 1392
65542 1392
65543 1248
65544 1392
65545 1248
65546 1248
65547 1248
65548 1248
65549 1034
65550 1177
65551 1248
65552 1392
65553 1248
65554 1392
65555 1177
65556 1030
65557 1247
65558 1247
65559 1247
65560 1105
65561 1104
65562 1177
65563 1248
65564 1106
65565 1177
65566 1392
65567 1247
131072 1108
131073 1248
131074 1106
131075 1106
131076 959
131077 1177
131078 1030
131079 959
131080 1177
131081 1030
131082 959
131083 1176
131084 1177
131085 1177
131086 1248
131087 1248
131088 1106
131089 1248
131090 1248
131091 1323
131092 1247
131093 1177
131094 1106
131095 1177
131096 1248
131097 1176
131098 1397
131099 1248
131100 1248
131101 1177
131102 1395
131103 1246
196608 1253
196609 1248
196610 1176
196611 1177
196612 1177
196613 1106
196614 1249
196615 1106
196616 1177
196617 1324
196618 1175
196619 1176
196620 1175
196621 1324
196622 1176
196623 1177
196624 1177
196625 1177
196626 1177
196627 1177
196628 1177
196629 1177
196630 1177
196631 1248
196632 1176
196633 1464
196634 1177
196635 1395
196636 1248
196637 1395
196638 1248
196639 1396
262144 1254
262145 1177
262146 1249
262147 1249
262148 1249
262149 1249
262150 1177
262151 1249
262152 1538
262153 1177
262154 1252
262155 1248
262156 1248
262157 1251
262158 1251
262159 1322
262160 1325
262161 1321
262162 1248
262163 1106
262164 1177
262165 1177
262166 1030
262167 1176
262168 1248
262169 1177
262170 1177
262171 1104
262172 1248
262173 1248
262174 1248
262175 1322
327680 1254
327681 1177
327682 1393
327683 1394
327684 1177
327685 1106
327686 747
327687 747
327688 823
327689 1248
327690 1177
327691 1392
327692 1393
327693 1177
327694 1177
327695 1177
327696 1247
327697 1247
327698 1106
327699 1034
327700 1248
327701 1248
327702 1106
327703 1034
327704 1177
327705 1535
327706 1176
327707 1535
327708 1536
327709 1105
327710 1247
327711 1247
393216 1330
393217 1249
393218 1249
393219 1250
393220 1250
393221 1250
393222 1178
393223 1465
393224 1248
393225 1248
393226 1248
393227 1177
393228 1176
393229 1176
393230 1247
393231 1177
393232 1177
393233 1248
393234 1248
393235 1248
393236 1177
393237 1248
393238 1248
393239 1177
393240 1177
393241 1177
393242 1249
393243 239
393244 239
393245 239
393246 239
393247 239
kernel_count 35080
