0 1254
1 1176
2 1246
3 1246
4 1246
5 1247
6 1247
7 1176
8 1247
9 1246
10 1176
11 1247
12 1247
13 1247
14 1247
15 1247
16 1247
17 1247
18 1247
19 1175
20 1174
21 1176
22 1175
23 1175
24 1175
25 1247
26 1247
27 1176
28 1176
29 1175
30 1247
31 1247
65536 1254
65537 1247
65538 890
65539 1247
65540 1247
65541 1175
65542 1247
65543 1176
65544 1247
65545 1247
65546 1176
65547 1247
65548 1175
65549 1247
65550 1247
65551 1247
65552 1176
65553 1247
65554 1176
65555 1175
65556 1246
65557 1247
65558 1246
65559 1175
65560 1246
65561 1175
65562 1247
65563 1247
65564 1246
65565 1246
65566 1246
65567 1246
131072 1254
131073 1319
131074 1176
131075 1247
131076 1104
131077 1176
131078 1176
131079 1247
131080 1247
131081 1176
131082 1176
131083 1175
131084 1175
131085 1174
131086 1175
131087 1175
131088 1175
131089 1175
131090 1175
131091 1175
131092 1175
131093 1175
131094 1174
131095 1175
131096 1175
131097 1247
131098 1176
131099 1247
131100 1247
131101 1176
131102 1247
131103 1247
196608 1254
196609 1323
196610 1177
196611 1248
196612 1248
196613 1248
196614 1324
196615 1176
196616 1030
196617 1247
196618 1247
196619 1247
196620 1246
196621 1247
196622 1247
196623 1246
196624 1246
196625 1247
196626 1247
196627 1247
196628 1176
196629 1247
196630 1105
196631 1246
196632 1175
196633 1247
196634 1247
196635 1247
196636 1247
196637 1176
196638 1247
196639 1247
262144 1254
262145 1177
262146 1106
262147 1248
262148 1248
262149 1248
262150 1248
262151 1248
262152 1248
262153 1247
262154 1105
262155 1105
262156 1105
262157 1248
262158 1248
262159 1177
262160 1177
262161 1248
262162 1248
262163 1177
262164 1248
262165 1393
262166 1248
262167 1248
262168 1248
262169 1247
262170 959
262171 1177
262172 1248
262173 1251
262174 1247
262175 1174
327680 1182
327681 1247
327682 1247
327683 1246
327684 1247
327685 1105
327686 1246
327687 1175
327688 1247
327689 1105
327690 1246
327691 1176
327692 1247
327693 1176
327694 1247
327695 1247
327696 1246
327697 1247
327698 1246
327699 1246
327700 1175
327701 1176
327702 1247
327703 1176
327704 1176
327705 1247
327706 1247
327707 1247
327708 1176
327709 1247
327710 1247
327711 1247
393216 1254
393217 1248
393218 1248
393219 1392
393220 1392
393221 958
393222 1248
393223 1106
393224 1030
393225 1029
393226 1177
393227 1176
393228 1247
393229 1248
393230 1248
393231 1248
393232 1176
393233 1177
393234 1248
393235 1247
393236 1247
393237 1248
393238 1247
393239 1247
393240 1248
393241 1177
393242 1391
393243 1247
393244 1392
393245 1246
393246 1247
393247 1247
458752 1037
458753 1105
458754 1465
458755 1249
458756 1393
458757 1393
458758 1249
458759 1248
458760 1248
458761 1249
458762 1324
458763 1177
458764 1249
458765 1249
458766 1323
458767 1248
458768 1249
458769 1249
458770 1177
458771 1249
458772 1247
458773 1249
458774 1248
458775 1464
458776 1247
458777 1176
458778 1247
458779 1247
458780 1247
458781 1246
458782 1176
458783 1247
524288 1254
524289 1105
524290 1104
524291 1105
524292 1249
524293 1394
524294 1394
524295 1323
524296 1177
524297 1395
524298 1252
524299 1394
524300 1324
524301 1106
524302 1030
524303 1176
524304 1030
524305 1176
524306 1177
524307 1177
524308 1249
524309 1176
524310 1252
524311 1466
524312 1249
524313 1176
524314 1466
524315 1246
524316 1247
524317 1246
524318 1247
524319 1245
589824 1253
589825 1247
589826 1175
589827 1248
589828 1177
589829 1177
589830 1177
589831 1177
589832 1177
589833 1177
589834 1248
589835 1248
589836 1248
589837 1175
589838 1177
589839 1247
589840 1247
589841 1177
589842 1248
589843 1248
589844 1248
589845 1248
589846 1177
589847 1247
589848 1248
589849 1246
589850 1322
589851 1176
589852 1176
589853 1247
589854 1247
589855 1246
655360 1110
655361 1178
655362 1249
655363 1248
655364 1249
655365 1178
655366 1249
655367 1323
655368 1177
655369 1249
655370 1248
655371 1252
655372 1176
655373 1176
655374 1247
655375 1248
655376 1248
655377 1248
655378 1031
655379 1177
655380 1177
655381 1248
655382 1172
655383 239
655384 239
655385 239
655386 239
655387 239
655388 239
655389 239
655390 239
655391 239
kernel_count 54886
