0 1182
1 1248
2 1248
3 1248
4 1177
5 1106
6 1323
7 1394
8 1248
9 1323
10 1252
11 1247
12 1248
13 1248
14 1248
15 1392
16 1105
17 1246
18 1246
19 1030
20 1247
21 1246
22 1030
23 1030
24 1030
25 1030
26 1247
27 1246
28 1176
29 1247
30 1246
31 1174
65536 824
65537 1105
65538 1105
65539 1105
65540 1177
65541 239
65542 239
65543 239
65544 239
65545 239
65546 239
65547 239
65548 239
65549 239
65550 239
65551 239
65552 239
65553 239
65554 239
65555 239
65556 239
65557 239
65558 239
65559 239
65560 239
65561 239
65562 239
65563 239
65564 239
65565 239
65566 239
65567 239
kernel_count 6333
