0 1182
1 1394
2 1394
3 1177
4 1248
5 1322
6 1030
7 1030
8 1247
9 1246
10 1247
11 1247
12 1176
13 1247
14 1247
15 1176
16 1247
17 1247
18 1247
19 1247
20 1176
21 1030
22 1176
23 1105
24 1247
25 1105
26 1247
27 1247
28 1247
29 1176
30 1176
31 1247
65536 1182
65537 1030
65538 1106
65539 1177
65540 1248
65541 1248
65542 1179
65543 1243
65544 1247
65545 1176
65546 1246
65547 1246
65548 1247
65549 1247
65550 1247
65551 1247
65552 1176
65553 1176
65554 1176
65555 1176
65556 1176
65557 1176
65558 1176
65559 1176
65560 1175
65561 1176
65562 1176
65563 1176
65564 1176
65565 1245
65566 1245
65567 1245
131072 1182
131073 1248
131074 1248
131075 1248
131076 1247
131077 1248
131078 1248
131079 1247
131080 1247
131081 1392
131082 1247
131083 1246
131084 1247
131085 1247
131086 1247
131087 1246
131088 1175
131089 1176
131090 1247
131091 1247
131092 1176
131093 1105
131094 1105
131095 1176
131096 1175
131097 1105
131098 1176
131099 1175
131100 1247
131101 1247
131102 1104
131103 1175
196608 1110
196609 1248
196610 239
196611 239
196612 239
196613 239
196614 239
196615 239
196616 239
196617 239
196618 239
196619 239
196620 239
196621 239
196622 239
196623 239
196624 239
196625 239
196626 239
196627 239
196628 239
196629 239
196630 239
196631 239
196632 239
196633 239
196634 239
196635 239
196636 239
196637 239
196638 239
196639 239
kernel_count 16059
