0 1253
1 1248
2 1106
3 1248
4 1106
5 1248
6 1106
7 1247
8 1248
9 1106
10 1177
11 1177
12 1248
13 1248
14 1248
15 1106
16 1248
17 1177
18 1248
19 1248
20 1106
21 1248
22 1106
23 1248
24 1106
25 1177
26 1248
27 1106
28 1176
29 1177
30 1176
31 1392
65536 1182
65537 1111
65538 1326
65539 1177
65540 1248
65541 1248
65542 882
65543 239
65544 239
65545 239
65546 239
65547 239
65548 239
65549 239
65550 239
65551 239
65552 239
65553 239
65554 239
65555 239
65556 239
65557 239
65558 239
65559 239
65560 239
65561 239
65562 239
65563 239
65564 239
65565 239
65566 239
65567 239
kernel_count 6638
