0 1253
1 1248
2 1248
3 1176
4 1248
5 1246
6 1248
7 1249
8 1249
9 1822
10 1248
11 1823
12 1823
13 1176
14 1176
15 1248
16 1248
17 1321
18 1248
19 1248
20 1321
21 1247
22 1248
23 1321
24 1247
25 1248
26 1321
27 1246
28 1176
29 1247
30 1176
31 1247
65536 1254
65537 1248
65538 1177
65539 1321
65540 1322
65541 1322
65542 1246
65543 1247
65544 1247
65545 1247
65546 1247
65547 1247
65548 1246
65549 1246
65550 1247
65551 1247
65552 1247
65553 1246
65554 1247
65555 1247
65556 1247
65557 1247
65558 1245
65559 1105
65560 1247
65561 1247
65562 1247
65563 1247
65564 1247
65565 1247
65566 1247
65567 1247
131072 1254
131073 1248
131074 1248
131075 1177
131076 1248
131077 1248
131078 1248
131079 1248
131080 1248
131081 1248
131082 1177
131083 1177
131084 1177
131085 1177
131086 1177
131087 1248
131088 1248
131089 1106
131090 1321
131091 1247
131092 1321
131093 1247
131094 1321
131095 1321
131096 1321
131097 1248
131098 1248
131099 1248
131100 1248
131101 1248
131102 1175
131103 1322
196608 1181
196609 1249
196610 1177
196611 1176
196612 1393
196613 1030
196614 1106
196615 1249
196616 1248
196617 1248
196618 1247
196619 1248
196620 1464
196621 1249
196622 1464
196623 1248
196624 1248
196625 1248
196626 1176
196627 1248
196628 1248
196629 1248
196630 1176
196631 1248
196632 1177
196633 1177
196634 1176
196635 1175
196636 1177
196637 1248
196638 1392
196639 1247
262144 1110
262145 1177
262146 1177
262147 1248
262148 1248
262149 1248
262150 1248
262151 1248
262152 1248
262153 1248
262154 1248
262155 1393
262156 1248
262157 1247
262158 1247
262159 1322
262160 1322
262161 1248
262162 1248
262163 1322
262164 1176
262165 1246
262166 1245
262167 1246
262168 1105
262169 1176
262170 1174
262171 1176
262172 1176
262173 1174
262174 1175
262175 1246
327680 747
327681 1181
327682 1247
327683 1175
327684 1175
327685 1175
327686 1248
327687 1248
327688 1247
327689 1247
327690 1248
327691 1251
327692 1324
327693 1247
327694 1247
327695 1465
327696 1465
327697 1247
327698 1249
327699 1249
327700 1249
327701 1177
327702 1328
327703 1686
327704 1395
327705 1254
327706 1248
327707 1248
327708 1248
327709 1249
327710 1248
327711 1679
393216 1254
393217 1177
393218 1177
393219 1106
393220 1176
393221 1176
393222 1106
393223 1106
393224 1465
393225 1399
393226 1249
393227 1177
393228 1247
393229 1465
393230 1398
393231 1106
393232 1248
393233 1391
393234 1391
393235 1177
393236 1392
393237 1391
393238 1177
393239 1392
393240 1391
393241 1175
393242 1175
393243 1029
393244 1102
393245 1103
393246 1103
393247 1103
458752 1182
458753 1106
458754 1247
458755 1248
458756 1248
458757 1248
458758 1253
458759 1177
458760 1248
458761 1248
458762 1030
458763 1176
458764 1323
458765 1247
458766 1106
458767 1246
458768 1248
458769 1248
458770 1106
458771 1176
458772 1029
458773 1247
458774 1177
458775 1106
458776 1247
458777 1396
458778 1248
458779 1248
458780 1396
458781 1323
458782 1465
458783 1247
524288 1254
524289 1249
524290 1248
524291 1249
524292 1324
524293 1394
524294 1249
524295 1176
524296 1106
524297 1249
524298 1249
524299 1248
524300 1249
524301 1323
524302 1323
524303 1030
524304 1249
524305 1177
524306 1393
524307 1393
524308 1030
524309 1247
524310 1247
524311 1247
524312 1247
524313 1176
524314 1105
524315 1176
524316 1105
524317 1176
524318 1105
524319 1247
589824 1181
589825 1249
589826 1249
589827 1249
589828 1178
589829 1249
589830 1392
589831 1249
589832 1249
589833 1249
589834 1393
589835 1248
589836 1247
589837 1246
589838 239
589839 239
589840 239
589841 239
589842 239
589843 239
589844 239
589845 239
589846 239
589847 239
589848 239
589849 239
589850 239
589851 239
589852 239
589853 239
589854 239
589855 239
kernel_count 49676
