0 1254
1 1247
2 1247
3 1247
4 1247
5 1247
6 1247
7 1247
8 1247
9 1247
10 1247
11 1247
12 1247
13 1247
14 1247
15 1247
16 1247
17 1247
18 1247
19 1247
20 1247
21 1247
22 1247
23 1247
24 1247
25 1247
26 1247
27 1247
28 1247
29 1247
30 1247
31 1174
65536 1401
65537 1177
65538 1177
65539 1177
65540 1177
65541 1394
65542 1251
65543 1249
65544 1249
65545 1249
65546 1178
65547 1176
65548 1248
65549 1249
65550 1248
65551 1248
65552 1249
65553 1249
65554 1249
65555 1249
65556 1249
65557 1393
65558 1389
65559 1392
65560 1249
65561 1248
65562 1393
65563 1389
65564 1392
65565 1105
65566 1105
65567 1247
131072 1254
131073 1251
131074 1248
131075 1177
131076 747
131077 892
131078 1248
131079 1106
131080 1248
131081 1177
131082 1105
131083 1248
131084 1248
131085 1248
131086 1248
131087 1106
131088 1177
131089 1175
131090 1247
131091 1247
131092 1248
131093 1248
131094 1322
131095 1174
131096 1174
131097 1175
131098 1104
131099 1104
131100 1175
131101 1104
131102 1175
131103 1103
196608 1330
196609 1252
196610 1177
196611 1247
196612 1246
196613 1248
196614 1247
196615 1248
196616 1248
196617 1248
196618 1247
196619 1248
196620 1177
196621 1248
196622 1248
196623 1248
196624 1391
196625 1105
196626 1176
196627 1247
196628 1321
196629 1247
196630 1176
196631 1176
196632 1246
196633 1247
196634 1246
196635 1247
196636 1247
196637 1247
196638 1247
196639 1247
262144 1110
262145 1248
262146 1246
262147 1248
262148 519
262149 239
262150 239
262151 239
262152 239
262153 239
262154 239
262155 239
262156 239
262157 239
262158 239
262159 239
262160 239
262161 239
262162 239
262163 239
262164 239
262165 239
262166 239
262167 239
262168 239
262169 239
262170 239
262171 239
262172 239
262173 239
262174 239
262175 239
kernel_count 21844
