0 1254
1 1247
2 1247
3 1247
4 1247
5 1247
6 1247
7 1247
8 1247
9 1247
10 1247
11 1247
12 1247
13 1247
14 1247
15 1247
16 1176
17 1247
18 1176
19 1246
20 1246
21 1247
22 1247
23 1176
24 1247
25 1176
26 1247
27 1247
28 1176
29 1247
30 1176
31 1247
65536 748
65537 1248
65538 1177
65539 1105
65540 1248
65541 1247
65542 1248
65543 1105
65544 1176
65545 1469
65546 1393
65547 1177
65548 1248
65549 1248
65550 1177
65551 1177
65552 1177
65553 1177
65554 1247
65555 1180
65556 1176
65557 1247
65558 1247
65559 1246
65560 1245
65561 1246
65562 1245
65563 1246
65564 1176
65565 1246
65566 1175
65567 1175
131072 1110
131073 1106
131074 1106
131075 1106
131076 1248
131077 1106
131078 1176
131079 1247
131080 886
131081 239
131082 239
131083 239
131084 239
131085 239
131086 239
131087 239
131088 239
131089 239
131090 239
131091 239
131092 239
131093 239
131094 239
131095 239
131096 239
131097 239
131098 239
131099 239
131100 239
131101 239
131102 239
131103 239
kernel_count 11997
