0 1254
1 1177
2 1248
3 1177
4 1247
5 1177
6 1322
7 1180
8 1106
9 1180
10 1180
11 1247
12 1105
13 1030
14 1029
15 1030
16 1247
17 1247
18 1176
19 1175
20 1247
21 1247
22 1176
23 1030
24 1247
25 1247
26 1176
27 1175
28 1247
29 1246
30 1247
31 1175
65536 1254
65537 1177
65538 1177
65539 1393
65540 1177
65541 1248
65542 1248
65543 1248
65544 1322
65545 1394
65546 1248
65547 1247
65548 1321
65549 1247
65550 1247
65551 1247
65552 1247
65553 1176
65554 1246
65555 1105
65556 1105
65557 1105
65558 1247
65559 1246
65560 1247
65561 1105
65562 1246
65563 1105
65564 1176
65565 1176
65566 1247
65567 1247
131072 1254
131073 1248
131074 1247
131075 1175
131076 1248
131077 1248
131078 1177
131079 1248
131080 1248
131081 1248
131082 1248
131083 1177
131084 1176
131085 1176
131086 1248
131087 1248
131088 1247
131089 1248
131090 1248
131091 1177
131092 1103
131093 1247
131094 1177
131095 1248
131096 1248
131097 1247
131098 1248
131099 1248
131100 1248
131101 1322
131102 1103
131103 1103
196608 1254
196609 1248
196610 1248
196611 1177
196612 1248
196613 1322
196614 1322
196615 1105
196616 1177
196617 1177
196618 1247
196619 1247
196620 1248
196621 1248
196622 1248
196623 1248
196624 1030
196625 1030
196626 1106
196627 1106
196628 1106
196629 1177
196630 1177
196631 1177
196632 1177
196633 1177
196634 1106
196635 1251
196636 1247
196637 1247
196638 1247
196639 1103
262144 1254
262145 1106
262146 1248
262147 1248
262148 1248
262149 1247
262150 1248
262151 1176
262152 1322
262153 1247
262154 1247
262155 1248
262156 1177
262157 1104
262158 1105
262159 1177
262160 1177
262161 1247
262162 1248
262163 1248
262164 1247
262165 1248
262166 1176
262167 1106
262168 1247
262169 1248
262170 1248
262171 1106
262172 1247
262173 1246
262174 1106
262175 1392
327680 1254
327681 1249
327682 1247
327683 1249
327684 1105
327685 1177
327686 1249
327687 1177
327688 1249
327689 1177
327690 1106
327691 1249
327692 1249
327693 1181
327694 1249
327695 1249
327696 1177
327697 1177
327698 1249
327699 1249
327700 1469
327701 1397
327702 1469
327703 1469
327704 1469
327705 1466
327706 1248
327707 1248
327708 1468
327709 1468
327710 1247
327711 1247
393216 1182
393217 1247
393218 1030
393219 1106
393220 1247
393221 1030
393222 1177
393223 1246
393224 1176
393225 1246
393226 1177
393227 1106
393228 1177
393229 1391
393230 1391
393231 1104
393232 1104
393233 1104
393234 1176
393235 1176
393236 1246
393237 1393
393238 1246
393239 1246
393240 1392
393241 1174
393242 1245
393243 1246
393244 1176
393245 1247
393246 1247
393247 1027
458752 1110
458753 1249
458754 1249
458755 1178
458756 1248
458757 1247
458758 1248
458759 1105
458760 1248
458761 1177
458762 1393
458763 1106
458764 1249
458765 1249
458766 1249
458767 1177
458768 1249
458769 1176
458770 1177
458771 1464
458772 1249
458773 1176
458774 1249
458775 1248
458776 1177
458777 1464
458778 1247
458779 1175
458780 1247
458781 1246
458782 1247
458783 1103
524288 1110
524289 1247
524290 1177
524291 1248
524292 1248
524293 1248
524294 1248
524295 1248
524296 1177
524297 1248
524298 1106
524299 1248
524300 1252
524301 1248
524302 1248
524303 1176
524304 1397
524305 1247
524306 1248
524307 1106
524308 1248
524309 1248
524310 1177
524311 1177
524312 1466
524313 1248
524314 1248
524315 1322
524316 1320
524317 1320
524318 1321
524319 1247
589824 1254
589825 892
589826 1034
589827 1106
589828 1394
589829 1249
589830 1253
589831 1248
589832 1249
589833 1325
589834 1249
589835 1395
589836 1249
589837 1248
589838 1106
589839 1249
589840 1249
589841 1249
589842 1249
589843 1325
589844 1249
589845 1248
589846 1249
589847 1468
589848 1106
589849 1249
589850 1177
589851 1106
589852 1248
589853 1105
589854 1249
589855 1611
655360 1254
655361 1250
655362 1250
655363 1249
655364 1249
655365 1250
655366 1250
655367 1107
655368 1107
655369 1325
655370 1396
655371 1250
655372 1178
655373 1328
655374 1250
655375 1250
655376 1250
655377 1250
655378 1176
655379 1177
655380 1465
655381 239
655382 239
655383 239
655384 239
655385 239
655386 239
655387 239
655388 239
655389 239
655390 239
655391 239
kernel_count 54975
