0 1110
1 1248
2 1248
3 1248
4 1248
5 1248
6 1177
7 1247
8 1248
9 1248
10 1248
11 1247
12 1177
13 1248
14 1248
15 1247
16 1247
17 1106
18 1248
19 1248
20 1248
21 1248
22 1247
23 1177
24 1247
25 1248
26 1106
27 1247
28 1177
29 1251
30 1176
31 1175
65536 1254
65537 1248
65538 1248
65539 1177
65540 1177
65541 1176
65542 1176
65543 1247
65544 1247
65545 1247
65546 1392
65547 1321
65548 1177
65549 1106
65550 1177
65551 1177
65552 1392
65553 1247
65554 1247
65555 1247
65556 1247
65557 1247
65558 1247
65559 1246
65560 1245
65561 1245
65562 1030
65563 1247
65564 1174
65565 1176
65566 1176
65567 1247
131072 1182
131073 1176
131074 1248
131075 1248
131076 1248
131077 1247
131078 1248
131079 1248
131080 1248
131081 1248
131082 1248
131083 1539
131084 1248
131085 1248
131086 1177
131087 1177
131088 1248
131089 1247
131090 1248
131091 1177
131092 1248
131093 1248
131094 1247
131095 1176
131096 1248
131097 1247
131098 1248
131099 1392
131100 1246
131101 1247
131102 1246
131103 1247
196608 1253
196609 1246
196610 1105
196611 1105
196612 1176
196613 1030
196614 1176
196615 1247
196616 1176
196617 1247
196618 1246
196619 1247
196620 1175
196621 1247
196622 1247
196623 1246
196624 1247
196625 1247
196626 1247
196627 1247
196628 1247
196629 1247
196630 1247
196631 1247
196632 1246
196633 1175
196634 1247
196635 1247
196636 1246
196637 1247
196638 1247
196639 1173
262144 1110
262145 1249
262146 1249
262147 1249
262148 1249
262149 1249
262150 1249
262151 1249
262152 1177
262153 1178
262154 1249
262155 1248
262156 2406
262157 2406
262158 2406
262159 2476
262160 1105
262161 1324
262162 1247
262163 1252
262164 1322
262165 1246
262166 1246
262167 1247
262168 1248
262169 1248
262170 1177
262171 1536
262172 1247
262173 1247
262174 1175
262175 1247
327680 1254
327681 1177
327682 1106
327683 1249
327684 1248
327685 1105
327686 1177
327687 1395
327688 1325
327689 1325
327690 1249
327691 1178
327692 1466
327693 1396
327694 1106
327695 1249
327696 1249
327697 1246
327698 1249
327699 1177
327700 1030
327701 1394
327702 1175
327703 1177
327704 1177
327705 1249
327706 1248
327707 1177
327708 1324
327709 1462
327710 1249
327711 1462
393216 1253
393217 1246
393218 1247
393219 1246
393220 1247
393221 1246
393222 1247
393223 1104
393224 1176
393225 1030
393226 1246
393227 1246
393228 1246
393229 1105
393230 1247
393231 1105
393232 1247
393233 1247
393234 1247
393235 1247
393236 1247
393237 1247
393238 1175
393239 1105
393240 1105
393241 1105
393242 1247
393243 1246
393244 1176
393245 1246
393246 1247
393247 1247
458752 1254
458753 1392
458754 1177
458755 1248
458756 1248
458757 1248
458758 1392
458759 1176
458760 1105
458761 1030
458762 1176
458763 1247
458764 1247
458765 1247
458766 1247
458767 1247
458768 1176
458769 1176
458770 1176
458771 1176
458772 1176
458773 1176
458774 1176
458775 1246
458776 1247
458777 1030
458778 1030
458779 1030
458780 1030
458781 1175
458782 1246
458783 1247
524288 1253
524289 1176
524290 1106
524291 1177
524292 1249
524293 1608
524294 1249
524295 1177
524296 1030
524297 1030
524298 1176
524299 1249
524300 1249
524301 1106
524302 1106
524303 1177
524304 1177
524305 1463
524306 1463
524307 1106
524308 1462
524309 1177
524310 1462
524311 1247
524312 1177
524313 1248
524314 1249
524315 1176
524316 1247
524317 1105
524318 1105
524319 1247
589824 1401
589825 1247
589826 1177
589827 1248
589828 1177
589829 1248
589830 1248
589831 1177
589832 1177
589833 1177
589834 1248
589835 1247
589836 1247
589837 1177
589838 1248
589839 1327
589840 1177
589841 1248
589842 1247
589843 1247
589844 1247
589845 1247
589846 1177
589847 1248
589848 1539
589849 1175
589850 1538
589851 1396
589852 1247
589853 1247
589854 1247
589855 1247
655360 1331
655361 747
655362 892
655363 1248
655364 1248
655365 1249
655366 1396
655367 1030
655368 1469
655369 1396
655370 1824
655371 1248
655372 1394
655373 1177
655374 1249
655375 1106
655376 1249
655377 1248
655378 1248
655379 1177
655380 1248
655381 1395
655382 1540
655383 1176
655384 1179
655385 1247
655386 1248
655387 1247
655388 1322
655389 1247
655390 1245
655391 1247
720896 748
720897 822
720898 823
720899 1107
720900 1178
720901 1250
720902 1249
720903 1250
720904 1107
720905 1394
720906 1324
720907 1248
720908 1177
720909 1250
720910 1464
720911 1392
720912 1463
720913 1247
720914 1248
720915 1177
720916 1174
720917 239
720918 239
720919 239
720920 239
720921 239
720922 239
720923 239
720924 239
720925 239
720926 239
720927 239
kernel_count 60866
