0 1254
1 1248
2 1178
3 1249
4 1249
5 1248
6 1249
7 1177
8 1249
9 1249
10 1248
11 1249
12 1248
13 1178
14 1249
15 1249
16 1248
17 1249
18 1177
19 1249
20 1249
21 1248
22 1249
23 1249
24 1177
25 1249
26 1249
27 1248
28 1177
29 1177
30 1249
31 1611
65536 1405
65537 1248
65538 1248
65539 1247
65540 1394
65541 1393
65542 1248
65543 1248
65544 1177
65545 1247
65546 1247
65547 1247
65548 1247
65549 1247
65550 1247
65551 1176
65552 1106
65553 1248
65554 1247
65555 1248
65556 1176
65557 1106
65558 1106
65559 1105
65560 1247
65561 1248
65562 1248
65563 1248
65564 1246
65565 1248
65566 1250
65567 1247
131072 747
131073 821
131074 747
131075 821
131076 747
131077 746
131078 1180
131079 1247
131080 1246
131081 1247
131082 1247
131083 1105
131084 1247
131085 1247
131086 1105
131087 1105
131088 1105
131089 1247
131090 1175
131091 1176
131092 1104
131093 1175
131094 1105
131095 1247
131096 1246
131097 1104
131098 1175
131099 1105
131100 1247
131101 1247
131102 1245
131103 1247
196608 1038
196609 1247
196610 1177
196611 1248
196612 1249
196613 1035
196614 1253
196615 1106
196616 1247
196617 1249
196618 1248
196619 1249
196620 1395
196621 1395
196622 1466
196623 1247
196624 1324
196625 1246
196626 1176
196627 1177
196628 1177
196629 1248
196630 1247
196631 1248
196632 1326
196633 1248
196634 1248
196635 1247
196636 1248
196637 1176
196638 1176
196639 1393
262144 1184
262145 1249
262146 1249
262147 1178
262148 1178
262149 1178
262150 1178
262151 1178
262152 1177
262153 1249
262154 1248
262155 1253
262156 1248
262157 1107
262158 1249
262159 1249
262160 1249
262161 1249
262162 1324
262163 1249
262164 1249
262165 1249
262166 1249
262167 1467
262168 1395
262169 1177
262170 1395
262171 1176
262172 812
262173 239
262174 239
262175 239
kernel_count 24998
