0 1252
1 1246
2 1248
3 1248
4 1247
5 1248
6 1248
7 1248
8 1248
9 1248
10 1248
11 1247
12 1248
13 1248
14 1248
15 1248
16 1248
17 1248
18 1247
19 1248
20 1248
21 1248
22 1248
23 1248
24 1322
25 1322
26 1247
27 1247
28 1246
29 1246
30 1246
31 1031
65536 1108
65537 1246
65538 1246
65539 1248
65540 1248
65541 1247
65542 1248
65543 1176
65544 1176
65545 1105
65546 1248
65547 1248
65548 1322
65549 1248
65550 1321
65551 1322
65552 1248
65553 1248
65554 1180
65555 1106
65556 1248
65557 1248
65558 1248
65559 1247
65560 1248
65561 1177
65562 1248
65563 1322
65564 1174
65565 1028
65566 1103
65567 956
131072 747
131073 1106
131074 1177
131075 1249
131076 1321
131077 1248
131078 1249
131079 1249
131080 1467
131081 1463
131082 1248
131083 1247
131084 1248
131085 1247
131086 1177
131087 1106
131088 1105
131089 1106
131090 1248
131091 1248
131092 1248
131093 1106
131094 1106
131095 1177
131096 1392
131097 1105
131098 1105
131099 1105
131100 1176
131101 1247
131102 1034
131103 1247
196608 1253
196609 1249
196610 1252
196611 1176
196612 1249
196613 1177
196614 1249
196615 1249
196616 1249
196617 1395
196618 1249
196619 1394
196620 1249
196621 1394
196622 1177
196623 1177
196624 1178
196625 1249
196626 1247
196627 1249
196628 1465
196629 1248
196630 1252
196631 1249
196632 1248
196633 1249
196634 1249
196635 1249
196636 1464
196637 1247
196638 1247
196639 1103
262144 1253
262145 1248
262146 1247
262147 1247
262148 1177
262149 1248
262150 1322
262151 1106
262152 1177
262153 1177
262154 1248
262155 958
262156 1106
262157 1248
262158 1247
262159 1176
262160 1177
262161 1396
262162 1176
262163 1247
262164 1247
262165 1177
262166 1247
262167 1247
262168 1035
262169 1251
262170 1247
262171 1246
262172 1105
262173 1247
262174 1247
262175 1175
327680 1182
327681 1248
327682 1248
327683 1248
327684 1248
327685 1177
327686 1248
327687 882
327688 239
327689 239
327690 239
327691 239
327692 239
327693 239
327694 239
327695 239
327696 239
327697 239
327698 239
327699 239
327700 239
327701 239
327702 239
327703 239
327704 239
327705 239
327706 239
327707 239
327708 239
327709 239
327710 239
327711 239
kernel_count 27380
