0 1181
1 1467
2 1248
3 1248
4 1248
5 1248
6 1176
7 1176
8 1177
9 1248
10 1248
11 1320
12 1392
13 1248
14 1247
15 1248
16 1248
17 1248
18 1248
19 1248
20 1248
21 1248
22 1248
23 1177
24 1248
25 1248
26 1320
27 1247
28 1247
29 1246
30 1247
31 1247
65536 1254
65537 1247
65538 1105
65539 1248
65540 1247
65541 1248
65542 1030
65543 1177
65544 1030
65545 1247
65546 1248
65547 1177
65548 1106
65549 1177
65550 1177
65551 1177
65552 1251
65553 1322
65554 1322
65555 1247
65556 1176
65557 1247
65558 1176
65559 1175
65560 1176
65561 1105
65562 1030
65563 1030
65564 1175
65565 1030
65566 1030
65567 1247
131072 1254
131073 1248
131074 1177
131075 1106
131076 1106
131077 1106
131078 1106
131079 1106
131080 1177
131081 1248
131082 1393
131083 1393
131084 1177
131085 1248
131086 1248
131087 1105
131088 1104
131089 1104
131090 1105
131091 1104
131092 1247
131093 1248
131094 1248
131095 1248
131096 815
131097 1030
131098 1248
131099 1251
131100 1251
131101 1246
131102 1247
131103 1247
196608 1110
196609 1106
196610 1105
196611 1248
196612 1248
196613 1393
196614 1177
196615 1177
196616 1177
196617 1177
196618 1177
196619 1247
196620 1248
196621 1177
196622 1248
196623 1177
196624 1030
196625 1030
196626 1177
196627 1247
196628 1247
196629 1106
196630 1248
196631 1106
196632 1106
196633 1248
196634 1248
196635 1106
196636 1030
196637 1248
196638 1251
196639 1247
262144 1254
262145 1398
262146 1398
262147 1249
262148 1249
262149 1324
262150 1249
262151 1176
262152 1249
262153 1177
262154 1249
262155 1249
262156 1177
262157 1249
262158 1030
262159 1465
262160 1177
262161 1177
262162 1177
262163 519
262164 1176
262165 1176
262166 1105
262167 1104
262168 1105
262169 1322
262170 1247
262171 1247
262172 1247
262173 1246
262174 1247
262175 1247
327680 1254
327681 1248
327682 1176
327683 1248
327684 1246
327685 1176
327686 1248
327687 1248
327688 1248
327689 1177
327690 1248
327691 1392
327692 1391
327693 1248
327694 1176
327695 1248
327696 1391
327697 1247
327698 1247
327699 1105
327700 1246
327701 1030
327702 1246
327703 1247
327704 1176
327705 1030
327706 1105
327707 1246
327708 1247
327709 1175
327710 1176
327711 1247
393216 1181
393217 1247
393218 1177
393219 1247
393220 1248
393221 1247
393222 1176
393223 1247
393224 1247
393225 1174
393226 1248
393227 1247
393228 1175
393229 1247
393230 1246
393231 1106
393232 1322
393233 1247
393234 1247
393235 1247
393236 1174
393237 1247
393238 1246
393239 1247
393240 1246
393241 1247
393242 1247
393243 1247
393244 1247
393245 1247
393246 1246
393247 1247
458752 1252
458753 1247
458754 1248
458755 1248
458756 1248
458757 1248
458758 1248
458759 1248
458760 1177
458761 1248
458762 1248
458763 1248
458764 1177
458765 1248
458766 1247
458767 1323
458768 1247
458769 1106
458770 1106
458771 1248
458772 1106
458773 1248
458774 1323
458775 1322
458776 1248
458777 1248
458778 1391
458779 1247
458780 1247
458781 1176
458782 1246
458783 1246
524288 1110
524289 1177
524290 1248
524291 1248
524292 1105
524293 239
524294 239
524295 239
524296 239
524297 239
524298 239
524299 239
524300 239
524301 239
524302 239
524303 239
524304 239
524305 239
524306 239
524307 239
524308 239
524309 239
524310 239
524311 239
524312 239
524313 239
524314 239
524315 239
524316 239
524317 239
524318 239
524319 239
kernel_count 41869
