0 1254
1 1177
2 1248
3 1106
4 1248
5 1030
6 1176
7 1177
8 1177
9 1248
10 1030
11 1248
12 1106
13 1248
14 1030
15 1248
16 1177
17 1322
18 1322
19 1322
20 1174
21 1029
22 1175
23 1175
24 1173
25 1173
26 1173
27 1173
28 1173
29 1173
30 1173
31 1173
65536 1182
65537 1248
65538 1322
65539 1248
65540 1177
65541 1248
65542 1248
65543 1177
65544 1177
65545 1248
65546 1177
65547 1322
65548 1246
65549 1247
65550 1246
65551 1247
65552 1176
65553 1247
65554 1173
65555 1247
65556 1247
65557 1247
65558 1247
65559 1247
65560 1247
65561 1176
65562 1245
65563 1247
65564 1176
65565 1247
65566 1104
65567 1175
131072 1253
131073 1249
131074 1251
131075 1249
131076 1248
131077 1464
131078 1465
131079 1249
131080 1465
131081 1465
131082 1106
131083 1248
131084 1248
131085 1247
131086 1177
131087 1177
131088 1106
131089 1248
131090 1247
131091 1247
131092 1177
131093 1177
131094 1248
131095 1251
131096 1248
131097 1248
131098 1251
131099 1251
131100 1251
131101 1105
131102 1247
131103 1247
196608 1181
196609 1176
196610 1248
196611 1177
196612 1105
196613 1177
196614 1177
196615 1106
196616 1247
196617 1248
196618 1248
196619 1248
196620 1106
196621 1248
196622 1248
196623 1248
196624 1177
196625 1177
196626 1248
196627 1177
196628 1250
196629 1246
196630 1176
196631 1247
196632 1175
196633 1030
196634 1176
196635 1176
196636 1105
196637 1247
196638 1246
196639 1245
262144 1182
262145 1248
262146 1248
262147 1248
262148 1177
262149 1248
262150 1248
262151 1248
262152 1248
262153 1106
262154 1392
262155 1177
262156 1392
262157 886
262158 1030
262159 1177
262160 1177
262161 1177
262162 1248
262163 1248
262164 1248
262165 1248
262166 1247
262167 1177
262168 1105
262169 1106
262170 1248
262171 1248
262172 1176
262173 1392
262174 1246
262175 1243
327680 1253
327681 1249
327682 1253
327683 1177
327684 1323
327685 1248
327686 1325
327687 1111
327688 1106
327689 1396
327690 1177
327691 1177
327692 1177
327693 1255
327694 1183
327695 1541
327696 1249
327697 1466
327698 1249
327699 1398
327700 1248
327701 1249
327702 1393
327703 1249
327704 1106
327705 1249
327706 1249
327707 1176
327708 1248
327709 1249
327710 1248
327711 1464
393216 1181
393217 1247
393218 1248
393219 1248
393220 1248
393221 1248
393222 1177
393223 1248
393224 1177
393225 1248
393226 1248
393227 1248
393228 1248
393229 1248
393230 1247
393231 1248
393232 1248
393233 1176
393234 1177
393235 1177
393236 1177
393237 1177
393238 1248
393239 1177
393240 1248
393241 1106
393242 1248
393243 1248
393244 1247
393245 1466
393246 1321
393247 1247
458752 1182
458753 1247
458754 1176
458755 1248
458756 1176
458757 1176
458758 1249
458759 1035
458760 1035
458761 1035
458762 1035
458763 1035
458764 1249
458765 1249
458766 1248
458767 1249
458768 1177
458769 1177
458770 1177
458771 1249
458772 1177
458773 1177
458774 1393
458775 1178
458776 1393
458777 1247
458778 1248
458779 1392
458780 1030
458781 1176
458782 1176
458783 1247
524288 1110
524289 1107
524290 1178
524291 1250
524292 1107
524293 1250
524294 1250
524295 1178
524296 1250
524297 1250
524298 1325
524299 1325
524300 1250
524301 1250
524302 1464
524303 1250
524304 1250
524305 1465
524306 1249
524307 1107
524308 1249
524309 1249
524310 1392
524311 1393
524312 1247
524313 239
524314 239
524315 239
524316 239
524317 239
524318 239
524319 239
kernel_count 45150
