0 1182
1 1176
2 1247
3 1176
4 1176
5 1247
6 1175
7 1176
8 1247
9 1246
10 1247
11 1247
12 1247
13 1247
14 1247
15 1247
16 1247
17 1030
18 1247
19 1247
20 1247
21 1247
22 1247
23 1247
24 1247
25 1030
26 1247
27 1247
28 1247
29 1247
30 1247
31 1247
65536 1254
65537 1248
65538 1175
65539 1251
65540 1180
65541 1180
65542 1177
65543 1180
65544 1180
65545 1105
65546 1106
65547 1180
65548 1322
65549 1177
65550 1177
65551 1029
65552 1029
65553 1029
65554 1029
65555 1248
65556 1177
65557 1248
65558 1177
65559 1179
65560 1180
65561 1250
65562 1176
65563 1176
65564 1176
65565 1247
65566 1247
65567 1244
131072 1182
131073 1106
131074 1248
131075 1247
131076 1177
131077 1250
131078 1322
131079 1247
131080 1247
131081 1176
131082 1247
131083 1105
131084 1246
131085 1247
131086 1247
131087 1176
131088 1176
131089 1247
131090 1176
131091 1175
131092 1247
131093 1247
131094 1176
131095 1246
131096 1176
131097 1246
131098 1176
131099 1105
131100 1176
131101 1246
131102 1175
131103 1170
196608 1253
196609 1175
196610 1104
196611 1247
196612 1247
196613 1247
196614 1247
196615 1247
196616 1247
196617 1247
196618 1247
196619 1247
196620 1247
196621 1247
196622 1247
196623 1247
196624 1247
196625 1247
196626 1176
196627 1246
196628 1246
196629 1246
196630 1246
196631 1247
196632 1246
196633 1246
196634 1246
196635 1247
196636 1247
196637 1247
196638 1247
196639 1103
262144 1254
262145 1249
262146 1035
262147 1177
262148 1249
262149 1249
262150 1248
262151 1249
262152 1249
262153 1176
262154 1249
262155 1106
262156 1249
262157 1249
262158 1249
262159 1249
262160 1393
262161 1249
262162 1249
262163 1249
262164 1249
262165 1176
262166 1177
262167 1177
262168 1106
262169 1177
262170 1248
262171 1249
262172 1248
262173 1462
262174 885
262175 885
327680 1252
327681 1104
327682 1249
327683 1323
327684 1248
327685 1394
327686 1251
327687 1247
327688 1176
327689 1175
327690 1249
327691 1176
327692 1175
327693 1248
327694 1393
327695 1393
327696 1249
327697 1464
327698 1246
327699 1248
327700 1177
327701 1322
327702 1247
327703 1246
327704 1176
327705 1176
327706 1176
327707 1176
327708 1247
327709 1247
327710 1247
327711 1103
393216 1181
393217 1248
393218 1246
393219 962
393220 1030
393221 1104
393222 1106
393223 1106
393224 1106
393225 1467
393226 1392
393227 1392
393228 1392
393229 1247
393230 1175
393231 1247
393232 1106
393233 1390
393234 1176
393235 1105
393236 1247
393237 1176
393238 1246
393239 1246
393240 1247
393241 1105
393242 1247
393243 1176
393244 1247
393245 1247
393246 1176
393247 1247
458752 1254
458753 1177
458754 1176
458755 1176
458756 1030
458757 1248
458758 1248
458759 1248
458760 1248
458761 1176
458762 1177
458763 1321
458764 1248
458765 1248
458766 1248
458767 1248
458768 1322
458769 1177
458770 1177
458771 1034
458772 1247
458773 1106
458774 1248
458775 1177
458776 1248
458777 1176
458778 1248
458779 1248
458780 1248
458781 1248
458782 1177
458783 1322
524288 1254
524289 1249
524290 1177
524291 1248
524292 1248
524293 1324
524294 1247
524295 1249
524296 1249
524297 1249
524298 1178
524299 1178
524300 1178
524301 1393
524302 1393
524303 1105
524304 1248
524305 1248
524306 1176
524307 1176
524308 1176
524309 1176
524310 1176
524311 1176
524312 1029
524313 239
524314 239
524315 239
524316 239
524317 239
524318 239
524319 239
kernel_count 44713
