0 1254
1 1248
2 1249
3 1249
4 1394
5 1249
6 1106
7 1324
8 1177
9 1106
10 1395
11 1465
12 1249
13 1249
14 1177
15 1249
16 1106
17 1395
18 1465
19 1106
20 1249
21 1249
22 1249
23 1249
24 1177
25 1395
26 1465
27 1395
28 1249
29 1325
30 1325
31 1613
65536 1254
65537 1255
65538 1112
65539 1112
65540 1397
65541 1248
65542 1248
65543 1177
65544 1177
65545 1176
65546 1176
65547 1176
65548 1247
65549 1248
65550 1248
65551 1248
65552 1248
65553 1106
65554 1177
65555 1029
65556 1248
65557 1392
65558 1248
65559 1392
65560 1248
65561 1248
65562 1029
65563 1248
65564 1392
65565 1248
65566 1391
65567 1246
131072 748
131073 1174
131074 886
131075 239
131076 239
131077 239
131078 239
131079 239
131080 239
131081 239
131082 239
131083 239
131084 239
131085 239
131086 239
131087 239
131088 239
131089 239
131090 239
131091 239
131092 239
131093 239
131094 239
131095 239
131096 239
131097 239
131098 239
131099 239
131100 239
131101 239
131102 239
131103 239
kernel_count 11602
