0 1254
1 1177
2 1176
3 1177
4 1176
5 1248
6 1248
7 1248
8 1248
9 1248
10 1177
11 1248
12 1248
13 1248
14 1106
15 1248
16 1177
17 1177
18 1177
19 1177
20 1177
21 1323
22 1392
23 1392
24 1392
25 1247
26 1247
27 1105
28 1176
29 1176
30 1247
31 1247
65536 1254
65537 1249
65538 1249
65539 1178
65540 1248
65541 1106
65542 1176
65543 1175
65544 1247
65545 1106
65546 1177
65547 1106
65548 1106
65549 1106
65550 1178
65551 1249
65552 1177
65553 1177
65554 1177
65555 1106
65556 1177
65557 1464
65558 1249
65559 1177
65560 1177
65561 1177
65562 1177
65563 1393
65564 1464
65565 1247
65566 1175
65567 1103
131072 1110
131073 1323
131074 1247
131075 1248
131076 1248
131077 1106
131078 1248
131079 1177
131080 1176
131081 1248
131082 1177
131083 1248
131084 1248
131085 1248
131086 1177
131087 1248
131088 1105
131089 1248
131090 1248
131091 1248
131092 1177
131093 1248
131094 1323
131095 1323
131096 1248
131097 1247
131098 1105
131099 1248
131100 1392
131101 1246
131102 1246
131103 1174
196608 1253
196609 1249
196610 1248
196611 1248
196612 1176
196613 1248
196614 1249
196615 1249
196616 1249
196617 1249
196618 1177
196619 1248
196620 1249
196621 1177
196622 1248
196623 1177
196624 1249
196625 1252
196626 1252
196627 1248
196628 1248
196629 1248
196630 1248
196631 1394
196632 1249
196633 1177
196634 1175
196635 1105
196636 1611
196637 1247
196638 1246
196639 1246
262144 1254
262145 1248
262146 1248
262147 1248
262148 1248
262149 1248
262150 1180
262151 1175
262152 1105
262153 1176
262154 1175
262155 1247
262156 1245
262157 1105
262158 1247
262159 1176
262160 1105
262161 1247
262162 1246
262163 1105
262164 1175
262165 1247
262166 1175
262167 1246
262168 1247
262169 1176
262170 1104
262171 1245
262172 1247
262173 1247
262174 1247
262175 1175
327680 1329
327681 1177
327682 1323
327683 1177
327684 1176
327685 1176
327686 1176
327687 1249
327688 1321
327689 1176
327690 1249
327691 1177
327692 1249
327693 1249
327694 1177
327695 1177
327696 1176
327697 1105
327698 1249
327699 1464
327700 1247
327701 1246
327702 1247
327703 1247
327704 1247
327705 1105
327706 1246
327707 1176
327708 1176
327709 1247
327710 1105
327711 1247
393216 894
393217 1106
393218 1106
393219 1249
393220 1249
393221 1249
393222 1249
393223 1178
393224 958
393225 1248
393226 1248
393227 1177
393228 1324
393229 1249
393230 1249
393231 1176
393232 1249
393233 1465
393234 1465
393235 1465
393236 1177
393237 1465
393238 1106
393239 1465
393240 1177
393241 1248
393242 1177
393243 1322
393244 1322
393245 1322
393246 1103
393247 1028
458752 1181
458753 1105
458754 1247
458755 1247
458756 1245
458757 1247
458758 1247
458759 1247
458760 1246
458761 1245
458762 1245
458763 1174
458764 1246
458765 1247
458766 1245
458767 1245
458768 960
458769 1247
458770 1105
458771 1104
458772 1104
458773 1246
458774 1105
458775 1105
458776 1103
458777 1104
458778 1104
458779 1174
458780 1247
458781 1247
458782 1246
458783 1246
524288 1110
524289 1248
524290 1248
524291 1248
524292 1247
524293 1322
524294 1247
524295 1175
524296 1176
524297 1246
524298 1104
524299 1104
524300 1247
524301 1247
524302 1247
524303 1247
524304 1246
524305 1246
524306 1247
524307 1247
524308 1176
524309 1175
524310 1247
524311 1105
524312 1247
524313 1246
524314 1247
524315 1030
524316 1031
524317 1031
524318 1030
524319 1031
589824 962
589825 1177
589826 1034
589827 1178
589828 1176
589829 1106
589830 1176
589831 1176
589832 1177
589833 1177
589834 1249
589835 1465
589836 1249
589837 1177
589838 1249
589839 1249
589840 1249
589841 1538
589842 1395
589843 1177
589844 1178
589845 1178
589846 1248
589847 1177
589848 1248
589849 1249
589850 1463
589851 1462
589852 1034
589853 886
589854 1246
589855 1247
655360 1253
655361 892
655362 1105
655363 1176
655364 1177
655365 1249
655366 1248
655367 1249
655368 1249
655369 1030
655370 1247
655371 1253
655372 1248
655373 1249
655374 1249
655375 1176
655376 1248
655377 1177
655378 1249
655379 1247
655380 1248
655381 1248
655382 1249
655383 1680
655384 1249
655385 1249
655386 1322
655387 1466
655388 1248
655389 1248
655390 1322
655391 1322
720896 824
720897 1178
720898 1177
720899 1393
720900 1176
720901 1246
720902 1177
720903 1248
720904 1248
720905 1248
720906 1248
720907 1174
720908 239
720909 239
720910 239
720911 239
720912 239
720913 239
720914 239
720915 239
720916 239
720917 239
720918 239
720919 239
720920 239
720921 239
720922 239
720923 239
720924 239
720925 239
720926 239
720927 239
kernel_count 58383
