0 1254
1 1248
2 1248
3 1247
4 1248
5 1248
6 1248
7 1248
8 1248
9 1177
10 1248
11 1177
12 1248
13 1248
14 1176
15 1248
16 1248
17 1248
18 1176
19 1248
20 1248
21 1248
22 1176
23 1248
24 1248
25 1248
26 1176
27 1248
28 1248
29 1248
30 1322
31 1247
65536 1181
65537 1247
65538 1174
65539 1245
65540 1247
65541 1105
65542 1105
65543 1105
65544 1104
65545 1176
65546 1246
65547 1246
65548 1247
65549 1247
65550 1175
65551 1245
65552 1247
65553 1176
65554 1176
65555 1105
65556 1105
65557 1176
65558 1105
65559 1105
65560 1105
65561 1176
65562 1247
65563 1246
65564 1246
65565 1247
65566 1247
65567 1247
131072 1110
131073 1249
131074 1394
131075 1248
131076 1248
131077 1248
131078 1029
131079 1176
131080 1247
131081 1247
131082 1248
131083 1248
131084 1175
131085 1248
131086 1177
131087 1248
131088 1105
131089 1248
131090 1177
131091 1248
131092 1104
131093 1104
131094 1177
131095 1251
131096 1251
131097 1104
131098 1174
131099 1174
131100 1247
131101 1247
131102 1247
131103 1102
196608 747
196609 746
196610 1248
196611 1249
196612 1249
196613 1249
196614 1105
196615 1249
196616 1249
196617 1394
196618 1249
196619 1394
196620 1249
196621 1177
196622 1106
196623 1106
196624 1249
196625 1249
196626 1177
196627 1177
196628 1106
196629 1106
196630 1249
196631 1249
196632 1177
196633 1249
196634 1248
196635 1324
196636 1463
196637 1247
196638 1247
196639 1246
262144 1253
262145 1248
262146 1249
262147 1249
262148 1177
262149 1249
262150 1540
262151 1247
262152 1247
262153 1247
262154 1177
262155 1248
262156 1247
262157 1247
262158 1247
262159 1247
262160 1177
262161 1253
262162 1324
262163 1248
262164 1253
262165 1248
262166 1177
262167 1248
262168 1247
262169 1030
262170 1248
262171 1468
262172 1395
262173 1248
262174 1466
262175 1103
327680 818
327681 1177
327682 1396
327683 1396
327684 1175
327685 1248
327686 1247
327687 1247
327688 1246
327689 1246
327690 1248
327691 1248
327692 1396
327693 1247
327694 1177
327695 1247
327696 1176
327697 1033
327698 1033
327699 1246
327700 1033
327701 1247
327702 1246
327703 1248
327704 1248
327705 1105
327706 1106
327707 1248
327708 1394
327709 1106
327710 1248
327711 1391
393216 1110
393217 1177
393218 1177
393219 1248
393220 1247
393221 1176
393222 1106
393223 1177
393224 1177
393225 1248
393226 1246
393227 1246
393228 744
393229 1175
393230 1175
393231 1175
393232 1175
393233 1175
393234 1175
393235 1248
393236 1248
393237 1177
393238 1248
393239 1177
393240 1175
393241 745
393242 1392
393243 1248
393244 1392
393245 1392
393246 1247
393247 1175
458752 1253
458753 967
458754 1249
458755 1249
458756 1249
458757 1249
458758 1106
458759 1252
458760 1030
458761 1249
458762 1462
458763 1247
458764 1176
458765 1247
458766 1248
458767 1106
458768 1106
458769 1248
458770 1392
458771 1246
458772 1030
458773 1247
458774 1247
458775 1247
458776 1105
458777 1175
458778 1247
458779 1247
458780 1105
458781 1175
458782 1247
458783 1247
524288 1330
524289 1250
524290 1107
524291 1250
524292 1394
524293 1250
524294 1107
524295 1107
524296 1250
524297 1250
524298 1250
524299 1178
524300 1249
524301 1250
524302 1250
524303 1250
524304 1249
524305 1250
524306 1250
524307 1250
524308 1250
524309 1250
524310 1609
524311 1248
524312 1248
524313 1248
524314 1029
524315 1030
524316 239
524317 239
524318 239
524319 239
kernel_count 45191
