0 1253
1 1247
2 1248
3 1177
4 1247
5 1248
6 1176
7 1248
8 1177
9 1176
10 1248
11 1247
12 1248
13 1322
14 1179
15 1179
16 1106
17 1247
18 1247
19 1248
20 1105
21 1247
22 1248
23 1177
24 1248
25 1177
26 1105
27 1247
28 1247
29 1247
30 1322
31 1177
65536 969
65537 1249
65538 1395
65539 1177
65540 1609
65541 1393
65542 1251
65543 1248
65544 1391
65545 1246
65546 1247
65547 1247
65548 1174
65549 1247
65550 1176
65551 1105
65552 1247
65553 1247
65554 1247
65555 1247
65556 1176
65557 1247
65558 1247
65559 1247
65560 890
65561 890
65562 1030
65563 1030
65564 1176
65565 1246
65566 1247
65567 1175
131072 1110
131073 1030
131074 1249
131075 1249
131076 1177
131077 1248
131078 1176
131079 1175
131080 1247
131081 1178
131082 1248
131083 1106
131084 1177
131085 1177
131086 1467
131087 1249
131088 1249
131089 1249
131090 1466
131091 1398
131092 1464
131093 1177
131094 1392
131095 1247
131096 1247
131097 1246
131098 1247
131099 1175
131100 1175
131101 1175
131102 1175
131103 1103
196608 1182
196609 1106
196610 747
196611 1177
196612 1177
196613 747
196614 747
196615 747
196616 747
196617 1249
196618 1249
196619 1177
196620 1249
196621 1248
196622 1249
196623 1248
196624 1249
196625 1249
196626 1395
196627 1249
196628 1395
196629 1249
196630 1249
196631 1249
196632 1177
196633 1325
196634 1394
196635 1680
196636 1247
196637 1245
196638 1176
196639 1247
262144 1254
262145 1250
262146 1181
262147 1324
262148 1177
262149 1177
262150 1249
262151 1249
262152 1106
262153 1249
262154 1177
262155 1177
262156 1177
262157 1177
262158 1106
262159 1105
262160 1177
262161 1176
262162 1174
262163 1177
262164 1106
262165 1105
262166 1463
262167 1463
262168 1463
262169 1177
262170 1248
262171 1247
262172 1393
262173 1321
262174 1106
262175 1249
327680 1254
327681 1246
327682 1176
327683 1247
327684 1175
327685 1247
327686 1245
327687 1105
327688 1105
327689 1105
327690 1105
327691 1104
327692 1247
327693 1247
327694 1247
327695 1247
327696 1247
327697 1176
327698 1247
327699 1176
327700 1246
327701 1247
327702 1246
327703 1105
327704 1247
327705 1247
327706 1247
327707 1247
327708 1176
327709 1176
327710 1247
327711 1247
393216 1034
393217 1248
393218 1248
393219 1248
393220 1248
393221 1248
393222 1248
393223 1467
393224 1247
393225 1467
393226 1247
393227 1248
393228 1177
393229 1177
393230 1106
393231 1248
393232 1393
393233 1248
393234 1177
393235 1177
393236 1177
393237 1248
393238 1392
393239 1247
393240 1248
393241 1247
393242 1176
393243 1177
393244 1393
393245 1106
393246 1180
393247 1247
458752 1254
458753 1248
458754 1247
458755 1106
458756 1177
458757 1034
458758 1105
458759 1322
458760 1321
458761 1322
458762 1321
458763 1249
458764 1251
458765 1246
458766 1247
458767 1176
458768 1176
458769 1247
458770 1246
458771 1246
458772 1247
458773 1176
458774 1176
458775 1247
458776 1029
458777 1175
458778 1247
458779 1176
458780 1247
458781 1176
458782 1246
458783 1102
524288 1253
524289 1248
524290 1251
524291 1248
524292 1248
524293 1248
524294 1248
524295 1247
524296 1029
524297 1248
524298 1106
524299 1177
524300 1248
524301 1105
524302 1248
524303 1248
524304 1248
524305 1247
524306 1177
524307 1106
524308 1106
524309 1248
524310 1251
524311 1251
524312 1246
524313 1247
524314 1246
524315 1176
524316 1176
524317 1176
524318 1247
524319 1245
589824 1034
589825 1031
589826 1250
589827 1178
589828 1249
589829 1249
589830 1177
589831 1466
589832 1249
589833 1249
589834 1030
589835 1178
589836 1178
589837 1178
589838 1249
589839 1177
589840 1104
589841 1103
589842 1179
589843 239
589844 239
589845 239
589846 239
589847 239
589848 239
589849 239
589850 239
589851 239
589852 239
589853 239
589854 239
589855 239
kernel_count 48995
