0 1182
1 1249
2 1249
3 1249
4 1249
5 1030
6 1465
7 1463
8 1177
9 1248
10 1106
11 1106
12 1106
13 1248
14 1248
15 1248
16 1176
17 1322
18 1322
19 1248
20 1322
21 1322
22 1322
23 1322
24 1322
25 1247
26 1175
27 1104
28 1175
29 1175
30 1174
31 1175
65536 1182
65537 1177
65538 1249
65539 1176
65540 1249
65541 1249
65542 1249
65543 1106
65544 1464
65545 1247
65546 1247
65547 1246
65548 1246
65549 1246
65550 1246
65551 1247
65552 1246
65553 1247
65554 1105
65555 1246
65556 1247
65557 1247
65558 1247
65559 1176
65560 1246
65561 1176
65562 1246
65563 1247
65564 1247
65565 1247
65566 1247
65567 1247
131072 1110
131073 1106
131074 1035
131075 1248
131076 1177
131077 1249
131078 1249
131079 1249
131080 1177
131081 1249
131082 1249
131083 1248
131084 1106
131085 1106
131086 1106
131087 1677
131088 1677
131089 1677
131090 1106
131091 1106
131092 1106
131093 1177
131094 1177
131095 1247
131096 1248
131097 1247
131098 1248
131099 1248
131100 1248
131101 1248
131102 1248
131103 1392
196608 1254
196609 1246
196610 1247
196611 1175
196612 1176
196613 1246
196614 1105
196615 1104
196616 1029
196617 1104
196618 1029
196619 1105
196620 1247
196621 1247
196622 1247
196623 1176
196624 1247
196625 1247
196626 1176
196627 1247
196628 1176
196629 1247
196630 1247
196631 1247
196632 1247
196633 1176
196634 1247
196635 1247
196636 1247
196637 1103
196638 1103
196639 1103
262144 894
262145 1248
262146 1177
262147 1106
262148 1106
262149 1248
262150 1175
262151 1248
262152 1248
262153 1247
262154 1106
262155 1248
262156 1248
262157 1248
262158 1247
262159 1248
262160 1248
262161 1322
262162 1177
262163 1177
262164 1106
262165 1248
262166 1109
262167 1247
262168 1105
262169 1176
262170 1247
262171 1247
262172 1247
262173 1175
262174 1247
262175 1175
327680 1182
327681 1247
327682 1247
327683 1249
327684 1249
327685 1249
327686 1249
327687 1106
327688 1030
327689 1248
327690 1177
327691 1177
327692 1177
327693 1248
327694 1249
327695 1249
327696 1249
327697 1177
327698 1106
327699 1177
327700 1249
327701 1249
327702 1177
327703 1749
327704 1247
327705 1175
327706 1247
327707 1246
327708 1247
327709 1175
327710 1246
327711 1103
393216 1182
393217 1249
393218 1106
393219 1249
393220 1247
393221 1249
393222 1249
393223 1249
393224 1249
393225 1249
393226 1177
393227 1177
393228 1249
393229 1249
393230 1249
393231 1177
393232 1176
393233 1176
393234 1105
393235 1248
393236 1324
393237 1105
393238 1253
393239 1253
393240 1538
393241 1246
393242 1246
393243 1246
393244 1246
393245 1247
393246 1247
393247 1247
458752 1181
458753 1399
458754 1249
458755 1249
458756 1249
458757 1248
458758 1176
458759 1176
458760 1177
458761 1177
458762 1248
458763 1248
458764 1176
458765 1249
458766 1249
458767 1249
458768 1249
458769 1249
458770 1248
458771 1176
458772 1249
458773 1610
458774 1248
458775 1177
458776 1249
458777 1248
458778 1538
458779 1538
458780 1323
458781 1248
458782 1392
458783 1246
524288 1252
524289 1177
524290 1106
524291 1248
524292 1176
524293 1177
524294 1030
524295 1030
524296 1248
524297 1248
524298 1247
524299 1030
524300 1247
524301 1248
524302 1248
524303 1176
524304 1248
524305 1247
524306 1247
524307 1177
524308 1176
524309 1176
524310 1177
524311 1248
524312 1392
524313 1392
524314 1247
524315 1176
524316 1247
524317 1247
524318 1247
524319 1245
589824 748
589825 747
589826 1178
589827 1177
589828 1106
589829 1249
589830 1248
589831 1468
589832 1249
589833 1468
589834 1249
589835 1177
589836 1177
589837 1249
589838 1249
589839 1248
589840 1248
589841 1176
589842 1249
589843 1323
589844 1249
589845 1176
589846 1106
589847 1391
589848 1248
589849 1248
589850 1177
589851 1391
589852 1392
589853 1246
589854 1246
589855 1246
655360 1254
655361 1248
655362 1107
655363 1178
655364 1323
655365 957
655366 239
655367 239
655368 239
655369 239
655370 239
655371 239
655372 239
655373 239
655374 239
655375 239
655376 239
655377 239
655378 239
655379 239
655380 239
655381 239
655382 239
655383 239
655384 239
655385 239
655386 239
655387 239
655388 239
655389 239
655390 239
655391 239
kernel_count 52772
