0 1182
1 1246
2 1246
3 1246
4 1247
5 1176
6 1246
7 1246
8 1246
9 1247
10 1176
11 1246
12 1246
13 1246
14 1246
15 1176
16 1247
17 1246
18 1246
19 1246
20 1176
21 1176
22 1176
23 1176
24 1176
25 1176
26 1247
27 1246
28 1175
29 1029
30 1104
31 1175
65536 1254
65537 1247
65538 1177
65539 1176
65540 1177
65541 1176
65542 1105
65543 1177
65544 1248
65545 1248
65546 1104
65547 1248
65548 1106
65549 1248
65550 1248
65551 1248
65552 1322
65553 1322
65554 1321
65555 1248
65556 1177
65557 1322
65558 1322
65559 1321
65560 1248
65561 1106
65562 1247
65563 1322
65564 1322
65565 1176
65566 1247
65567 1247
131072 1181
131073 1247
131074 1247
131075 1245
131076 1247
131077 1247
131078 1176
131079 1105
131080 1247
131081 1247
131082 1175
131083 1176
131084 1176
131085 1246
131086 1105
131087 1247
131088 1246
131089 1176
131090 1247
131091 1246
131092 1034
131093 1034
131094 1034
131095 1176
131096 1246
131097 1246
131098 1176
131099 1247
131100 1247
131101 1247
131102 1246
131103 1247
196608 1253
196609 1249
196610 1177
196611 1177
196612 1465
196613 1466
196614 1249
196615 1249
196616 1394
196617 1249
196618 1395
196619 1395
196620 1395
196621 1030
196622 963
196623 1249
196624 1249
196625 1249
196626 1248
196627 1467
196628 1249
196629 1176
196630 1468
196631 1249
196632 1397
196633 1393
196634 1246
196635 1247
196636 1247
196637 1176
196638 1176
196639 1247
262144 1254
262145 1248
262146 1177
262147 1177
262148 1247
262149 1247
262150 1106
262151 1106
262152 1248
262153 1248
262154 1248
262155 1248
262156 1248
262157 1177
262158 1105
262159 1177
262160 1177
262161 1248
262162 1106
262163 1106
262164 1322
262165 1177
262166 1248
262167 1177
262168 1176
262169 1105
262170 1176
262171 1175
262172 1175
262173 1247
262174 1249
262175 1173
327680 1474
327681 1176
327682 1105
327683 1034
327684 1034
327685 1034
327686 1034
327687 1034
327688 1034
327689 1176
327690 1176
327691 1247
327692 1176
327693 1247
327694 1034
327695 1034
327696 1177
327697 1391
327698 1177
327699 1176
327700 1105
327701 1248
327702 1392
327703 1247
327704 1176
327705 1176
327706 1247
327707 1247
327708 1176
327709 1176
327710 1247
327711 1247
393216 1110
393217 1249
393218 1395
393219 1248
393220 959
393221 1394
393222 1106
393223 1249
393224 1106
393225 1177
393226 1178
393227 1030
393228 1177
393229 1248
393230 1249
393231 1178
393232 1249
393233 1177
393234 1178
393235 1177
393236 1175
393237 1393
393238 1249
393239 1105
393240 1249
393241 1322
393242 1249
393243 1398
393244 1397
393245 1398
393246 1462
393247 1175
458752 1182
458753 1106
458754 1249
458755 1177
458756 1393
458757 1177
458758 1177
458759 1393
458760 1176
458761 1393
458762 1177
458763 1176
458764 1248
458765 1176
458766 1106
458767 1030
458768 1248
458769 1249
458770 1106
458771 1177
458772 1249
458773 1248
458774 1106
458775 1248
458776 1249
458777 1030
458778 1462
458779 1464
458780 1249
458781 1463
458782 1462
458783 1247
524288 824
524289 747
524290 1468
524291 1249
524292 1249
524293 1249
524294 1966
524295 1466
524296 1967
524297 1464
524298 1176
524299 1246
524300 1176
524301 1246
524302 1247
524303 1176
524304 1105
524305 1174
524306 1175
524307 1176
524308 1174
524309 1247
524310 1176
524311 1247
524312 1176
524313 1246
524314 1247
524315 1247
524316 1176
524317 1030
524318 1246
524319 1175
589824 748
589825 747
589826 747
589827 747
589828 747
589829 1177
589830 1177
589831 1176
589832 1177
589833 1248
589834 1177
589835 1248
589836 1177
589837 1248
589838 1177
589839 1177
589840 1248
589841 1177
589842 1248
589843 1177
589844 1177
589845 1248
589846 1248
589847 1392
589848 1247
589849 1247
589850 1247
589851 1176
589852 1246
589853 1247
589854 1245
589855 1247
655360 1182
655361 1249
655362 1249
655363 1249
655364 1249
655365 1466
655366 1466
655367 1248
655368 1469
655369 1392
655370 1248
655371 1246
655372 1177
655373 1248
655374 1106
655375 1248
655376 1106
655377 1248
655378 1248
655379 1247
655380 1246
655381 1175
655382 1247
655383 1391
655384 1247
655385 1247
655386 1391
655387 1248
655388 1248
655389 1391
655390 1248
655391 1391
720896 1329
720897 1031
720898 1249
720899 1249
720900 1324
720901 1248
720902 1249
720903 1248
720904 1249
720905 1249
720906 1178
720907 1110
720908 1248
720909 1248
720910 1249
720911 1322
720912 1322
720913 1395
720914 1248
720915 958
720916 1248
720917 1176
720918 1247
720919 1177
720920 1247
720921 1176
720922 239
720923 239
720924 239
720925 239
720926 239
720927 239
kernel_count 60511
