0 1110
1 1106
2 1177
3 1106
4 1106
5 1177
6 1106
7 1106
8 1177
9 1106
10 1106
11 1177
12 1106
13 1106
14 1177
15 1106
16 1106
17 1177
18 1106
19 1106
20 1177
21 1324
22 1324
23 1324
24 1324
25 1248
26 1324
27 1248
28 1324
29 1248
30 1248
31 1464
65536 1254
65537 1105
65538 1248
65539 1177
65540 1030
65541 1177
65542 1177
65543 1177
65544 1393
65545 1105
65546 1177
65547 1322
65548 1247
65549 1177
65550 1248
65551 1323
65552 1323
65553 1323
65554 1466
65555 1248
65556 1321
65557 1322
65558 1321
65559 1322
65560 1106
65561 1321
65562 1247
65563 1247
65564 1247
65565 1247
65566 1247
65567 1247
131072 1401
131073 1106
131074 1392
131075 1177
131076 1029
131077 1248
131078 1248
131079 1247
131080 1323
131081 1177
131082 1246
131083 1248
131084 1323
131085 1248
131086 1322
131087 1321
131088 1391
131089 1391
131090 1391
131091 1321
131092 1320
131093 1321
131094 1105
131095 1247
131096 1247
131097 1247
131098 1247
131099 1247
131100 1246
131101 1247
131102 1103
131103 1103
196608 748
196609 1249
196610 1249
196611 1395
196612 1106
196613 1249
196614 1248
196615 1248
196616 1249
196617 1468
196618 1395
196619 1248
196620 1249
196621 1396
196622 1468
196623 1540
196624 1323
196625 1249
196626 1396
196627 1468
196628 1540
196629 1322
196630 1177
196631 1177
196632 1177
196633 1177
196634 1177
196635 1249
196636 1106
196637 1249
196638 1394
196639 1607
262144 1405
262145 1178
262146 1249
262147 1392
262148 817
262149 817
262150 1248
262151 1247
262152 1177
262153 1177
262154 1177
262155 1177
262156 1177
262157 1177
262158 1177
262159 1177
262160 1177
262161 1177
262162 1248
262163 1106
262164 1106
262165 1105
262166 1248
262167 1176
262168 1106
262169 1247
262170 1248
262171 1177
262172 1249
262173 239
262174 239
262175 239
kernel_count 25510
