0 1182
1 1322
2 1176
3 1322
4 1321
5 1177
6 1322
7 1176
8 1322
9 1176
10 1322
11 1393
12 1248
13 1249
14 1464
15 1247
16 1247
17 1248
18 1248
19 1248
20 1248
21 1248
22 1176
23 1177
24 1177
25 1248
26 1248
27 1393
28 1321
29 1176
30 1250
31 1250
65536 824
65537 1394
65538 1394
65539 1324
65540 1177
65541 1106
65542 1177
65543 1177
65544 1175
65545 1249
65546 1465
65547 1249
65548 1252
65549 1323
65550 1465
65551 1247
65552 1177
65553 1248
65554 1248
65555 1248
65556 1105
65557 1321
65558 1247
65559 1105
65560 1176
65561 1247
65562 1247
65563 1176
65564 1176
65565 1176
65566 1176
65567 1247
131072 966
131073 747
131074 1249
131075 1177
131076 1248
131077 1104
131078 1104
131079 1104
131080 1249
131081 1176
131082 1177
131083 1249
131084 1540
131085 1540
131086 1247
131087 1248
131088 1247
131089 1248
131090 1321
131091 1321
131092 1180
131093 1247
131094 1247
131095 1176
131096 1104
131097 1105
131098 1105
131099 1247
131100 1247
131101 1247
131102 1247
131103 1028
196608 1254
196609 1392
196610 1392
196611 892
196612 1248
196613 1392
196614 1392
196615 1177
196616 1176
196617 1177
196618 1106
196619 1106
196620 1177
196621 1248
196622 1321
196623 1175
196624 1176
196625 1247
196626 1247
196627 1246
196628 1176
196629 1247
196630 1246
196631 1246
196632 1105
196633 1102
196634 1104
196635 1247
196636 1246
196637 1176
196638 1247
196639 1247
262144 1254
262145 1178
262146 1179
262147 1179
262148 1106
262149 1250
262150 1178
262151 1539
262152 1248
262153 1248
262154 957
262155 239
262156 239
262157 239
262158 239
262159 239
262160 239
262161 239
262162 239
262163 239
262164 239
262165 239
262166 239
262167 239
262168 239
262169 239
262170 239
262171 239
262172 239
262173 239
262174 239
262175 239
kernel_count 22765
