0 1254
1 1464
2 1464
3 1105
4 1249
5 1249
6 1249
7 1249
8 1106
9 1176
10 1249
11 1105
12 1248
13 1249
14 1249
15 1249
16 1106
17 1178
18 1464
19 1249
20 1464
21 1247
22 1247
23 1247
24 1247
25 1105
26 1175
27 1247
28 1105
29 1246
30 1247
31 1247
65536 1254
65537 1247
65538 1176
65539 1246
65540 1246
65541 1246
65542 1104
65543 1246
65544 1247
65545 1247
65546 1246
65547 1247
65548 1105
65549 1247
65550 1247
65551 1246
65552 1246
65553 1246
65554 1247
65555 1247
65556 1175
65557 1247
65558 1176
65559 1175
65560 1247
65561 1105
65562 1247
65563 1247
65564 1247
65565 1175
65566 1175
65567 1175
131072 1182
131073 1248
131074 958
131075 1177
131076 1247
131077 1247
131078 1248
131079 1177
131080 1250
131081 1251
131082 1251
131083 1248
131084 1248
131085 1248
131086 1248
131087 1177
131088 1248
131089 1248
131090 1248
131091 1248
131092 1177
131093 1106
131094 1030
131095 1106
131096 1177
131097 1248
131098 1177
131099 1248
131100 1248
131101 1248
131102 1322
131103 1322
196608 824
196609 822
196610 822
196611 1181
196612 1249
196613 1249
196614 1177
196615 1106
196616 1249
196617 1030
196618 1248
196619 1249
196620 1248
196621 1393
196622 1249
196623 1393
196624 1463
196625 1249
196626 1463
196627 1464
196628 1176
196629 1246
196630 1105
196631 1105
196632 1247
196633 1247
196634 1247
196635 1247
196636 1247
196637 1247
196638 1175
196639 1247
262144 748
262145 1247
262146 1176
262147 1104
262148 1248
262149 1252
262150 1248
262151 959
262152 1106
262153 962
262154 1177
262155 1246
262156 1246
262157 1393
262158 1394
262159 1177
262160 1323
262161 1322
262162 670
262163 1105
262164 1247
262165 1106
262166 1106
262167 1030
262168 1253
262169 1323
262170 1249
262171 1320
262172 1320
262173 1320
262174 1320
262175 1245
327680 1254
327681 1033
327682 1247
327683 1034
327684 1247
327685 1034
327686 1246
327687 1247
327688 1246
327689 1030
327690 1175
327691 1175
327692 1175
327693 1247
327694 1105
327695 1105
327696 1105
327697 1247
327698 1176
327699 1246
327700 1030
327701 1105
327702 1176
327703 1176
327704 1247
327705 1247
327706 1175
327707 1175
327708 1176
327709 1175
327710 1030
327711 1247
393216 1110
393217 1252
393218 1177
393219 1249
393220 1249
393221 1248
393222 1249
393223 1249
393224 747
393225 1106
393226 1252
393227 1106
393228 1468
393229 1177
393230 1249
393231 1249
393232 1249
393233 1249
393234 1249
393235 1106
393236 1249
393237 1249
393238 1249
393239 1249
393240 1177
393241 1249
393242 1177
393243 1394
393244 1392
393245 1249
393246 1463
393247 1247
458752 894
458753 822
458754 747
458755 1035
458756 1106
458757 1249
458758 1249
458759 1249
458760 1395
458761 1249
458762 1249
458763 1249
458764 1249
458765 1249
458766 1249
458767 1469
458768 1177
458769 1469
458770 1325
458771 1177
458772 1249
458773 1105
458774 1249
458775 1030
458776 1248
458777 1177
458778 1678
458779 1679
458780 1176
458781 1247
458782 1246
458783 1247
524288 1254
524289 1395
524290 1106
524291 1176
524292 1249
524293 1249
524294 1249
524295 1249
524296 1249
524297 1395
524298 1395
524299 1395
524300 1680
524301 1248
524302 1177
524303 1177
524304 1246
524305 1246
524306 1248
524307 1248
524308 1248
524309 1393
524310 1106
524311 1247
524312 1248
524313 1322
524314 1247
524315 1247
524316 1247
524317 1175
524318 1247
524319 1247
589824 1258
589825 1107
589826 1031
589827 1247
589828 1249
589829 1319
589830 1103
589831 1103
589832 1104
589833 239
589834 239
589835 239
589836 239
589837 239
589838 239
589839 239
589840 239
589841 239
589842 239
589843 239
589844 239
589845 239
589846 239
589847 239
589848 239
589849 239
589850 239
589851 239
589852 239
589853 239
589854 239
589855 239
kernel_count 47733
