0 1254
1 1106
2 1248
3 1030
4 1247
5 1176
6 1247
7 1247
8 1393
9 1247
10 1393
11 1247
12 1393
13 1248
14 1248
15 1248
16 1247
17 1248
18 1248
19 1247
20 1246
21 956
22 1106
23 1248
24 1248
25 1247
26 1248
27 1248
28 1247
29 1177
30 1321
31 1247
65536 1254
65537 1247
65538 1248
65539 1248
65540 1176
65541 1248
65542 1248
65543 1248
65544 1322
65545 1247
65546 1176
65547 1247
65548 1176
65549 1247
65550 1247
65551 1247
65552 1247
65553 1176
65554 1247
65555 1247
65556 1176
65557 1176
65558 1247
65559 1104
65560 1105
65561 1176
65562 1104
65563 1246
65564 1176
65565 1176
65566 1247
65567 1247
131072 1473
131073 1248
131074 1248
131075 1177
131076 1248
131077 1248
131078 1177
131079 1248
131080 1248
131081 1248
131082 1247
131083 1248
131084 1248
131085 1248
131086 1248
131087 1177
131088 1247
131089 1247
131090 1248
131091 1247
131092 1248
131093 1248
131094 1323
131095 1248
131096 1248
131097 1248
131098 1392
131099 1175
131100 1175
131101 1175
131102 1103
131103 1103
196608 1254
196609 1249
196610 1249
196611 1249
196612 1105
196613 1249
196614 1177
196615 1176
196616 1175
196617 1394
196618 1394
196619 1249
196620 1395
196621 1176
196622 1249
196623 1177
196624 1248
196625 1249
196626 1249
196627 1249
196628 1249
196629 1248
196630 1176
196631 1247
196632 1106
196633 1464
196634 1106
196635 1030
196636 1463
196637 1176
196638 1106
196639 1463
262144 1254
262145 1177
262146 671
262147 823
262148 747
262149 747
262150 823
262151 1249
262152 1249
262153 1030
262154 1176
262155 1177
262156 1106
262157 1395
262158 1248
262159 1177
262160 1176
262161 1248
262162 1249
262163 1249
262164 1249
262165 1249
262166 1327
262167 1471
262168 1030
262169 1178
262170 1106
262171 1178
262172 1105
262173 1463
262174 1176
262175 1753
327680 1181
327681 1106
327682 1248
327683 1248
327684 1248
327685 1248
327686 1176
327687 1321
327688 1248
327689 1105
327690 1177
327691 1248
327692 1246
327693 1246
327694 1104
327695 1246
327696 1104
327697 1246
327698 1246
327699 1248
327700 1248
327701 1392
327702 1321
327703 1391
327704 1391
327705 1246
327706 1245
327707 1246
327708 1176
327709 1247
327710 1247
327711 1174
393216 1110
393217 1176
393218 1106
393219 1177
393220 1249
393221 1251
393222 1105
393223 1106
393224 1247
393225 1322
393226 1248
393227 1464
393228 1248
393229 1322
393230 1249
393231 1464
393232 1245
393233 1247
393234 1246
393235 1247
393236 1246
393237 1247
393238 1246
393239 1246
393240 1247
393241 1175
393242 1105
393243 1246
393244 1247
393245 1247
393246 1176
393247 1247
458752 1763
458753 1176
458754 1249
458755 1176
458756 1178
458757 1323
458758 1030
458759 1030
458760 1106
458761 1248
458762 1249
458763 1106
458764 1249
458765 1249
458766 1324
458767 1248
458768 1030
458769 1030
458770 1249
458771 1176
458772 1177
458773 1251
458774 1180
458775 1252
458776 1180
458777 1464
458778 1248
458779 1106
458780 1106
458781 1248
458782 1392
458783 1247
524288 1254
524289 1324
524290 747
524291 1249
524292 1249
524293 1177
524294 1249
524295 1396
524296 1466
524297 1396
524298 1397
524299 1392
524300 1247
524301 1176
524302 1246
524303 1247
524304 1175
524305 1176
524306 1247
524307 1247
524308 1105
524309 1105
524310 1176
524311 1247
524312 1247
524313 1247
524314 1247
524315 1247
524316 1246
524317 1247
524318 1176
524319 1247
589824 1181
589825 1247
589826 1177
589827 1177
589828 1248
589829 1246
589830 239
589831 239
589832 239
589833 239
589834 239
589835 239
589836 239
589837 239
589838 239
589839 239
589840 239
589841 239
589842 239
589843 239
589844 239
589845 239
589846 239
589847 239
589848 239
589849 239
589850 239
589851 239
589852 239
589853 239
589854 239
589855 239
kernel_count 47654
