0 1108
1 1177
2 1252
3 1679
4 1106
5 1177
6 1248
7 1248
8 1248
9 1248
10 1248
11 1248
12 1248
13 1248
14 1248
15 1248
16 1247
17 1248
18 1177
19 1248
20 1248
21 1248
22 1248
23 1248
24 1248
25 1248
26 1248
27 1248
28 1248
29 1176
30 1176
31 1392
65536 1329
65537 1249
65538 1105
65539 962
65540 1105
65541 1248
65542 1248
65543 1249
65544 1176
65545 1105
65546 1106
65547 1248
65548 1248
65549 1248
65550 1249
65551 1105
65552 1106
65553 1106
65554 1248
65555 1248
65556 1249
65557 1176
65558 1177
65559 1248
65560 1249
65561 1394
65562 1176
65563 1176
65564 1247
65565 1176
65566 1247
65567 1246
131072 1329
131073 1322
131074 1322
131075 1248
131076 1248
131077 1177
131078 1177
131079 1251
131080 1248
131081 1247
131082 1177
131083 1248
131084 1177
131085 1104
131086 1177
131087 1177
131088 1106
131089 1177
131090 1105
131091 1105
131092 1177
131093 1104
131094 1177
131095 1177
131096 1322
131097 1247
131098 1176
131099 1175
131100 1176
131101 1246
131102 1246
131103 1245
196608 1254
196609 1248
196610 1248
196611 1248
196612 1248
196613 1106
196614 1248
196615 1248
196616 1248
196617 1177
196618 1248
196619 1393
196620 1248
196621 1248
196622 1177
196623 1248
196624 1248
196625 1248
196626 1248
196627 1176
196628 1176
196629 1175
196630 1248
196631 1034
196632 1177
196633 1466
196634 1466
196635 1247
196636 1246
196637 1247
196638 1246
196639 1247
262144 748
262145 747
262146 746
262147 1247
262148 1248
262149 1246
262150 1176
262151 1105
262152 1246
262153 1248
262154 1177
262155 1176
262156 1106
262157 1106
262158 1106
262159 1177
262160 1247
262161 1393
262162 1537
262163 1536
262164 1175
262165 1177
262166 1248
262167 1176
262168 1175
262169 1105
262170 1177
262171 1177
262172 1247
262173 1248
262174 1248
262175 1322
327680 1110
327681 892
327682 1249
327683 1325
327684 1105
327685 1325
327686 1105
327687 1396
327688 1177
327689 1247
327690 1252
327691 1247
327692 1034
327693 1321
327694 1248
327695 1248
327696 1465
327697 1246
327698 1105
327699 1106
327700 1246
327701 1247
327702 1465
327703 1175
327704 1247
327705 1465
327706 1176
327707 1105
327708 1391
327709 1248
327710 1250
327711 1246
393216 1400
393217 1395
393218 1248
393219 1325
393220 1467
393221 1398
393222 1249
393223 1323
393224 1251
393225 1248
393226 1176
393227 1177
393228 1249
393229 1464
393230 1392
393231 1030
393232 1247
393233 1105
393234 1105
393235 1247
393236 1247
393237 1247
393238 1176
393239 1247
393240 1247
393241 1247
393242 1247
393243 1245
393244 1175
393245 1245
393246 1176
393247 1247
458752 1254
458753 1249
458754 1249
458755 1248
458756 1106
458757 1249
458758 1249
458759 1177
458760 1249
458761 1106
458762 1105
458763 1470
458764 1249
458765 1177
458766 1249
458767 1106
458768 1103
458769 1103
458770 1103
458771 1176
458772 1394
458773 1247
458774 1247
458775 1247
458776 1175
458777 1104
458778 1247
458779 1247
458780 1104
458781 1247
458782 1247
458783 1175
524288 1182
524289 1249
524290 1181
524291 1252
524292 1249
524293 1249
524294 1397
524295 1397
524296 1177
524297 1248
524298 1247
524299 1248
524300 1175
524301 1173
524302 239
524303 239
524304 239
524305 239
524306 239
524307 239
524308 239
524309 239
524310 239
524311 239
524312 239
524313 239
524314 239
524315 239
524316 239
524317 239
524318 239
524319 239
kernel_count 43623
