0 1254
1 1247
2 1176
3 1247
4 1247
5 1247
6 1247
7 1247
8 1247
9 1246
10 1246
11 1176
12 1176
13 1247
14 1246
15 1247
16 1246
17 1105
18 1176
19 1247
20 1247
21 1247
22 1247
23 1246
24 1246
25 1247
26 1246
27 1246
28 1247
29 1247
30 1247
31 1247
65536 748
65537 748
65538 748
65539 1250
65540 1250
65541 1325
65542 1178
65543 1107
65544 1178
65545 1392
65546 1178
65547 1178
65548 1462
65549 1250
65550 1250
65551 1465
65552 1177
65553 1463
65554 1465
65555 1250
65556 1250
65557 1462
65558 1176
65559 1461
65560 1462
65561 239
65562 239
65563 239
65564 239
65565 239
65566 239
65567 239
kernel_count 9341
