0 1110
1 1106
2 1106
3 1106
4 1106
5 1106
6 1324
7 1176
8 1249
9 1324
10 1249
11 1248
12 1465
13 1464
14 1178
15 1177
16 1177
17 1393
18 1248
19 1248
20 1248
21 1177
22 1177
23 1248
24 1248
25 1177
26 1248
27 1321
28 1321
29 1322
30 1175
31 1103
65536 1254
65537 1247
65538 1247
65539 1248
65540 1248
65541 1248
65542 1466
65543 1248
65544 1106
65545 1248
65546 1177
65547 1247
65548 1248
65549 1248
65550 1177
65551 1248
65552 1104
65553 1247
65554 1106
65555 1247
65556 1248
65557 1248
65558 1248
65559 1248
65560 1251
65561 1247
65562 1249
65563 1176
65564 1247
65565 1176
65566 1247
65567 1174
131072 1254
131073 1106
131074 1177
131075 1105
131076 1177
131077 1105
131078 1030
131079 1248
131080 1248
131081 1248
131082 1176
131083 1248
131084 1248
131085 1248
131086 1248
131087 1248
131088 1177
131089 1105
131090 1106
131091 1177
131092 1177
131093 1031
131094 1105
131095 1398
131096 1106
131097 1177
131098 1248
131099 1177
131100 1394
131101 1176
131102 1247
131103 1247
196608 1182
196609 1539
196610 1249
196611 1249
196612 1249
196613 1177
196614 1249
196615 1249
196616 1249
196617 1175
196618 1247
196619 1606
196620 1247
196621 1248
196622 1393
196623 1392
196624 1247
196625 1393
196626 1393
196627 1393
196628 1247
196629 1247
196630 1180
196631 1248
196632 1248
196633 1248
196634 1248
196635 1248
196636 1248
196637 1248
196638 1322
196639 1175
262144 1181
262145 1249
262146 1322
262147 1248
262148 1464
262149 1464
262150 1106
262151 1248
262152 1176
262153 1249
262154 1249
262155 1249
262156 1248
262157 1104
262158 1248
262159 1249
262160 1249
262161 1248
262162 1249
262163 1464
262164 1105
262165 1249
262166 1249
262167 1249
262168 1249
262169 1464
262170 1104
262171 1247
262172 1247
262173 1247
262174 1030
262175 1245
327680 1254
327681 1249
327682 1248
327683 1249
327684 1249
327685 1249
327686 1177
327687 1248
327688 1177
327689 1177
327690 1178
327691 1249
327692 1249
327693 1249
327694 1177
327695 1249
327696 1249
327697 1322
327698 1395
327699 1324
327700 1324
327701 1249
327702 1465
327703 1394
327704 1249
327705 1322
327706 1177
327707 1179
327708 1322
327709 1175
327710 1250
327711 1178
393216 1110
393217 746
393218 823
393219 822
393220 1177
393221 1253
393222 1248
393223 1249
393224 1249
393225 1249
393226 1106
393227 1106
393228 1177
393229 1467
393230 1395
393231 1396
393232 1467
393233 1253
393234 1185
393235 890
393236 1177
393237 1323
393238 1247
393239 1247
393240 1247
393241 1393
393242 1248
393243 1322
393244 1320
393245 1245
393246 1174
393247 1174
458752 1109
458753 745
458754 1104
458755 1247
458756 1176
458757 1105
458758 1247
458759 1246
458760 1246
458761 1176
458762 1246
458763 1246
458764 1030
458765 1105
458766 1176
458767 1247
458768 1176
458769 1247
458770 1247
458771 1245
458772 1176
458773 1247
458774 1246
458775 1247
458776 1245
458777 1176
458778 1103
458779 1246
458780 1246
458781 1246
458782 1246
458783 1103
524288 748
524289 747
524290 1176
524291 1247
524292 1394
524293 1323
524294 1177
524295 1471
524296 1470
524297 1109
524298 1322
524299 1322
524300 1176
524301 1109
524302 1322
524303 1246
524304 1251
524305 1109
524306 1322
524307 1246
524308 1248
524309 1248
524310 1248
524311 1248
524312 1248
524313 1247
524314 1177
524315 1248
524316 1248
524317 1249
524318 1175
524319 1245
589824 1258
589825 1249
589826 1252
589827 1249
589828 1176
589829 1177
589830 1249
589831 1249
589832 1249
589833 1106
589834 1106
589835 1248
589836 1249
589837 1249
589838 1249
589839 1249
589840 1178
589841 1249
589842 1030
589843 1106
589844 1106
589845 1106
589846 1105
589847 1106
589848 1249
589849 1249
589850 1177
589851 1249
589852 1249
589853 1463
589854 1104
589855 1247
655360 1254
655361 1249
655362 1249
655363 1106
655364 1177
655365 1177
655366 1105
655367 1105
655368 1030
655369 1106
655370 1177
655371 1103
655372 959
655373 1177
655374 1249
655375 1249
655376 1106
655377 1464
655378 1247
655379 1247
655380 1246
655381 1246
655382 1102
655383 1102
655384 1176
655385 1176
655386 1176
655387 1105
655388 1247
655389 1247
655390 1247
655391 1247
720896 1400
720897 1393
720898 1248
720899 1031
720900 1178
720901 1178
720902 1249
720903 1249
720904 1393
720905 1393
720906 1248
720907 1248
720908 1248
720909 1248
720910 1248
720911 1248
720912 1177
720913 1248
720914 1176
720915 1176
720916 239
720917 239
720918 239
720919 239
720920 239
720921 239
720922 239
720923 239
720924 239
720925 239
720926 239
720927 239
kernel_count 59852
