0 1254
1 1247
2 1247
3 1105
4 1176
5 1105
6 1176
7 1105
8 1176
9 1247
10 1247
11 1247
12 1247
13 1247
14 1247
15 1245
16 1245
17 1174
18 1245
19 1174
20 1246
21 1247
22 1173
23 1246
24 1247
25 1247
26 1246
27 1247
28 1247
29 1247
30 1173
31 1244
65536 747
65537 746
65538 746
65539 747
65540 747
65541 747
65542 747
65543 747
65544 1106
65545 1177
65546 1177
65547 1177
65548 1247
65549 1177
65550 1248
65551 1106
65552 1248
65553 1176
65554 1175
65555 1392
65556 1175
65557 1105
65558 1105
65559 1105
65560 1105
65561 1104
65562 1247
65563 1247
65564 1247
65565 1246
65566 1247
65567 1247
131072 747
131073 747
131074 747
131075 747
131076 747
131077 747
131078 747
131079 746
131080 747
131081 1033
131082 1392
131083 1177
131084 1030
131085 1106
131086 1248
131087 1467
131088 1248
131089 1467
131090 1467
131091 1246
131092 1247
131093 1247
131094 1105
131095 1176
131096 1247
131097 1247
131098 1247
131099 1246
131100 1247
131101 1175
131102 961
131103 1174
196608 1254
196609 1247
196610 1247
196611 1393
196612 1248
196613 1393
196614 1248
196615 1393
196616 1393
196617 1246
196618 1106
196619 1106
196620 1177
196621 1177
196622 1177
196623 1248
196624 1248
196625 1248
196626 1248
196627 1248
196628 1248
196629 1248
196630 1106
196631 1248
196632 1035
196633 1035
196634 1177
196635 1177
196636 1248
196637 1248
196638 1248
196639 1322
262144 1182
262145 1177
262146 1177
262147 1177
262148 1105
262149 1177
262150 1033
262151 1177
262152 1249
262153 1249
262154 1249
262155 1396
262156 1539
262157 958
262158 1177
262159 1248
262160 1177
262161 1176
262162 1248
262163 1248
262164 1248
262165 1177
262166 1248
262167 1325
262168 1104
262169 1176
262170 1247
262171 1247
262172 1247
262173 1246
262174 1103
262175 1028
327680 1254
327681 1106
327682 963
327683 1247
327684 1248
327685 1248
327686 1106
327687 1248
327688 1248
327689 1247
327690 1175
327691 1248
327692 1251
327693 1030
327694 1177
327695 1177
327696 1248
327697 1177
327698 1322
327699 1176
327700 1030
327701 1247
327702 1247
327703 1247
327704 1105
327705 1247
327706 1247
327707 1247
327708 1247
327709 1247
327710 1247
327711 1247
393216 748
393217 747
393218 747
393219 747
393220 1321
393221 1176
393222 1247
393223 1247
393224 1247
393225 1246
393226 1176
393227 1105
393228 1176
393229 1175
393230 1247
393231 1104
393232 1175
393233 1247
393234 1247
393235 1247
393236 1247
393237 1247
393238 1247
393239 1247
393240 1247
393241 1247
393242 1247
393243 1247
393244 1246
393245 1247
393246 1247
393247 1247
458752 1110
458753 1247
458754 1247
458755 1247
458756 1175
458757 1104
458758 1175
458759 1246
458760 1246
458761 1247
458762 1247
458763 1176
458764 1247
458765 1247
458766 1247
458767 1176
458768 1247
458769 1245
458770 1247
458771 1247
458772 1247
458773 1029
458774 1246
458775 1176
458776 1176
458777 1247
458778 1247
458779 1247
458780 1104
458781 1104
458782 1175
458783 1175
524288 1254
524289 1248
524290 1247
524291 1247
524292 1247
524293 1176
524294 1248
524295 1248
524296 1248
524297 1246
524298 1247
524299 1322
524300 1248
524301 1177
524302 1248
524303 1248
524304 1177
524305 1248
524306 1177
524307 1248
524308 1392
524309 1248
524310 1248
524311 1177
524312 1247
524313 1174
524314 1391
524315 1391
524316 1391
524317 1391
524318 1174
524319 1392
589824 1254
589825 1248
589826 1177
589827 1248
589828 1177
589829 1323
589830 1322
589831 1177
589832 1248
589833 1248
589834 1248
589835 1248
589836 1247
589837 1248
589838 1247
589839 1321
589840 1247
589841 1177
589842 1247
589843 1248
589844 1177
589845 1177
589846 1248
589847 1391
589848 1391
589849 1247
589850 1247
589851 1176
589852 1247
589853 1247
589854 1247
589855 1247
655360 747
655361 964
655362 1537
655363 1248
655364 1248
655365 1177
655366 1106
655367 1248
655368 1176
655369 1177
655370 239
655371 239
655372 239
655373 239
655374 239
655375 239
655376 239
655377 239
655378 239
655379 239
655380 239
655381 239
655382 239
655383 239
655384 239
655385 239
655386 239
655387 239
655388 239
655389 239
655390 239
655391 239
kernel_count 51650
