0 1254
1 1247
2 1247
3 1247
4 1247
5 1247
6 1247
7 1176
8 1247
9 1247
10 1175
11 1246
12 1246
13 1175
14 1246
15 1246
16 1247
17 1247
18 1247
19 1247
20 1176
21 1105
22 1176
23 1247
24 1247
25 1247
26 1246
27 1034
28 1247
29 1247
30 1247
31 1247
65536 1182
65537 1178
65538 1177
65539 1248
65540 1106
65541 1395
65542 1249
65543 1249
65544 1249
65545 1249
65546 1106
65547 1106
65548 1182
65549 1324
65550 1029
65551 958
65552 958
65553 958
65554 1177
65555 1178
65556 1249
65557 1249
65558 1325
65559 1249
65560 1468
65561 1176
65562 1177
65563 1177
65564 1396
65565 1394
65566 1393
65567 1247
131072 1110
131073 1248
131074 1248
131075 1248
131076 1248
131077 1177
131078 1247
131079 1248
131080 1248
131081 1248
131082 1247
131083 1248
131084 1177
131085 1248
131086 1248
131087 1248
131088 1248
131089 1248
131090 1177
131091 1177
131092 1177
131093 1176
131094 1176
131095 1176
131096 962
131097 1248
131098 1105
131099 1247
131100 1177
131101 1248
131102 1106
131103 1322
196608 1254
196609 1541
196610 1177
196611 1177
196612 1248
196613 1248
196614 1394
196615 1106
196616 1248
196617 1248
196618 1248
196619 1247
196620 1323
196621 1541
196622 1612
196623 1176
196624 1248
196625 1248
196626 1322
196627 1177
196628 1322
196629 1247
196630 1246
196631 1105
196632 1247
196633 1247
196634 1246
196635 1246
196636 1246
196637 1246
196638 1104
196639 1173
262144 1182
262145 1249
262146 1249
262147 1324
262148 1248
262149 1249
262150 1394
262151 1249
262152 1249
262153 1249
262154 1249
262155 1248
262156 1249
262157 1178
262158 1106
262159 1394
262160 1249
262161 1249
262162 1609
262163 1249
262164 1177
262165 1394
262166 1249
262167 1249
262168 1609
262169 1105
262170 1030
262171 1175
262172 1105
262173 1176
262174 1247
262175 1175
327680 1182
327681 1247
327682 1247
327683 1247
327684 1105
327685 1105
327686 1105
327687 1248
327688 1176
327689 1177
327690 1393
327691 1394
327692 1247
327693 1248
327694 1322
327695 1248
327696 1106
327697 1030
327698 1248
327699 1321
327700 1248
327701 1247
327702 1322
327703 1321
327704 1247
327705 1322
327706 1248
327707 1321
327708 1248
327709 1322
327710 1175
327711 1322
393216 1181
393217 1248
393218 1249
393219 1104
393220 1176
393221 1399
393222 1253
393223 1253
393224 1177
393225 1177
393226 1178
393227 1106
393228 1398
393229 1539
393230 1034
393231 1105
393232 1034
393233 519
393234 1106
393235 1249
393236 1399
393237 1181
393238 1398
393239 1464
393240 1177
393241 1105
393242 1177
393243 1394
393244 1392
393245 1246
393246 1320
393247 1102
458752 1110
458753 1248
458754 1248
458755 1248
458756 1176
458757 1177
458758 1177
458759 1249
458760 1324
458761 1613
458762 1106
458763 1177
458764 1545
458765 1543
458766 1543
458767 1255
458768 1106
458769 1106
458770 1249
458771 1105
458772 1248
458773 1249
458774 1177
458775 1177
458776 1464
458777 1462
458778 1249
458779 1463
458780 1174
458781 1246
458782 1247
458783 1174
524288 1109
524289 1105
524290 1540
524291 1540
524292 1540
524293 1540
524294 1034
524295 960
524296 1106
524297 1249
524298 1249
524299 1104
524300 1106
524301 1105
524302 1106
524303 1104
524304 1105
524305 1105
524306 1104
524307 1104
524308 1105
524309 1104
524310 1104
524311 1105
524312 1104
524313 1249
524314 1249
524315 1249
524316 1248
524317 1464
524318 1176
524319 1247
589824 1254
589825 1176
589826 1248
589827 747
589828 1248
589829 1177
589830 1248
589831 1247
589832 1248
589833 1105
589834 1248
589835 1247
589836 1248
589837 1175
589838 1175
589839 1248
589840 1176
589841 1248
589842 1248
589843 1177
589844 1177
589845 1177
589846 1177
589847 1106
589848 1106
589849 1248
589850 1247
589851 1248
589852 1177
589853 1248
589854 1392
589855 1247
655360 1472
655361 1394
655362 1465
655363 1464
655364 1177
655365 1177
655366 1322
655367 1321
655368 1177
655369 1321
655370 1322
655371 1177
655372 1177
655373 1248
655374 1176
655375 1176
655376 1248
655377 1248
655378 1176
655379 1106
655380 1106
655381 1106
655382 1247
655383 1251
655384 1246
655385 1247
655386 1247
655387 1104
655388 1030
655389 1176
655390 1175
655391 1247
720896 1038
720897 1250
720898 1540
720899 1250
720900 1540
720901 1248
720902 1177
720903 1248
720904 1248
720905 1249
720906 239
720907 239
720908 239
720909 239
720910 239
720911 239
720912 239
720913 239
720914 239
720915 239
720916 239
720917 239
720918 239
720919 239
720920 239
720921 239
720922 239
720923 239
720924 239
720925 239
720926 239
720927 239
kernel_count 58882
