0 1253
1 1322
2 1466
3 1394
4 1467
5 1248
6 1248
7 1248
8 1248
9 1248
10 1248
11 1248
12 1248
13 1247
14 1322
15 1466
16 1394
17 1467
18 1248
19 1248
20 1248
21 1248
22 1248
23 1248
24 1248
25 1247
26 1248
27 1248
28 1248
29 1247
30 1392
31 1247
65536 1254
65537 1247
65538 1248
65539 1248
65540 1246
65541 1177
65542 1248
65543 1176
65544 1034
65545 1177
65546 1030
65547 1030
65548 1030
65549 1248
65550 1248
65551 1248
65552 1248
65553 1248
65554 1177
65555 1106
65556 1030
65557 1248
65558 1248
65559 1247
65560 963
65561 1034
65562 1106
65563 1248
65564 1177
65565 1321
65566 1176
65567 1247
131072 1254
131073 1177
131074 1248
131075 1248
131076 1177
131077 1106
131078 1248
131079 1247
131080 1177
131081 1248
131082 1177
131083 1176
131084 1177
131085 1177
131086 1248
131087 1179
131088 1250
131089 1247
131090 1322
131091 1322
131092 1322
131093 1250
131094 1248
131095 1248
131096 1177
131097 1251
131098 1247
131099 1247
131100 1176
131101 1247
131102 1176
131103 1247
196608 1182
196609 1394
196610 1106
196611 1177
196612 1249
196613 1248
196614 1394
196615 1395
196616 1106
196617 1177
196618 1177
196619 1249
196620 1249
196621 1466
196622 1249
196623 1249
196624 1249
196625 1247
196626 1249
196627 1394
196628 1177
196629 1248
196630 1248
196631 1249
196632 1394
196633 1394
196634 1248
196635 1248
196636 1248
196637 1105
196638 1322
196639 1102
262144 1109
262145 1177
262146 1249
262147 1105
262148 1176
262149 1249
262150 1249
262151 1249
262152 1325
262153 1249
262154 1105
262155 1249
262156 1249
262157 1249
262158 1248
262159 1249
262160 1247
262161 1248
262162 1248
262163 1395
262164 1395
262165 1393
262166 1177
262167 1679
262168 1677
262169 1175
262170 1175
262171 1246
262172 1176
262173 1176
262174 1247
262175 1247
327680 1110
327681 1252
327682 1181
327683 1105
327684 1392
327685 1247
327686 1176
327687 1105
327688 1176
327689 1176
327690 1248
327691 1248
327692 1106
327693 1248
327694 1248
327695 1106
327696 1248
327697 1176
327698 1247
327699 1247
327700 1247
327701 1176
327702 1248
327703 1106
327704 1465
327705 1248
327706 1176
327707 1030
327708 1106
327709 1247
327710 1467
327711 1247
393216 1254
393217 1177
393218 1177
393219 1249
393220 1177
393221 1252
393222 1324
393223 1177
393224 1177
393225 1177
393226 1324
393227 1249
393228 1177
393229 1177
393230 1106
393231 1106
393232 1249
393233 1464
393234 1392
393235 1105
393236 1247
393237 1247
393238 1247
393239 1175
393240 1175
393241 1176
393242 1176
393243 1246
393244 1246
393245 1247
393246 1247
393247 1247
458752 1182
458753 1394
458754 1248
458755 1248
458756 1464
458757 1465
458758 1177
458759 1250
458760 1252
458761 1104
458762 1248
458763 1177
458764 1252
458765 1393
458766 957
458767 1248
458768 1322
458769 1177
458770 1322
458771 1245
458772 1175
458773 1247
458774 1247
458775 1247
458776 1247
458777 1176
458778 1176
458779 1247
458780 1176
458781 1176
458782 1247
458783 1247
524288 1182
524289 1176
524290 1176
524291 1248
524292 1248
524293 1251
524294 1251
524295 1322
524296 1248
524297 1248
524298 1248
524299 1248
524300 1248
524301 1106
524302 1106
524303 1177
524304 1322
524305 1321
524306 1106
524307 1177
524308 1248
524309 1247
524310 962
524311 957
524312 1247
524313 1248
524314 1030
524315 1251
524316 1104
524317 1246
524318 1245
524319 1246
589824 1109
589825 1248
589826 1248
589827 1466
589828 1249
589829 1466
589830 1177
589831 1249
589832 1248
589833 1678
589834 1248
589835 1249
589836 1393
589837 1320
589838 1176
589839 1248
589840 1176
589841 1176
589842 1176
589843 1322
589844 1392
589845 1392
589846 1393
589847 1030
589848 1248
589849 1464
589850 1177
589851 1248
589852 1249
589853 1464
589854 1247
589855 1247
655360 1253
655361 1248
655362 1176
655363 1177
655364 1106
655365 1106
655366 1106
655367 1253
655368 1249
655369 1253
655370 1182
655371 1106
655372 1249
655373 1249
655374 1106
655375 1249
655376 1249
655377 1030
655378 1177
655379 1106
655380 1177
655381 1399
655382 1249
655383 1249
655384 1030
655385 1106
655386 1177
655387 1465
655388 1248
655389 1176
655390 1322
655391 1322
720896 1253
720897 1249
720898 1247
720899 1324
720900 1247
720901 1178
720902 1107
720903 1393
720904 1249
720905 1107
720906 1178
720907 1177
720908 1249
720909 1392
720910 1107
720911 1392
720912 1251
720913 1248
720914 1176
720915 1032
720916 239
720917 239
720918 239
720919 239
720920 239
720921 239
720922 239
720923 239
720924 239
720925 239
720926 239
720927 239
kernel_count 60456
