0 1182
1 1175
2 1247
3 1247
4 1246
5 1105
6 1105
7 1246
8 1246
9 1246
10 1105
11 1030
12 1104
13 1176
14 1104
15 1176
16 1176
17 1247
18 1246
19 1247
20 1247
21 1247
22 1246
23 1176
24 1246
25 1247
26 1247
27 1246
28 1176
29 1247
30 1247
31 1247
65536 1181
65537 1177
65538 1105
65539 1248
65540 1177
65541 1177
65542 1394
65543 1106
65544 1106
65545 1247
65546 1252
65547 1247
65548 1248
65549 1322
65550 1106
65551 1466
65552 1466
65553 1247
65554 1247
65555 1247
65556 1247
65557 1247
65558 1247
65559 1247
65560 1247
65561 1247
65562 1247
65563 1247
65564 1247
65565 1247
65566 1247
65567 1247
131072 748
131073 747
131074 1248
131075 1177
131076 1325
131077 1399
131078 1398
131079 1177
131080 1393
131081 1248
131082 1248
131083 1394
131084 1248
131085 1322
131086 1248
131087 1392
131088 1105
131089 1176
131090 1176
131091 1247
131092 1247
131093 1247
131094 1247
131095 1175
131096 1175
131097 1247
131098 1247
131099 1246
131100 1247
131101 1247
131102 1176
131103 1247
196608 1254
196609 1106
196610 1248
196611 1177
196612 1248
196613 1247
196614 1248
196615 1248
196616 1177
196617 1248
196618 1248
196619 1248
196620 1247
196621 1248
196622 1247
196623 1177
196624 1321
196625 1176
196626 1105
196627 1247
196628 1247
196629 1246
196630 1247
196631 1176
196632 1245
196633 1245
196634 1247
196635 1247
196636 1247
196637 1246
196638 1247
196639 1028
262144 748
262145 1177
262146 1393
262147 1393
262148 1106
262149 747
262150 1393
262151 1392
262152 1247
262153 1248
262154 1248
262155 1106
262156 1106
262157 1464
262158 1392
262159 1177
262160 1248
262161 1248
262162 1248
262163 1177
262164 1106
262165 1177
262166 1177
262167 1177
262168 1248
262169 1320
262170 1102
262171 1029
262172 1103
262173 1103
262174 1102
262175 1103
327680 1254
327681 1469
327682 1249
327683 1393
327684 1248
327685 1177
327686 1394
327687 1249
327688 1394
327689 1248
327690 1106
327691 1106
327692 1249
327693 1106
327694 1249
327695 1249
327696 1323
327697 1464
327698 1249
327699 1248
327700 1249
327701 1249
327702 1248
327703 1105
327704 1249
327705 1105
327706 1248
327707 1249
327708 1463
327709 1246
327710 1246
327711 1247
393216 747
393217 746
393218 747
393219 1323
393220 1248
393221 1248
393222 1181
393223 1248
393224 1248
393225 1248
393226 1248
393227 1248
393228 1248
393229 1248
393230 1393
393231 1248
393232 1177
393233 1176
393234 1176
393235 1248
393236 1322
393237 1321
393238 1247
393239 1322
393240 1247
393241 1321
393242 1106
393243 1248
393244 1248
393245 1176
393246 1322
393247 1321
458752 1253
458753 1249
458754 1107
458755 1178
458756 1250
458757 1394
458758 1178
458759 1178
458760 1178
458761 1178
458762 1249
458763 1250
458764 1250
458765 1679
458766 1678
458767 1179
458768 1249
458769 1178
458770 1678
458771 1679
458772 1177
458773 1247
458774 1248
458775 239
458776 239
458777 239
458778 239
458779 239
458780 239
458781 239
458782 239
458783 239
kernel_count 39857
