0 1254
1 1176
2 1247
3 1176
4 1247
5 1176
6 1247
7 1176
8 1247
9 1176
10 1247
11 1175
12 1175
13 1246
14 1176
15 1246
16 1247
17 1176
18 1247
19 1176
20 1247
21 1176
22 1247
23 1176
24 1247
25 1176
26 1247
27 1176
28 1175
29 1246
30 1176
31 1247
65536 1110
65537 893
65538 1031
65539 1107
65540 1178
65541 1249
65542 1324
65543 1323
65544 1466
65545 1177
65546 1175
65547 1177
65548 1248
65549 1248
65550 1106
65551 1248
65552 1248
65553 519
65554 239
65555 239
65556 239
65557 239
65558 239
65559 239
65560 239
65561 239
65562 239
65563 239
65564 239
65565 239
65566 239
65567 239
kernel_count 8072
