0 1254
1 1247
2 1247
3 1247
4 1247
5 1247
6 1247
7 1246
8 1247
9 1176
10 1176
11 1247
12 1105
13 1030
14 1030
15 1030
16 1105
17 1105
18 1247
19 1246
20 1246
21 1030
22 1247
23 1176
24 1247
25 1247
26 1247
27 1247
28 1247
29 1176
30 1247
31 1247
65536 1254
65537 1395
65538 1398
65539 1395
65540 1398
65541 1106
65542 1249
65543 1249
65544 1249
65545 1249
65546 1249
65547 1395
65548 1395
65549 1248
65550 1324
65551 1176
65552 1106
65553 1248
65554 1395
65555 1105
65556 1249
65557 1249
65558 1176
65559 1106
65560 1468
65561 1247
65562 1176
65563 1247
65564 1246
65565 1247
65566 1247
65567 1246
131072 1110
131073 1248
131074 1321
131075 1247
131076 1104
131077 1105
131078 1247
131079 1247
131080 1247
131081 1247
131082 1247
131083 1247
131084 1247
131085 1176
131086 1246
131087 1246
131088 1247
131089 1246
131090 1247
131091 1247
131092 1176
131093 1176
131094 1176
131095 1247
131096 1246
131097 1247
131098 1247
131099 1247
131100 1247
131101 1247
131102 1104
131103 1175
196608 748
196609 747
196610 747
196611 747
196612 747
196613 1177
196614 1248
196615 1252
196616 1323
196617 1247
196618 1248
196619 1177
196620 1393
196621 1251
196622 1177
196623 1177
196624 1105
196625 1247
196626 1179
196627 1177
196628 1176
196629 1322
196630 1248
196631 1322
196632 1246
196633 1246
196634 1246
196635 1246
196636 1246
196637 1247
196638 1247
196639 1247
262144 1254
262145 1176
262146 1325
262147 1106
262148 1251
262149 1176
262150 1247
262151 1247
262152 1246
262153 1247
262154 1176
262155 1247
262156 1105
262157 1246
262158 1247
262159 1105
262160 1247
262161 1247
262162 1105
262163 1246
262164 1176
262165 1175
262166 1176
262167 1176
262168 1175
262169 1176
262170 1176
262171 1247
262172 1247
262173 1176
262174 1104
262175 1175
327680 1254
327681 1177
327682 1177
327683 1248
327684 1248
327685 1248
327686 1248
327687 1248
327688 1464
327689 1247
327690 1177
327691 1248
327692 1394
327693 1247
327694 1248
327695 1394
327696 1106
327697 1247
327698 1247
327699 1248
327700 1106
327701 1177
327702 1248
327703 1106
327704 1248
327705 1103
327706 1176
327707 1323
327708 1324
327709 1177
327710 1105
327711 1250
393216 1258
393217 1249
393218 1248
393219 1104
393220 1104
393221 1324
393222 1249
393223 1177
393224 1106
393225 1106
393226 1255
393227 1251
393228 1034
393229 1326
393230 1105
393231 1248
393232 1105
393233 1249
393234 1324
393235 1249
393236 1248
393237 1248
393238 1248
393239 1464
393240 958
393241 1030
393242 1105
393243 1246
393244 1246
393245 1175
393246 1174
393247 1174
458752 1109
458753 1177
458754 1176
458755 1177
458756 1324
458757 1325
458758 1248
458759 1248
458760 1610
458761 1395
458762 1395
458763 1176
458764 1470
458765 1397
458766 1035
458767 1249
458768 1249
458769 1609
458770 1249
458771 1541
458772 1249
458773 1249
458774 1248
458775 1467
458776 1246
458777 1246
458778 1245
458779 1245
458780 1031
458781 1030
458782 1032
458783 1174
524288 746
524289 745
524290 746
524291 1179
524292 1248
524293 1247
524294 1247
524295 1248
524296 1248
524297 1247
524298 1248
524299 1322
524300 1177
524301 1030
524302 1177
524303 1176
524304 1248
524305 1247
524306 1248
524307 1248
524308 1248
524309 1105
524310 1248
524311 1248
524312 1177
524313 1248
524314 1105
524315 1177
524316 1248
524317 1322
524318 1247
524319 1247
589824 1182
589825 1248
589826 1249
589827 1249
589828 1248
589829 1248
589830 1248
589831 1030
589832 1248
589833 1249
589834 1395
589835 1248
589836 1177
589837 1177
589838 1249
589839 1249
589840 1249
589841 1466
589842 1466
589843 1538
589844 1538
589845 1467
589846 1176
589847 1249
589848 1177
589849 1248
589850 1392
589851 1392
589852 1392
589853 1394
589854 1392
589855 1392
655360 823
655361 823
655362 1107
655363 1249
655364 1249
655365 1247
655366 1247
655367 1249
655368 1324
655369 1249
655370 1249
655371 1248
655372 1107
655373 1249
655374 1394
655375 1395
655376 1248
655377 1248
655378 1247
655379 1249
655380 239
655381 239
655382 239
655383 239
655384 239
655385 239
655386 239
655387 239
655388 239
655389 239
655390 239
655391 239
kernel_count 54618
