0 1254
1 1248
2 1176
3 1177
4 1177
5 1034
6 887
7 1106
8 1105
9 1030
10 1248
11 1247
12 1248
13 1248
14 1246
15 1248
16 1247
17 1248
18 1248
19 1391
20 1247
21 1247
22 1247
23 1247
24 1176
25 1105
26 1105
27 1105
28 1030
29 1247
30 1247
31 1246
65536 1182
65537 1177
65538 1176
65539 1251
65540 1322
65541 1105
65542 1393
65543 1252
65544 1176
65545 1249
65546 1394
65547 1322
65548 1105
65549 1322
65550 1249
65551 1250
65552 1249
65553 1323
65554 1322
65555 1105
65556 1393
65557 1252
65558 1176
65559 1323
65560 1249
65561 1106
65562 1252
65563 1248
65564 1177
65565 1249
65566 1176
65567 1464
131072 1473
131073 1177
131074 1249
131075 1106
131076 1106
131077 1106
131078 1253
131079 1248
131080 1249
131081 1324
131082 1325
131083 1324
131084 1249
131085 1324
131086 1177
131087 1248
131088 1177
131089 1177
131090 1324
131091 1177
131092 1466
131093 1465
131094 1248
131095 1248
131096 1248
131097 1248
131098 1248
131099 1177
131100 1248
131101 1248
131102 1397
131103 1247
196608 1254
196609 1177
196610 895
196611 1247
196612 1177
196613 895
196614 1177
196615 1248
196616 1106
196617 1248
196618 1248
196619 1175
196620 1106
196621 1176
196622 1248
196623 1247
196624 891
196625 1246
196626 1248
196627 1248
196628 1248
196629 1177
196630 1248
196631 1247
196632 1248
196633 1248
196634 1320
196635 1177
196636 1320
196637 1247
196638 1247
196639 1103
262144 1038
262145 1249
262146 1249
262147 1249
262148 1177
262149 1177
262150 1177
262151 1395
262152 1466
262153 1538
262154 1394
262155 1539
262156 1394
262157 1465
262158 1176
262159 1181
262160 1248
262161 1176
262162 1393
262163 1393
262164 1106
262165 1178
262166 1106
262167 1177
262168 1247
262169 1249
262170 1249
262171 1249
262172 1682
262173 1176
262174 1682
262175 1174
327680 1330
327681 1248
327682 1177
327683 1177
327684 1248
327685 1175
327686 1466
327687 1105
327688 1106
327689 1176
327690 1250
327691 1175
327692 1104
327693 1106
327694 1248
327695 1176
327696 1250
327697 1176
327698 1176
327699 1250
327700 1105
327701 1106
327702 1247
327703 1247
327704 1248
327705 1177
327706 1106
327707 1251
327708 1177
327709 1247
327710 1322
327711 1250
393216 1181
393217 1252
393218 1323
393219 1248
393220 1469
393221 1395
393222 1248
393223 1251
393224 1106
393225 1248
393226 1177
393227 1247
393228 1248
393229 1176
393230 1247
393231 1177
393232 1105
393233 1177
393234 1106
393235 1248
393236 1248
393237 1247
393238 1248
393239 1247
393240 1322
393241 1246
393242 1246
393243 1246
393244 1247
393245 1247
393246 1174
393247 1174
458752 1038
458753 1248
458754 1248
458755 1106
458756 1249
458757 1249
458758 1249
458759 1105
458760 1248
458761 1249
458762 1181
458763 1395
458764 1324
458765 1106
458766 1106
458767 1106
458768 1106
458769 1106
458770 1249
458771 1249
458772 1249
458773 1249
458774 1465
458775 1320
458776 1247
458777 1247
458778 1247
458779 1246
458780 1246
458781 1247
458782 1246
458783 1245
524288 1109
524289 1248
524290 1177
524291 1248
524292 1248
524293 1177
524294 1248
524295 1248
524296 239
524297 239
524298 239
524299 239
524300 239
524301 239
524302 239
524303 239
524304 239
524305 239
524306 239
524307 239
524308 239
524309 239
524310 239
524311 239
524312 239
524313 239
524314 239
524315 239
524316 239
524317 239
524318 239
524319 239
kernel_count 43131
