0 1254
1 1176
2 1247
3 1247
4 1247
5 1247
6 1247
7 1247
8 1247
9 1247
10 1247
11 1247
12 1247
13 1247
14 1247
15 1176
16 1176
17 1176
18 1105
19 1247
20 1247
21 1176
22 1246
23 1247
24 1247
25 1247
26 1247
27 1247
28 1247
29 1247
30 1247
31 1247
65536 748
65537 747
65538 747
65539 747
65540 1106
65541 1249
65542 1249
65543 1248
65544 1248
65545 1248
65546 1248
65547 1177
65548 1248
65549 1465
65550 1465
65551 1465
65552 1465
65553 1465
65554 1393
65555 1465
65556 1248
65557 1176
65558 1176
65559 1247
65560 1176
65561 1248
65562 1536
65563 1248
65564 1248
65565 1248
65566 1248
65567 1536
131072 1473
131073 1465
131074 1248
131075 1247
131076 1248
131077 1248
131078 1248
131079 1248
131080 1247
131081 1248
131082 1248
131083 1248
131084 1177
131085 1177
131086 1248
131087 1248
131088 1248
131089 1470
131090 1248
131091 1248
131092 1322
131093 1322
131094 1322
131095 1177
131096 1247
131097 1245
131098 1247
131099 1322
131100 1249
131101 1173
131102 1173
131103 1173
196608 746
196609 1032
196610 1247
196611 1248
196612 1177
196613 1251
196614 1322
196615 1247
196616 1176
196617 1176
196618 1176
196619 1105
196620 1176
196621 1176
196622 1247
196623 1176
196624 1176
196625 1176
196626 1247
196627 1247
196628 1175
196629 1247
196630 1104
196631 1175
196632 1247
196633 1247
196634 1247
196635 1247
196636 1247
196637 1247
196638 1247
196639 1247
262144 1254
262145 1396
262146 1249
262147 1249
262148 1249
262149 1249
262150 1249
262151 1031
262152 1107
262153 1249
262154 1177
262155 1248
262156 1323
262157 1178
262158 1178
262159 1177
262160 1248
262161 1252
262162 1177
262163 1177
262164 1177
262165 1247
262166 239
262167 239
262168 239
262169 239
262170 239
262171 239
262172 239
262173 239
262174 239
262175 239
kernel_count 24323
