0 1253
1 1248
2 1248
3 1106
4 1248
5 1247
6 1393
7 1248
8 1248
9 1248
10 1177
11 1177
12 1248
13 1248
14 1246
15 1247
16 1247
17 1248
18 1177
19 1248
20 1322
21 1248
22 1322
23 1247
24 1176
25 1247
26 1176
27 1247
28 1176
29 1247
30 1176
31 1245
65536 1181
65537 1247
65538 1247
65539 1247
65540 1247
65541 1176
65542 1105
65543 1105
65544 1105
65545 1175
65546 1247
65547 1247
65548 1175
65549 1246
65550 1247
65551 1176
65552 1105
65553 1176
65554 1030
65555 1247
65556 1246
65557 1247
65558 1247
65559 1247
65560 1247
65561 1247
65562 1247
65563 1105
65564 1176
65565 1175
65566 1247
65567 1247
131072 748
131073 1106
131074 1177
131075 1178
131076 1466
131077 1248
131078 1253
131079 1253
131080 1248
131081 1249
131082 1249
131083 1249
131084 1397
131085 1104
131086 1252
131087 1463
131088 1464
131089 1247
131090 1247
131091 1247
131092 1176
131093 1029
131094 1030
131095 1176
131096 1247
131097 1176
131098 1105
131099 1105
131100 1176
131101 1247
131102 1247
131103 1247
196608 1253
196609 1177
196610 1249
196611 1177
196612 1248
196613 1465
196614 1465
196615 1175
196616 1249
196617 1465
196618 1248
196619 1464
196620 1177
196621 1248
196622 1248
196623 1248
196624 1106
196625 1248
196626 1248
196627 1248
196628 1248
196629 1248
196630 1248
196631 1248
196632 1177
196633 1176
196634 1248
196635 1393
196636 1248
196637 1180
196638 1173
196639 1103
262144 1474
262145 1465
262146 1105
262147 1247
262148 1176
262149 1247
262150 1176
262151 1247
262152 1247
262153 1247
262154 1246
262155 1175
262156 1247
262157 1176
262158 1176
262159 1176
262160 1176
262161 1176
262162 1105
262163 1176
262164 1247
262165 1247
262166 1175
262167 1027
262168 1174
262169 1175
262170 1174
262171 1174
262172 1104
262173 1104
262174 1104
262175 1175
327680 1182
327681 1177
327682 1177
327683 1106
327684 1106
327685 1030
327686 1177
327687 1177
327688 1177
327689 1106
327690 1106
327691 1030
327692 1248
327693 1030
327694 1106
327695 1247
327696 1106
327697 1248
327698 1247
327699 1248
327700 1248
327701 1322
327702 1248
327703 1247
327704 1248
327705 1248
327706 1322
327707 1108
327708 1247
327709 1247
327710 1322
327711 1247
393216 1182
393217 1247
393218 1248
393219 1248
393220 1248
393221 1247
393222 1177
393223 1248
393224 1248
393225 1392
393226 1247
393227 1030
393228 1104
393229 1247
393230 1176
393231 1176
393232 1176
393233 1105
393234 1105
393235 1176
393236 1246
393237 1246
393238 1246
393239 1030
393240 1175
393241 1176
393242 1176
393243 1247
393244 1176
393245 1104
393246 1105
393247 1246
458752 1182
458753 1249
458754 1030
458755 1249
458756 1248
458757 1035
458758 1177
458759 1034
458760 1177
458761 1249
458762 1248
458763 1253
458764 1249
458765 1249
458766 1249
458767 1249
458768 1680
458769 1247
458770 1248
458771 1248
458772 1248
458773 1175
458774 1103
458775 1394
458776 1105
458777 1035
458778 1035
458779 1034
458780 1180
458781 1103
458782 1104
458783 1246
524288 894
524289 1106
524290 963
524291 1106
524292 1248
524293 1249
524294 1249
524295 1249
524296 1249
524297 1249
524298 1249
524299 1176
524300 1251
524301 1181
524302 1251
524303 1324
524304 1249
524305 1249
524306 1177
524307 1177
524308 1177
524309 1249
524310 1249
524311 1177
524312 1249
524313 1249
524314 1249
524315 1248
524316 1248
524317 1177
524318 1249
524319 1464
589824 1254
589825 1248
589826 1248
589827 1177
589828 1177
589829 1029
589830 1391
589831 1177
589832 1177
589833 1175
589834 1177
589835 1248
589836 1248
589837 1247
589838 1106
589839 1248
589840 1248
589841 1176
589842 1030
589843 1177
589844 1177
589845 1106
589846 1105
589847 1321
589848 1247
589849 1247
589850 1246
589851 1247
589852 1247
589853 1105
589854 1176
589855 1247
655360 1182
655361 1248
655362 1536
655363 1177
655364 1177
655365 1177
655366 1176
655367 1247
655368 1106
655369 1248
655370 1248
655371 1248
655372 1321
655373 1247
655374 1248
655375 1177
655376 1322
655377 1247
655378 1322
655379 1322
655380 1322
655381 1247
655382 1248
655383 1247
655384 1175
655385 1248
655386 1248
655387 1391
655388 1176
655389 1247
655390 1247
655391 1247
720896 1182
720897 1248
720898 1248
720899 1249
720900 964
720901 1323
720902 1180
720903 1248
720904 1248
720905 1248
720906 1246
720907 594
720908 239
720909 239
720910 239
720911 239
720912 239
720913 239
720914 239
720915 239
720916 239
720917 239
720918 239
720919 239
720920 239
720921 239
720922 239
720923 239
720924 239
720925 239
720926 239
720927 239
kernel_count 58054
