0 1182
1 1176
2 1176
3 1176
4 1176
5 1176
6 1176
7 1176
8 1176
9 1176
10 1176
11 1176
12 1176
13 1247
14 1105
15 1247
16 1105
17 1176
18 1176
19 1176
20 1176
21 1176
22 1176
23 1176
24 1176
25 1176
26 1176
27 1176
28 1176
29 1176
30 1247
31 1103
65536 1254
65537 1178
65538 1178
65539 1249
65540 1178
65541 1249
65542 1393
65543 1249
65544 1248
65545 1248
65546 1322
65547 1393
65548 1176
65549 1104
65550 239
65551 239
65552 239
65553 239
65554 239
65555 239
65556 239
65557 239
65558 239
65559 239
65560 239
65561 239
65562 239
65563 239
65564 239
65565 239
65566 239
65567 239
kernel_count 7587
