0 1182
1 1177
2 1106
3 1177
4 1177
5 1177
6 1106
7 1177
8 1248
9 1247
10 1248
11 1248
12 1248
13 1248
14 1248
15 1248
16 1177
17 1248
18 1177
19 1248
20 1248
21 1248
22 1247
23 1392
24 1247
25 1175
26 1175
27 1176
28 1247
29 1247
30 1247
31 1246
65536 1254
65537 1251
65538 1177
65539 1247
65540 1248
65541 1177
65542 1247
65543 1248
65544 1248
65545 1321
65546 1247
65547 1247
65548 1247
65549 1246
65550 1247
65551 1246
65552 1175
65553 1176
65554 1247
65555 1247
65556 1030
65557 1105
65558 1175
65559 1105
65560 1247
65561 1175
65562 962
65563 1175
65564 1175
65565 1103
65566 1028
65567 1028
131072 1182
131073 1035
131074 1176
131075 1104
131076 1248
131077 1248
131078 1248
131079 1324
131080 1249
131081 1176
131082 1176
131083 1248
131084 1249
131085 1249
131086 1030
131087 1177
131088 1323
131089 1249
131090 1177
131091 1323
131092 1395
131093 1177
131094 1248
131095 1249
131096 1249
131097 1249
131098 1248
131099 1249
131100 1324
131101 1249
131102 1825
131103 1175
196608 1254
196609 1177
196610 1249
196611 1177
196612 1395
196613 1248
196614 1249
196615 1249
196616 1538
196617 1176
196618 1248
196619 1177
196620 1247
196621 1247
196622 1248
196623 1248
196624 1177
196625 1248
196626 1248
196627 1176
196628 1248
196629 1248
196630 1105
196631 1248
196632 1248
196633 1248
196634 1176
196635 1106
196636 1176
196637 1320
196638 1320
196639 1320
262144 1330
262145 1249
262146 1249
262147 1177
262148 1177
262149 1177
262150 1249
262151 1176
262152 1030
262153 1249
262154 1174
262155 1249
262156 1106
262157 1106
262158 1106
262159 1248
262160 1249
262161 1249
262162 1463
262163 1247
262164 1247
262165 1104
262166 1105
262167 1105
262168 1247
262169 1247
262170 1247
262171 1247
262172 1247
262173 1247
262174 1247
262175 1175
327680 1254
327681 1248
327682 1248
327683 1248
327684 1248
327685 1248
327686 1177
327687 1248
327688 1248
327689 1247
327690 1176
327691 1248
327692 1176
327693 1248
327694 1248
327695 1177
327696 1248
327697 1248
327698 1248
327699 1177
327700 1248
327701 1248
327702 1248
327703 1177
327704 1176
327705 1177
327706 1176
327707 1248
327708 1396
327709 1397
327710 1246
327711 1175
393216 1254
393217 1248
393218 1248
393219 1248
393220 1248
393221 1105
393222 1177
393223 1177
393224 1248
393225 1248
393226 1248
393227 1106
393228 1029
393229 1247
393230 1247
393231 1177
393232 1248
393233 1248
393234 1177
393235 1106
393236 1247
393237 1248
393238 1248
393239 1247
393240 1248
393241 1247
393242 1247
393243 1392
393244 1248
393245 1392
393246 1247
393247 1175
458752 1037
458753 747
458754 747
458755 1034
458756 1248
458757 1246
458758 811
458759 239
458760 239
458761 239
458762 239
458763 239
458764 239
458765 239
458766 239
458767 239
458768 239
458769 239
458770 239
458771 239
458772 239
458773 239
458774 239
458775 239
458776 239
458777 239
458778 239
458779 239
458780 239
458781 239
458782 239
458783 239
kernel_count 37261
