0 1253
1 1247
2 1247
3 1247
4 1104
5 1177
6 1176
7 1175
8 1247
9 1247
10 1247
11 1175
12 1027
13 1246
14 1248
15 1247
16 1175
17 1247
18 1177
19 1248
20 1248
21 1177
22 1177
23 1177
24 1248
25 1105
26 1248
27 1247
28 1321
29 1322
30 1322
31 1175
65536 1182
65537 1176
65538 1176
65539 1105
65540 1247
65541 1247
65542 1247
65543 1247
65544 1247
65545 1247
65546 1247
65547 1247
65548 1247
65549 1247
65550 1175
65551 1247
65552 1247
65553 1247
65554 1176
65555 1176
65556 1247
65557 1247
65558 1247
65559 1247
65560 1247
65561 1247
65562 1176
65563 1176
65564 1247
65565 1176
65566 1176
65567 1247
131072 748
131073 746
131074 1105
131075 1105
131076 1246
131077 1246
131078 1246
131079 1246
131080 1247
131081 1247
131082 1247
131083 1247
131084 1247
131085 1247
131086 1030
131087 1247
131088 1176
131089 1247
131090 1247
131091 1247
131092 1176
131093 1176
131094 1176
131095 1247
131096 1176
131097 1247
131098 1246
131099 1247
131100 1247
131101 1175
131102 1104
131103 1175
196608 748
196609 892
196610 1106
196611 1249
196612 1249
196613 1248
196614 1249
196615 1177
196616 1105
196617 1249
196618 1249
196619 1249
196620 1106
196621 1105
196622 1248
196623 1249
196624 1249
196625 1177
196626 1249
196627 1249
196628 1177
196629 1177
196630 1249
196631 1249
196632 1249
196633 1249
196634 1177
196635 1464
196636 1248
196637 1246
196638 1392
196639 1245
262144 748
262145 747
262146 747
262147 747
262148 747
262149 747
262150 747
262151 1248
262152 1248
262153 1248
262154 1248
262155 1177
262156 1248
262157 1323
262158 1392
262159 1393
262160 1393
262161 1393
262162 1322
262163 1247
262164 1247
262165 1104
262166 1030
262167 1176
262168 1248
262169 1248
262170 1247
262171 1248
262172 1248
262173 1248
262174 1247
262175 1322
327680 1617
327681 1248
327682 1248
327683 1106
327684 1248
327685 1248
327686 1247
327687 1175
327688 1104
327689 1248
327690 1177
327691 1177
327692 1248
327693 1247
327694 1248
327695 1248
327696 1248
327697 1247
327698 1247
327699 1176
327700 1247
327701 1247
327702 1248
327703 1248
327704 1029
327705 1248
327706 1248
327707 1392
327708 1246
327709 1175
327710 1247
327711 1247
393216 1254
393217 1177
393218 1106
393219 1177
393220 1177
393221 1177
393222 1248
393223 1248
393224 1248
393225 1248
393226 1247
393227 1177
393228 1176
393229 1176
393230 1029
393231 1029
393232 1177
393233 1252
393234 1248
393235 1252
393236 1248
393237 1248
393238 1248
393239 1248
393240 1247
393241 1391
393242 1247
393243 1247
393244 1247
393245 1247
393246 1247
393247 1175
458752 1182
458753 1248
458754 1247
458755 1248
458756 1177
458757 1176
458758 1393
458759 1321
458760 1248
458761 1176
458762 1248
458763 1248
458764 1247
458765 1248
458766 1323
458767 1322
458768 1106
458769 1251
458770 1248
458771 1176
458772 1177
458773 1323
458774 1247
458775 1393
458776 1393
458777 1247
458778 1106
458779 1248
458780 1248
458781 1248
458782 1322
458783 1247
524288 1399
524289 1246
524290 1247
524291 1176
524292 1247
524293 1247
524294 1246
524295 1176
524296 1176
524297 1176
524298 1176
524299 1176
524300 1176
524301 1105
524302 1247
524303 1247
524304 1175
524305 1105
524306 1247
524307 1245
524308 1247
524309 1247
524310 1247
524311 1247
524312 1246
524313 1247
524314 1246
524315 1247
524316 1105
524317 1247
524318 1246
524319 1247
589824 1182
589825 1248
589826 746
589827 1106
589828 1034
589829 1177
589830 1175
589831 1248
589832 1248
589833 1248
589834 1248
589835 1177
589836 239
589837 239
589838 239
589839 239
589840 239
589841 239
589842 239
589843 239
589844 239
589845 239
589846 239
589847 239
589848 239
589849 239
589850 239
589851 239
589852 239
589853 239
589854 239
589855 239
kernel_count 47700
