0 1181
1 1248
2 1176
3 1249
4 1249
5 1249
6 1610
7 1178
8 1463
9 1464
10 1177
11 1177
12 1248
13 1247
14 1177
15 1177
16 1248
17 1392
18 1391
19 1248
20 1248
21 1248
22 1247
23 1248
24 1392
25 1392
26 1246
27 1247
28 1246
29 1247
30 1105
31 1247
65536 748
65537 747
65538 747
65539 1030
65540 1177
65541 1248
65542 1248
65543 1248
65544 1177
65545 1106
65546 1030
65547 1177
65548 1176
65549 1248
65550 1177
65551 1177
65552 1177
65553 1177
65554 1322
65555 1323
65556 1323
65557 1323
65558 1106
65559 1392
65560 1176
65561 1247
65562 1247
65563 1247
65564 1247
65565 1247
65566 1247
65567 1247
131072 894
131073 1466
131074 1247
131075 1177
131076 1248
131077 1248
131078 1248
131079 1248
131080 1248
131081 1248
131082 1176
131083 1177
131084 1248
131085 1248
131086 1177
131087 1248
131088 1248
131089 1248
131090 1177
131091 1248
131092 1177
131093 1248
131094 1106
131095 1106
131096 1106
131097 1106
131098 1106
131099 1106
131100 1248
131101 1248
131102 1250
131103 1173
196608 1254
196609 1249
196610 1249
196611 1324
196612 1466
196613 1106
196614 1106
196615 1247
196616 1247
196617 1034
196618 1176
196619 1177
196620 1177
196621 1104
196622 1247
196623 1177
196624 1177
196625 1177
196626 1247
196627 1177
196628 1248
196629 1247
196630 1248
196631 1030
196632 1177
196633 1392
196634 1175
196635 1320
196636 1392
196637 1105
196638 1247
196639 1247
262144 1181
262145 1249
262146 1249
262147 1249
262148 1465
262149 1323
262150 1248
262151 1247
262152 1176
262153 1177
262154 1248
262155 1247
262156 1177
262157 1177
262158 1248
262159 1177
262160 1392
262161 1177
262162 1391
262163 1105
262164 1033
262165 1033
262166 1033
262167 1034
262168 1247
262169 1247
262170 1245
262171 1247
262172 1247
262173 1247
262174 1247
262175 1174
327680 1110
327681 1176
327682 1247
327683 1246
327684 1247
327685 1248
327686 1030
327687 1247
327688 1247
327689 1248
327690 1248
327691 1248
327692 1248
327693 1177
327694 1247
327695 1177
327696 1321
327697 1175
327698 1176
327699 1246
327700 1247
327701 1247
327702 1030
327703 1247
327704 1246
327705 1247
327706 1247
327707 1176
327708 1247
327709 1176
327710 1247
327711 1246
393216 1253
393217 1248
393218 1248
393219 1248
393220 1247
393221 1177
393222 1248
393223 1248
393224 1248
393225 1248
393226 1246
393227 1247
393228 1248
393229 1248
393230 1176
393231 1177
393232 1177
393233 1248
393234 1247
393235 1248
393236 1467
393237 1323
393238 1248
393239 1394
393240 1247
393241 1247
393242 1176
393243 1247
393244 1247
393245 1247
393246 1247
393247 1247
458752 1330
458753 1393
458754 1322
458755 1248
458756 1177
458757 1177
458758 1177
458759 1248
458760 1028
458761 1177
458762 1392
458763 1248
458764 1248
458765 1392
458766 1392
458767 1391
458768 1392
458769 1245
458770 1105
458771 1176
458772 1176
458773 1247
458774 1175
458775 1247
458776 1247
458777 1247
458778 1247
458779 1247
458780 1247
458781 1246
458782 1105
458783 1247
524288 1254
524289 1249
524290 1249
524291 1322
524292 1248
524293 1106
524294 1247
524295 1248
524296 1248
524297 1248
524298 239
524299 239
524300 239
524301 239
524302 239
524303 239
524304 239
524305 239
524306 239
524307 239
524308 239
524309 239
524310 239
524311 239
524312 239
524313 239
524314 239
524315 239
524316 239
524317 239
524318 239
524319 239
kernel_count 43048
