0 1182
1 1247
2 1247
3 1176
4 1246
5 1175
6 1176
7 1246
8 1246
9 1176
10 1246
11 1176
12 1247
13 1175
14 1175
15 1246
16 1246
17 1247
18 1176
19 1247
20 1176
21 1246
22 1175
23 1175
24 1246
25 1246
26 1176
27 1247
28 1247
29 1247
30 1174
31 1174
65536 748
65537 747
65538 1248
65539 1177
65540 1248
65541 1176
65542 1177
65543 1177
65544 1247
65545 1247
65546 1248
65547 1248
65548 1248
65549 1246
65550 1248
65551 1248
65552 1248
65553 1247
65554 1246
65555 1248
65556 1247
65557 1248
65558 1035
65559 1106
65560 1248
65561 1248
65562 1396
65563 1247
65564 1105
65565 1247
65566 1247
65567 1247
131072 899
131073 747
131074 1035
131075 1177
131076 1177
131077 1248
131078 1106
131079 1177
131080 1322
131081 1247
131082 1177
131083 1105
131084 1177
131085 1248
131086 1248
131087 1248
131088 1247
131089 1175
131090 1105
131091 1105
131092 1248
131093 1247
131094 1322
131095 1248
131096 1248
131097 1251
131098 1247
131099 1322
131100 1247
131101 1176
131102 1322
131103 1247
196608 748
196609 1108
196610 1028
196611 1177
196612 1248
196613 1248
196614 1176
196615 959
196616 1392
196617 959
196618 1392
196619 1248
196620 1247
196621 1248
196622 1248
196623 1248
196624 1247
196625 1248
196626 1177
196627 1177
196628 1177
196629 1247
196630 1106
196631 1247
196632 1176
196633 1247
196634 1247
196635 1105
196636 1247
196637 1247
196638 1247
196639 1318
262144 1181
262145 1250
262146 1393
262147 1247
262148 1248
262149 1248
262150 1248
262151 1177
262152 1177
262153 1247
262154 1248
262155 1177
262156 1391
262157 1392
262158 1177
262159 1177
262160 1177
262161 1177
262162 1248
262163 1248
262164 1248
262165 1248
262166 1248
262167 1248
262168 1247
262169 1248
262170 1248
262171 1392
262172 1392
262173 1392
262174 1176
262175 1247
327680 1181
327681 958
327682 1106
327683 1106
327684 671
327685 1248
327686 892
327687 1248
327688 1395
327689 1176
327690 1252
327691 1105
327692 1181
327693 1252
327694 1464
327695 1249
327696 1395
327697 1467
327698 1103
327699 669
327700 1175
327701 1393
327702 1247
327703 1036
327704 1175
327705 1393
327706 1104
327707 1324
327708 1324
327709 1537
327710 1463
327711 1247
393216 1181
393217 1249
393218 1106
393219 1177
393220 1105
393221 1177
393222 1324
393223 1322
393224 1248
393225 1178
393226 1324
393227 1247
393228 1249
393229 1248
393230 1248
393231 1248
393232 1175
393233 1177
393234 1106
393235 1177
393236 1249
393237 1248
393238 1106
393239 1177
393240 1175
393241 1031
393242 1249
393243 1463
393244 1176
393245 1247
393246 1247
393247 1103
458752 1181
458753 1177
458754 1247
458755 1248
458756 1252
458757 1176
458758 1176
458759 1392
458760 1106
458761 1392
458762 1248
458763 1391
458764 1246
458765 1176
458766 1175
458767 1104
458768 1247
458769 1247
458770 1247
458771 1246
458772 1247
458773 1104
458774 1176
458775 1247
458776 1104
458777 1176
458778 1247
458779 1247
458780 1247
458781 1247
458782 1247
458783 1175
524288 1254
524289 1247
524290 1177
524291 1177
524292 1106
524293 1248
524294 1323
524295 1466
524296 1248
524297 1248
524298 1106
524299 1322
524300 1248
524301 1466
524302 1247
524303 1247
524304 1247
524305 1247
524306 1247
524307 1247
524308 1246
524309 1247
524310 1247
524311 959
524312 1105
524313 1105
524314 1176
524315 1105
524316 1105
524317 1030
524318 1247
524319 1031
589824 1110
589825 1248
589826 1249
589827 1177
589828 1395
589829 1249
589830 1395
589831 1324
589832 1248
589833 1248
589834 1465
589835 1247
589836 1247
589837 1177
589838 1106
589839 1177
589840 1248
589841 1247
589842 1247
589843 1248
589844 1248
589845 1176
589846 1177
589847 1248
589848 1248
589849 1248
589850 1394
589851 1247
589852 1176
589853 1246
589854 1247
589855 1245
655360 1254
655361 1394
655362 1106
655363 1249
655364 1177
655365 1106
655366 1177
655367 1324
655368 1106
655369 1249
655370 1248
655371 1249
655372 1249
655373 1177
655374 1176
655375 1176
655376 1177
655377 1177
655378 1249
655379 1252
655380 1177
655381 1253
655382 1611
655383 1177
655384 1324
655385 1611
655386 1248
655387 1106
655388 1249
655389 1464
655390 1246
655391 1175
720896 748
720897 748
720898 748
720899 748
720900 1253
720901 1180
720902 1250
720903 1250
720904 1325
720905 1250
720906 1466
720907 1249
720908 1107
720909 1248
720910 1107
720911 1249
720912 1393
720913 1393
720914 1249
720915 1107
720916 1031
720917 1031
720918 1248
720919 1176
720920 1248
720921 1248
720922 1176
720923 1249
720924 1249
720925 1248
720926 1322
720927 1322
kernel_count 60949
