0 1181
1 1248
2 1247
3 962
4 962
5 1177
6 1248
7 1248
8 1248
9 1177
10 1248
11 1177
12 1248
13 1248
14 1177
15 1248
16 1248
17 1248
18 1391
19 1248
20 1177
21 1177
22 1391
23 1247
24 1176
25 1105
26 1176
27 1175
28 1247
29 1247
30 1174
31 1103
65536 1254
65537 1249
65538 1248
65539 1249
65540 1323
65541 1323
65542 1106
65543 1177
65544 1177
65545 1249
65546 1399
65547 1399
65548 1399
65549 1400
65550 1106
65551 1249
65552 1248
65553 1249
65554 1177
65555 1030
65556 1249
65557 1248
65558 1394
65559 1177
65560 1176
65561 1248
65562 1247
65563 1248
65564 1823
65565 1251
65566 1247
65567 1247
131072 1254
131073 1176
131074 1247
131075 1247
131076 1177
131077 1251
131078 1248
131079 1322
131080 1322
131081 1248
131082 1177
131083 1176
131084 1248
131085 1248
131086 1177
131087 1177
131088 1177
131089 1248
131090 1248
131091 1176
131092 1248
131093 1248
131094 1248
131095 1248
131096 1248
131097 1248
131098 1247
131099 1248
131100 1248
131101 1248
131102 1246
131103 1322
196608 1400
196609 1392
196610 1246
196611 1247
196612 1176
196613 1247
196614 1246
196615 1247
196616 1176
196617 1247
196618 1247
196619 1247
196620 1247
196621 1176
196622 1247
196623 1247
196624 1246
196625 1176
196626 1247
196627 1176
196628 1247
196629 1247
196630 1247
196631 1247
196632 1105
196633 1247
196634 1247
196635 1105
196636 1176
196637 1247
196638 1246
196639 1175
262144 1254
262145 1249
262146 1249
262147 1249
262148 1248
262149 1249
262150 1178
262151 1249
262152 1248
262153 1249
262154 1249
262155 1249
262156 1177
262157 1324
262158 1249
262159 1248
262160 1463
262161 1247
262162 1247
262163 1175
262164 1105
262165 1247
262166 1247
262167 1247
262168 1176
262169 1247
262170 1246
262171 1247
262172 1247
262173 1247
262174 1247
262175 1175
327680 1109
327681 1030
327682 1177
327683 1177
327684 1177
327685 1175
327686 1175
327687 1248
327688 1249
327689 1249
327690 1249
327691 1249
327692 1248
327693 1249
327694 1029
327695 1248
327696 1028
327697 1248
327698 1029
327699 1538
327700 1106
327701 1249
327702 1323
327703 1324
327704 1249
327705 1539
327706 1393
327707 1246
327708 1247
327709 1248
327710 1247
327711 1322
393216 1253
393217 1177
393218 1247
393219 1248
393220 1247
393221 1176
393222 1248
393223 1247
393224 1248
393225 1247
393226 1176
393227 1393
393228 1248
393229 1248
393230 1322
393231 1248
393232 1248
393233 1322
393234 1248
393235 1248
393236 1248
393237 1248
393238 1248
393239 1248
393240 1248
393241 1248
393242 1248
393243 1322
393244 1322
393245 1322
393246 1322
393247 1175
458752 824
458753 1249
458754 1106
458755 1177
458756 1248
458757 1106
458758 1249
458759 1325
458760 1249
458761 1323
458762 1468
458763 1324
458764 1468
458765 1177
458766 1177
458767 1249
458768 1177
458769 1177
458770 1541
458771 1249
458772 1822
458773 1248
458774 1248
458775 1823
458776 1248
458777 1321
458778 1321
458779 1321
458780 1247
458781 1246
458782 1247
458783 1246
524288 1182
524289 1176
524290 1176
524291 1176
524292 1246
524293 1246
524294 1175
524295 1247
524296 1174
524297 1246
524298 1175
524299 1246
524300 1247
524301 1246
524302 1175
524303 1175
524304 1247
524305 1176
524306 1247
524307 1247
524308 1247
524309 1247
524310 1247
524311 1175
524312 1175
524313 1176
524314 1247
524315 1246
524316 1246
524317 1247
524318 1246
524319 1247
589824 671
589825 746
589826 747
589827 1177
589828 1177
589829 1177
589830 1247
589831 1248
589832 1248
589833 1247
589834 1177
589835 1248
589836 1248
589837 1176
589838 1248
589839 1248
589840 1248
589841 1248
589842 1176
589843 1177
589844 239
589845 239
589846 239
589847 239
589848 239
589849 239
589850 239
589851 239
589852 239
589853 239
589854 239
589855 239
kernel_count 50032
