0 1182
1 1177
2 1177
3 1177
4 1248
5 1248
6 1248
7 1321
8 1322
9 1247
10 1247
11 1247
12 1176
13 1105
14 1176
15 1247
16 1176
17 1105
18 1105
19 1105
20 1105
21 1105
22 1105
23 1247
24 1247
25 1176
26 1105
27 1176
28 1247
29 1176
30 1247
31 1247
65536 1402
65537 1248
65538 1246
65539 1246
65540 1247
65541 1247
65542 1248
65543 1176
65544 1177
65545 1105
65546 1248
65547 1245
65548 1248
65549 1321
65550 1251
65551 1247
65552 1175
65553 1176
65554 1030
65555 1247
65556 1247
65557 1247
65558 1247
65559 1247
65560 1176
65561 1176
65562 1246
65563 1030
65564 1176
65565 1247
65566 1247
65567 1102
131072 1182
131073 1247
131074 1248
131075 1248
131076 1177
131077 1177
131078 1177
131079 1106
131080 1248
131081 1247
131082 1248
131083 1248
131084 1248
131085 1177
131086 1106
131087 1248
131088 1177
131089 1248
131090 1248
131091 1247
131092 1177
131093 1322
131094 1248
131095 1247
131096 1104
131097 1248
131098 1248
131099 1176
131100 1176
131101 1250
131102 1247
131103 1247
196608 1181
196609 1248
196610 1176
196611 1248
196612 1248
196613 1248
196614 1177
196615 1248
196616 1248
196617 1247
196618 1247
196619 1248
196620 1175
196621 1248
196622 1248
196623 1247
196624 1247
196625 1248
196626 1175
196627 1248
196628 1248
196629 1465
196630 1247
196631 1246
196632 1247
196633 1105
196634 1030
196635 1105
196636 1176
196637 1105
196638 1030
196639 1247
262144 1181
262145 1250
262146 1393
262147 1392
262148 1248
262149 1248
262150 1249
262151 1249
262152 1249
262153 1249
262154 1177
262155 1249
262156 1249
262157 1249
262158 1177
262159 1177
262160 1249
262161 1249
262162 1249
262163 1249
262164 1393
262165 1248
262166 1177
262167 1249
262168 1249
262169 1030
262170 1106
262171 1106
262172 1106
262173 1106
262174 1105
262175 1459
327680 1182
327681 1106
327682 1175
327683 1175
327684 1247
327685 1246
327686 1324
327687 1322
327688 1395
327689 1321
327690 1251
327691 1246
327692 1246
327693 1176
327694 1175
327695 1175
327696 1176
327697 1248
327698 1177
327699 1248
327700 1248
327701 1248
327702 1246
327703 1246
327704 1177
327705 1106
327706 1321
327707 1105
327708 1246
327709 1246
327710 1175
327711 1175
393216 1402
393217 1248
393218 1106
393219 1176
393220 1033
393221 1034
393222 1104
393223 1105
393224 1105
393225 1105
393226 1177
393227 1248
393228 1248
393229 1104
393230 1106
393231 1246
393232 1103
393233 1177
393234 1247
393235 1247
393236 1392
393237 1248
393238 1248
393239 1177
393240 1106
393241 1176
393242 1176
393243 1322
393244 1104
393245 1030
393246 1029
393247 1247
458752 1110
458753 1177
458754 1249
458755 1248
458756 1249
458757 1249
458758 1609
458759 1176
458760 1176
458761 1249
458762 1464
458763 1248
458764 1175
458765 1248
458766 1176
458767 1248
458768 1248
458769 1248
458770 1248
458771 1247
458772 1392
458773 1175
458774 1247
458775 1105
458776 1247
458777 1246
458778 1247
458779 1105
458780 1176
458781 1247
458782 1175
458783 1175
524288 1254
524289 1249
524290 1249
524291 1178
524292 1249
524293 1538
524294 1178
524295 1249
524296 1107
524297 1249
524298 1323
524299 1248
524300 1035
524301 1177
524302 1176
524303 1248
524304 1177
524305 1177
524306 1248
524307 1248
524308 1248
524309 885
524310 239
524311 239
524312 239
524313 239
524314 239
524315 239
524316 239
524317 239
524318 239
524319 239
kernel_count 44263
