0 1254
1 1248
2 1177
3 1176
4 1248
5 1247
6 1248
7 1248
8 1248
9 1248
10 1248
11 1247
12 1248
13 1321
14 1248
15 1321
16 1176
17 1247
18 1176
19 1176
20 1105
21 959
22 959
23 959
24 1176
25 1105
26 959
27 959
28 1176
29 1245
30 1245
31 1245
65536 1253
65537 747
65538 1106
65539 1249
65540 1249
65541 1249
65542 1177
65543 1249
65544 1106
65545 1249
65546 1248
65547 1177
65548 1249
65549 1177
65550 1249
65551 1249
65552 1249
65553 1105
65554 1177
65555 1177
65556 1177
65557 1248
65558 1248
65559 1538
65560 1030
65561 1030
65562 1105
65563 1105
65564 1105
65565 1105
65566 1105
65567 1247
131072 1182
131073 1247
131074 1248
131075 1248
131076 1177
131077 1393
131078 1393
131079 1106
131080 1393
131081 1393
131082 1247
131083 1252
131084 1030
131085 1247
131086 1323
131087 1322
131088 1029
131089 1029
131090 1177
131091 1248
131092 1248
131093 1177
131094 1177
131095 1177
131096 1106
131097 1177
131098 1106
131099 1392
131100 1247
131101 1246
131102 1247
131103 1247
196608 1254
196609 1322
196610 1246
196611 1105
196612 1247
196613 1247
196614 1247
196615 1247
196616 1105
196617 1246
196618 1247
196619 1246
196620 1246
196621 1175
196622 1247
196623 1247
196624 1175
196625 1247
196626 1246
196627 1245
196628 1246
196629 1246
196630 1247
196631 1247
196632 1247
196633 1246
196634 1247
196635 1246
196636 1247
196637 1246
196638 1247
196639 1245
262144 1253
262145 1248
262146 1248
262147 1248
262148 1248
262149 1248
262150 1248
262151 1248
262152 1248
262153 1248
262154 1321
262155 1247
262156 1247
262157 1247
262158 1175
262159 1247
262160 1247
262161 1246
262162 1176
262163 1247
262164 1176
262165 1175
262166 1247
262167 1247
262168 1247
262169 1246
262170 1247
262171 1247
262172 1176
262173 1247
262174 1175
262175 1103
327680 1038
327681 1247
327682 1247
327683 1247
327684 1246
327685 1246
327686 1176
327687 1247
327688 1247
327689 1247
327690 1247
327691 1246
327692 1246
327693 1247
327694 1105
327695 1247
327696 1247
327697 1247
327698 1176
327699 1175
327700 1247
327701 1247
327702 1104
327703 1247
327704 1247
327705 1105
327706 1247
327707 1247
327708 1247
327709 1247
327710 1176
327711 1247
393216 1329
393217 1322
393218 1106
393219 1176
393220 1105
393221 1030
393222 1177
393223 1247
393224 1106
393225 1029
393226 1177
393227 1029
393228 1177
393229 1030
393230 1247
393231 1247
393232 1177
393233 1105
393234 1105
393235 1106
393236 1251
393237 1176
393238 1176
393239 1246
393240 1176
393241 1175
393242 1105
393243 1247
393244 1247
393245 1247
393246 1247
393247 1244
458752 1254
458753 1249
458754 1249
458755 1178
458756 1249
458757 1176
458758 1030
458759 1249
458760 1248
458761 1248
458762 1248
458763 1248
458764 1248
458765 1248
458766 1249
458767 1249
458768 1177
458769 1248
458770 1396
458771 1396
458772 1105
458773 1175
458774 1105
458775 1248
458776 1248
458777 1175
458778 1176
458779 1177
458780 1248
458781 1248
458782 1247
458783 1466
524288 1475
524289 1249
524290 1176
524291 1176
524292 1177
524293 1249
524294 1030
524295 1248
524296 1177
524297 1322
524298 1249
524299 1249
524300 1177
524301 1248
524302 1324
524303 1176
524304 1393
524305 1464
524306 1175
524307 1247
524308 1246
524309 1246
524310 1176
524311 1030
524312 1105
524313 1105
524314 1105
524315 1176
524316 1247
524317 1247
524318 1247
524319 1247
589824 1254
589825 892
589826 1106
589827 1248
589828 747
589829 747
589830 747
589831 1248
589832 1248
589833 1248
589834 1248
589835 1106
589836 1248
589837 1248
589838 1247
589839 1248
589840 1177
589841 239
589842 239
589843 239
589844 239
589845 239
589846 239
589847 239
589848 239
589849 239
589850 239
589851 239
589852 239
589853 239
589854 239
589855 239
kernel_count 48311
