0 1254
1 1247
2 1247
3 1247
4 1247
5 1247
6 1246
7 1176
8 1174
9 1247
10 1030
11 1247
12 1105
13 1247
14 1247
15 1247
16 1247
17 1247
18 1247
19 1176
20 1105
21 1105
22 1247
23 1246
24 1246
25 1246
26 1246
27 1247
28 1175
29 1247
30 1176
31 1247
65536 1254
65537 1248
65538 1248
65539 1248
65540 1248
65541 1251
65542 1029
65543 1247
65544 1247
65545 1247
65546 1247
65547 1030
65548 1247
65549 1248
65550 1176
65551 1248
65552 1248
65553 1105
65554 1176
65555 1248
65556 1248
65557 1248
65558 1248
65559 1248
65560 1248
65561 1248
65562 1248
65563 1248
65564 1248
65565 1321
65566 1247
65567 1247
131072 1181
131073 1249
131074 1177
131075 1249
131076 1249
131077 1249
131078 1249
131079 1467
131080 1468
131081 1468
131082 1467
131083 1468
131084 1249
131085 1249
131086 1249
131087 1249
131088 1467
131089 1467
131090 1468
131091 1467
131092 1468
131093 1249
131094 1249
131095 1247
131096 1248
131097 1177
131098 1249
131099 1248
131100 1177
131101 1177
131102 1177
131103 1679
196608 966
196609 1248
196610 1322
196611 1248
196612 1248
196613 1247
196614 1247
196615 1177
196616 1030
196617 1247
196618 1030
196619 1247
196620 1248
196621 1247
196622 1248
196623 1248
196624 1177
196625 1248
196626 1177
196627 1248
196628 1247
196629 1248
196630 1106
196631 1030
196632 1248
196633 1248
196634 1247
196635 1248
196636 1322
196637 1247
196638 1175
196639 1247
262144 1110
262145 1468
262146 1395
262147 1177
262148 1248
262149 1248
262150 1248
262151 1247
262152 1176
262153 1030
262154 1176
262155 1176
262156 1322
262157 1247
262158 1247
262159 1247
262160 1247
262161 1247
262162 1176
262163 1176
262164 1176
262165 958
262166 1246
262167 1247
262168 1247
262169 1247
262170 1246
262171 1176
262172 1247
262173 1175
262174 1247
262175 1247
327680 1254
327681 1248
327682 1248
327683 1248
327684 1248
327685 1248
327686 1176
327687 1248
327688 1248
327689 1248
327690 1248
327691 1246
327692 1246
327693 1321
327694 1321
327695 1322
327696 1246
327697 1247
327698 1247
327699 1247
327700 1176
327701 1247
327702 1105
327703 1105
327704 1176
327705 1247
327706 1247
327707 1247
327708 1247
327709 1176
327710 1105
327711 1247
393216 1110
393217 1106
393218 1030
393219 1177
393220 1177
393221 1177
393222 1249
393223 1180
393224 1177
393225 1248
393226 1177
393227 1249
393228 1249
393229 1178
393230 1249
393231 1249
393232 1176
393233 1247
393234 1248
393235 958
393236 1176
393237 1249
393238 1249
393239 1466
393240 1322
393241 1246
393242 1247
393243 1247
393244 1246
393245 1246
393246 1247
393247 1247
458752 894
458753 1248
458754 1248
458755 1248
458756 1247
458757 747
458758 1034
458759 1322
458760 1393
458761 1177
458762 1248
458763 1247
458764 1177
458765 1177
458766 1248
458767 1176
458768 1247
458769 1248
458770 1247
458771 1248
458772 1247
458773 1248
458774 1247
458775 1248
458776 1177
458777 1176
458778 1248
458779 1248
458780 1322
458781 1175
458782 1246
458783 1247
524288 1253
524289 1106
524290 1247
524291 1106
524292 1035
524293 1679
524294 1680
524295 1176
524296 1177
524297 1249
524298 1324
524299 1324
524300 1324
524301 1464
524302 1176
524303 1248
524304 1247
524305 1030
524306 1247
524307 1248
524308 1248
524309 1248
524310 1177
524311 1251
524312 1251
524313 1248
524314 1247
524315 1251
524316 1322
524317 1248
524318 1322
524319 1320
589824 1475
589825 1174
589826 1245
589827 1245
589828 1175
589829 1175
589830 1176
589831 1246
589832 1247
589833 1030
589834 1030
589835 1030
589836 1247
589837 1247
589838 1247
589839 1247
589840 1247
589841 1176
589842 1176
589843 1104
589844 1176
589845 1247
589846 1247
589847 1247
589848 1247
589849 1175
589850 1246
589851 1247
589852 1247
589853 1247
589854 1246
589855 1175
655360 1254
655361 1107
655362 1250
655363 1325
655364 1325
655365 1250
655366 1249
655367 1250
655368 1250
655369 1250
655370 1107
655371 1106
655372 1249
655373 1249
655374 1106
655375 1466
655376 1539
655377 1249
655378 1323
655379 1248
655380 1106
655381 1106
655382 1247
655383 1248
655384 1248
655385 1249
655386 239
655387 239
655388 239
655389 239
655390 239
655391 239
kernel_count 55887
