0 1254
1 958
2 1176
3 1176
4 1176
5 1176
6 1176
7 1175
8 1175
9 1175
10 1176
11 1176
12 1175
13 1247
14 1245
15 1105
16 1176
17 1176
18 1175
19 1176
20 1176
21 1176
22 1247
23 1176
24 1176
25 1105
26 1247
27 1244
28 1173
29 1172
30 1172
31 1173
65536 1110
65537 1102
65538 1177
65539 1106
65540 1106
65541 1177
65542 1249
65543 1249
65544 1249
65545 1249
65546 1249
65547 1249
65548 1249
65549 1249
65550 1106
65551 1106
65552 1178
65553 1249
65554 1249
65555 1249
65556 1249
65557 1249
65558 1106
65559 1177
65560 1176
65561 1177
65562 1177
65563 1029
65564 1176
65565 1177
65566 1248
65567 1464
131072 1038
131073 962
131074 1177
131075 1248
131076 1248
131077 1248
131078 1321
131079 1321
131080 1105
131081 1030
131082 1247
131083 1030
131084 1176
131085 1176
131086 1176
131087 1176
131088 1247
131089 1176
131090 1247
131091 1176
131092 1247
131093 1246
131094 1247
131095 1247
131096 1247
131097 1247
131098 1247
131099 1105
131100 1247
131101 1247
131102 1247
131103 1247
196608 748
196609 747
196610 747
196611 747
196612 1177
196613 1249
196614 1249
196615 1181
196616 1182
196617 1249
196618 1249
196619 1177
196620 1249
196621 1177
196622 1105
196623 1249
196624 1248
196625 1248
196626 1249
196627 1249
196628 1608
196629 1176
196630 1176
196631 1105
196632 1176
196633 1176
196634 1103
196635 1104
196636 1175
196637 1175
196638 1104
196639 1247
262144 1254
262145 1249
262146 1324
262147 1249
262148 1324
262149 1106
262150 1249
262151 1248
262152 1106
262153 1248
262154 1248
262155 1249
262156 1249
262157 1248
262158 1249
262159 1177
262160 1030
262161 1249
262162 1177
262163 1249
262164 1249
262165 1249
262166 1249
262167 1177
262168 1464
262169 1103
262170 1103
262171 1028
262172 1028
262173 1028
262174 1028
262175 1028
327680 747
327681 746
327682 1177
327683 1248
327684 1177
327685 1247
327686 1176
327687 1105
327688 1177
327689 1106
327690 1247
327691 1030
327692 1248
327693 1248
327694 1176
327695 1176
327696 1106
327697 1248
327698 1248
327699 1106
327700 1248
327701 1248
327702 1391
327703 1248
327704 1248
327705 1030
327706 1248
327707 1248
327708 1105
327709 1248
327710 1248
327711 1392
393216 1182
393217 1248
393218 1248
393219 1248
393220 1176
393221 1029
393222 1248
393223 1393
393224 1322
393225 1248
393226 1248
393227 1248
393228 1248
393229 1248
393230 1177
393231 1248
393232 1248
393233 1392
393234 1247
393235 1393
393236 1176
393237 1247
393238 1174
393239 1251
393240 1177
393241 1247
393242 1321
393243 1247
393244 1247
393245 1247
393246 1104
393247 1247
458752 747
458753 1248
458754 1177
458755 1177
458756 1106
458757 1106
458758 1177
458759 1176
458760 1177
458761 1105
458762 1468
458763 1537
458764 1248
458765 1177
458766 1177
458767 1176
458768 1394
458769 1394
458770 1106
458771 1248
458772 1394
458773 1391
458774 1176
458775 1247
458776 1176
458777 1247
458778 1246
458779 1247
458780 1175
458781 1247
458782 1247
458783 1175
524288 748
524289 747
524290 747
524291 1105
524292 1176
524293 1247
524294 1247
524295 1176
524296 1248
524297 1248
524298 1322
524299 1176
524300 1034
524301 1176
524302 1247
524303 959
524304 1034
524305 1247
524306 1104
524307 1175
524308 1176
524309 1174
524310 1247
524311 1247
524312 1247
524313 1247
524314 1176
524315 1176
524316 1104
524317 1176
524318 1247
524319 1247
589824 1182
589825 1248
589826 1248
589827 1248
589828 1106
589829 1177
589830 1246
589831 1248
589832 1247
589833 1248
589834 1105
589835 1248
589836 1177
589837 1248
589838 1248
589839 1247
589840 1248
589841 239
589842 239
589843 239
589844 239
589845 239
589846 239
589847 239
589848 239
589849 239
589850 239
589851 239
589852 239
589853 239
589854 239
589855 239
kernel_count 47689
