0 1181
1 1249
2 1539
3 1249
4 1106
5 1249
6 1249
7 1395
8 1249
9 1249
10 1537
11 1246
12 1247
13 1247
14 1175
15 1247
16 1175
17 1247
18 1175
19 1247
20 1176
21 1245
22 1174
23 1176
24 1174
25 1245
26 1247
27 1247
28 1246
29 1247
30 1246
31 1247
65536 1109
65537 1177
65538 1251
65539 1322
65540 1248
65541 1248
65542 1248
65543 1248
65544 1177
65545 1248
65546 1248
65547 1247
65548 1248
65549 1248
65550 1248
65551 1246
65552 1247
65553 1251
65554 1251
65555 1251
65556 1251
65557 1251
65558 1251
65559 1251
65560 1177
65561 1251
65562 1245
65563 1030
65564 1247
65565 1175
65566 1175
65567 1247
131072 1329
131073 1177
131074 1177
131075 1177
131076 1177
131077 1248
131078 1248
131079 1248
131080 1177
131081 1248
131082 1106
131083 1248
131084 1394
131085 1248
131086 1030
131087 1247
131088 1177
131089 1030
131090 1177
131091 1176
131092 1177
131093 1106
131094 1323
131095 1323
131096 1323
131097 1247
131098 1323
131099 1466
131100 1246
131101 1247
131102 1105
131103 1247
196608 748
196609 1248
196610 1398
196611 1248
196612 1248
196613 1248
196614 1248
196615 1248
196616 1248
196617 1248
196618 1177
196619 1248
196620 1247
196621 1177
196622 1248
196623 1248
196624 1248
196625 1247
196626 1177
196627 1248
196628 1247
196629 1248
196630 1248
196631 1247
196632 1177
196633 1248
196634 1248
196635 1248
196636 1248
196637 1248
196638 1106
196639 1392
262144 1182
262145 1177
262146 1177
262147 1176
262148 1177
262149 1176
262150 1177
262151 1177
262152 1177
262153 1249
262154 1249
262155 1249
262156 1105
262157 1176
262158 1249
262159 1177
262160 1177
262161 1035
262162 1249
262163 1249
262164 1394
262165 1248
262166 1106
262167 1106
262168 1249
262169 1176
262170 1177
262171 1249
262172 1393
262173 1321
262174 1103
262175 1103
327680 1110
327681 1106
327682 815
327683 1105
327684 1106
327685 1105
327686 1106
327687 815
327688 1034
327689 1177
327690 1105
327691 1106
327692 1106
327693 1106
327694 1248
327695 1177
327696 1177
327697 1177
327698 1248
327699 1248
327700 1248
327701 1248
327702 1248
327703 1177
327704 1177
327705 1176
327706 1176
327707 1248
327708 1248
327709 1392
327710 1247
327711 1246
393216 1254
393217 1177
393218 1249
393219 1177
393220 1396
393221 1248
393222 1249
393223 1248
393224 1395
393225 1395
393226 1249
393227 1249
393228 1249
393229 1249
393230 1679
393231 1030
393232 1462
393233 1249
393234 1465
393235 1465
393236 887
393237 1248
393238 1322
393239 1248
393240 1248
393241 1248
393242 1251
393243 1251
393244 1247
393245 1247
393246 1176
393247 1247
458752 1182
458753 1248
458754 1248
458755 1177
458756 1248
458757 1105
458758 1106
458759 1177
458760 1248
458761 1030
458762 1248
458763 1177
458764 1248
458765 1103
458766 1176
458767 958
458768 958
458769 958
458770 1105
458771 1105
458772 1105
458773 1250
458774 961
458775 1247
458776 1247
458777 1246
458778 1247
458779 1247
458780 1247
458781 1247
458782 1247
458783 1174
524288 1110
524289 1177
524290 1106
524291 1248
524292 1105
524293 1247
524294 1106
524295 1176
524296 1248
524297 1248
524298 1176
524299 1176
524300 1177
524301 1247
524302 1247
524303 1323
524304 1323
524305 1248
524306 1248
524307 1248
524308 1393
524309 1247
524310 1106
524311 1030
524312 1176
524313 1322
524314 1322
524315 1176
524316 1176
524317 1247
524318 1175
524319 959
589824 962
589825 955
589826 1177
589827 1177
589828 1177
589829 1106
589830 1106
589831 1106
589832 1248
589833 1177
589834 1248
589835 1106
589836 1176
589837 1248
589838 1247
589839 1252
589840 1177
589841 1248
589842 1105
589843 1030
589844 1247
589845 1177
589846 1177
589847 1392
589848 1392
589849 1177
589850 1250
589851 1248
589852 1392
589853 1392
589854 1248
589855 1248
655360 748
655361 748
655362 1248
655363 1249
655364 1395
655365 1178
655366 1107
655367 1326
655368 1326
655369 1396
655370 1177
655371 1247
655372 1248
655373 1249
655374 239
655375 239
655376 239
655377 239
655378 239
655379 239
655380 239
655381 239
655382 239
655383 239
655384 239
655385 239
655386 239
655387 239
655388 239
655389 239
655390 239
655391 239
kernel_count 53322
