0 1182
1 1176
2 1177
3 1176
4 1177
5 1248
6 1248
7 1247
8 1248
9 1248
10 1247
11 1248
12 1248
13 1248
14 1248
15 1177
16 1177
17 1248
18 1106
19 1177
20 1248
21 1248
22 1177
23 1177
24 1248
25 1177
26 1321
27 1176
28 1247
29 1247
30 1247
31 1247
65536 1182
65537 1248
65538 1177
65539 1248
65540 1177
65541 1177
65542 1392
65543 1176
65544 1247
65545 1247
65546 1247
65547 1105
65548 1247
65549 1176
65550 1247
65551 1176
65552 1103
65553 1246
65554 1176
65555 1103
65556 1247
65557 1175
65558 1247
65559 1247
65560 1247
65561 1176
65562 1176
65563 1246
65564 1247
65565 1247
65566 1247
65567 1247
131072 1110
131073 1106
131074 1106
131075 1106
131076 1248
131077 1248
131078 1177
131079 1177
131080 1177
131081 1106
131082 1177
131083 1177
131084 1177
131085 1105
131086 1106
131087 1247
131088 962
131089 1035
131090 1106
131091 1177
131092 1177
131093 1248
131094 1248
131095 1106
131096 1248
131097 1177
131098 1248
131099 1322
131100 1322
131101 1247
131102 1246
131103 1247
196608 966
196609 1177
196610 1248
196611 1248
196612 1105
196613 1177
196614 1248
196615 1248
196616 1248
196617 1106
196618 1248
196619 1248
196620 1248
196621 1248
196622 1248
196623 1248
196624 1106
196625 1467
196626 1248
196627 1175
196628 1177
196629 1247
196630 1323
196631 1247
196632 1248
196633 1106
196634 1247
196635 1106
196636 1248
196637 1179
196638 1321
196639 1247
262144 1254
262145 1248
262146 1249
262147 1176
262148 1176
262149 1178
262150 1248
262151 1248
262152 1539
262153 1249
262154 1249
262155 1538
262156 1248
262157 1248
262158 1394
262159 1248
262160 1177
262161 1177
262162 1254
262163 1248
262164 1322
262165 1248
262166 1248
262167 1250
262168 1322
262169 1247
262170 1105
262171 1105
262172 1245
262173 1104
262174 1247
262175 1246
327680 1470
327681 1464
327682 1248
327683 1176
327684 1177
327685 1176
327686 1248
327687 1176
327688 1248
327689 1321
327690 1175
327691 1247
327692 1248
327693 1248
327694 1249
327695 1249
327696 1177
327697 1030
327698 1177
327699 1175
327700 890
327701 1249
327702 1607
327703 1247
327704 1247
327705 1176
327706 1247
327707 1247
327708 1175
327709 1247
327710 1247
327711 1247
393216 1109
393217 1249
393218 1106
393219 1106
393220 1249
393221 1322
393222 1248
393223 1322
393224 1249
393225 1323
393226 1177
393227 1323
393228 1249
393229 1251
393230 1176
393231 1177
393232 1106
393233 1249
393234 1249
393235 1177
393236 1030
393237 1248
393238 1394
393239 1247
393240 1176
393241 1247
393242 1247
393243 1247
393244 1247
393245 1247
393246 1247
393247 1175
458752 1182
458753 1248
458754 1177
458755 1248
458756 1106
458757 1105
458758 1106
458759 1106
458760 1249
458761 1254
458762 1325
458763 1177
458764 1609
458765 1608
458766 1247
458767 1248
458768 1322
458769 1323
458770 1248
458771 1248
458772 1248
458773 1247
458774 1321
458775 1247
458776 1247
458777 1247
458778 1030
458779 1175
458780 1247
458781 1175
458782 1247
458783 1245
524288 1253
524289 1249
524290 1249
524291 1323
524292 1035
524293 1176
524294 1247
524295 1247
524296 1106
524297 1248
524298 1248
524299 1248
524300 892
524301 1247
524302 1247
524303 1247
524304 1104
524305 1104
524306 667
524307 239
524308 239
524309 239
524310 239
524311 239
524312 239
524313 239
524314 239
524315 239
524316 239
524317 239
524318 239
524319 239
kernel_count 44111
