newptx
14
1
288
0 0
1 0
2 0
3 0
4 0
5 0
6 0
7 0
8 0
9 0
10 0
11 0
12 0
13 0
14 0
15 0
16 0
17 0
18 0
19 0
20 0
21 0
22 0
23 0
24 0
25 0
26 0
27 0
28 0
29 0
30 0
31 0
65536 0
65537 0
65538 0
65539 0
65540 0
65541 0
65542 0
65543 0
65544 0
65545 0
65546 0
65547 0
65548 0
65549 0
65550 0
65551 0
65552 0
65553 0
65554 0
65555 0
65556 0
65557 0
65558 0
65559 0
65560 0
65561 0
65562 0
65563 0
65564 0
65565 0
65566 0
65567 0
131072 0
131073 0
131074 0
131075 0
131076 0
131077 0
131078 0
131079 0
131080 0
131081 0
131082 0
131083 0
131084 0
131085 0
131086 0
131087 0
131088 0
131089 0
131090 0
131091 0
131092 0
131093 0
131094 0
131095 0
131096 0
131097 0
131098 0
131099 0
131100 0
131101 0
131102 0
131103 0
196608 0
196609 0
196610 0
196611 0
196612 0
196613 0
196614 0
196615 0
196616 0
196617 0
196618 0
196619 0
196620 0
196621 0
196622 0
196623 0
196624 0
196625 0
196626 0
196627 0
196628 0
196629 0
196630 0
196631 0
196632 0
196633 0
196634 0
196635 0
196636 0
196637 0
196638 0
196639 0
262144 0
262145 0
262146 0
262147 0
262148 0
262149 0
262150 0
262151 0
262152 0
262153 0
262154 0
262155 0
262156 0
262157 0
262158 0
262159 0
262160 0
262161 0
262162 0
262163 0
262164 0
262165 0
262166 0
262167 0
262168 0
262169 0
262170 0
262171 0
262172 0
262173 0
262174 0
262175 0
327680 0
327681 0
327682 0
327683 0
327684 0
327685 0
327686 0
327687 0
327688 0
327689 0
327690 0
327691 0
327692 0
327693 0
327694 0
327695 0
327696 0
327697 0
327698 0
327699 0
327700 0
327701 0
327702 0
327703 0
327704 0
327705 0
327706 0
327707 0
327708 0
327709 0
327710 0
327711 0
393216 0
393217 0
393218 0
393219 0
393220 0
393221 0
393222 0
393223 0
393224 0
393225 0
393226 0
393227 0
393228 0
393229 0
393230 0
393231 0
393232 0
393233 0
393234 0
393235 0
393236 0
393237 0
393238 0
393239 0
393240 0
393241 0
393242 0
393243 0
393244 0
393245 0
393246 0
393247 0
458752 0
458753 0
458754 0
458755 0
458756 0
458757 0
458758 0
458759 0
458760 0
458761 0
458762 0
458763 0
458764 0
458765 0
458766 0
458767 0
458768 0
458769 0
458770 0
458771 0
458772 0
458773 0
458774 0
458775 0
458776 0
458777 0
458778 0
458779 0
458780 0
458781 0
458782 0
458783 0
524288 0
524289 0
524290 0
524291 0
524292 0
524293 0
524294 0
524295 0
524296 0
524297 0
524298 0
524299 0
524300 0
524301 0
524302 0
524303 0
524304 0
524305 0
524306 0
524307 0
524308 0
524309 0
524310 0
524311 0
524312 0
524313 0
524314 0
524315 0
524316 0
524317 0
524318 0
524319 0
