0 1257
1 1252
2 1252
3 1247
4 1248
5 1324
6 1252
7 1252
8 1324
9 1248
10 1248
11 1248
12 1248
13 1248
14 1536
15 1537
16 1248
17 1248
18 1248
19 1248
20 1248
21 1248
22 1248
23 1248
24 1248
25 1247
26 1321
27 1248
28 1177
29 1248
30 1248
31 1250
65536 748
65537 822
65538 747
65539 822
65540 746
65541 822
65542 1176
65543 1247
65544 959
65545 959
65546 1106
65547 816
65548 816
65549 816
65550 816
65551 1247
65552 1247
65553 1029
65554 1176
65555 1176
65556 1248
65557 1177
65558 1466
65559 1467
65560 1247
65561 1247
65562 1104
65563 1246
65564 1104
65565 1247
65566 1176
65567 1247
131072 1182
131073 747
131074 1034
131075 1248
131076 1248
131077 1248
131078 1105
131079 1177
131080 1176
131081 1030
131082 1105
131083 1176
131084 1176
131085 1176
131086 239
131087 239
131088 239
131089 239
131090 239
131091 239
131092 239
131093 239
131094 239
131095 239
131096 239
131097 239
131098 239
131099 239
131100 239
131101 239
131102 239
131103 239
kernel_count 12259
