0 1253
1 1247
2 1246
3 1247
4 744
5 1246
6 1246
7 1247
8 1247
9 1175
10 1247
11 744
12 1246
13 1246
14 1246
15 1247
16 1175
17 1247
18 744
19 1246
20 1246
21 1247
22 1246
23 1176
24 1246
25 1033
26 1104
27 1246
28 1247
29 1247
30 1175
31 1247
65536 1182
65537 1176
65538 1247
65539 1247
65540 1247
65541 1246
65542 1176
65543 1176
65544 1247
65545 1247
65546 1247
65547 1175
65548 1247
65549 1246
65550 1246
65551 1176
65552 1175
65553 1175
65554 1176
65555 1247
65556 1176
65557 1175
65558 1247
65559 1176
65560 1176
65561 1247
65562 1175
65563 1247
65564 1247
65565 1247
65566 1247
65567 1247
131072 1254
131073 1248
131074 1105
131075 1247
131076 1247
131077 1248
131078 1248
131079 1248
131080 1106
131081 1177
131082 1322
131083 1105
131084 1030
131085 1105
131086 1176
131087 1176
131088 1176
131089 1176
131090 1176
131091 1176
131092 1176
131093 1176
131094 1176
131095 1176
131096 1103
131097 957
131098 1175
131099 1034
131100 1247
131101 1247
131102 1176
131103 1247
196608 748
196609 1177
196610 1177
196611 1177
196612 1322
196613 1177
196614 1248
196615 1177
196616 1247
196617 1248
196618 1247
196619 1177
196620 1247
196621 1248
196622 1177
196623 1247
196624 1247
196625 1177
196626 1248
196627 1176
196628 1246
196629 1175
196630 1176
196631 1322
196632 1177
196633 1247
196634 1248
196635 1177
196636 1322
196637 1176
196638 1175
196639 1247
262144 1182
262145 1248
262146 1247
262147 1177
262148 1248
262149 1177
262150 1176
262151 1177
262152 1248
262153 1177
262154 1248
262155 1248
262156 1248
262157 1248
262158 1247
262159 1177
262160 1248
262161 1248
262162 1248
262163 1248
262164 1248
262165 1177
262166 1177
262167 1248
262168 1392
262169 1393
262170 1392
262171 1177
262172 1248
262173 1251
262174 1249
262175 1245
327680 964
327681 1104
327682 1251
327683 1323
327684 1176
327685 1325
327686 1176
327687 1032
327688 1175
327689 1175
327690 1175
327691 1175
327692 1176
327693 1177
327694 1394
327695 1394
327696 1177
327697 1325
327698 1249
327699 1249
327700 1249
327701 1176
327702 1176
327703 1176
327704 1249
327705 1249
327706 1249
327707 1249
327708 1249
327709 1249
327710 1249
327711 1611
393216 1182
393217 1248
393218 1248
393219 1248
393220 1248
393221 1177
393222 1247
393223 1177
393224 1248
393225 1248
393226 1248
393227 1177
393228 1104
393229 1248
393230 1247
393231 1248
393232 1247
393233 1177
393234 1248
393235 1106
393236 1248
393237 1176
393238 1251
393239 1247
393240 1247
393241 1176
393242 1247
393243 1246
393244 1176
393245 1247
393246 1247
393247 1247
458752 1110
458753 1247
458754 1248
458755 1248
458756 1247
458757 1248
458758 1248
458759 1248
458760 1247
458761 1106
458762 1248
458763 1247
458764 1106
458765 1393
458766 1393
458767 1248
458768 1393
458769 1248
458770 1393
458771 1248
458772 1248
458773 1248
458774 1322
458775 1250
458776 1322
458777 1248
458778 1248
458779 1248
458780 1322
458781 1250
458782 1322
458783 1247
524288 748
524289 1106
524290 1106
524291 1106
524292 1247
524293 1247
524294 1245
524295 1245
524296 1106
524297 1106
524298 1106
524299 1106
524300 1322
524301 1030
524302 1029
524303 1248
524304 1248
524305 1248
524306 1106
524307 1247
524308 1247
524309 1106
524310 1177
524311 1177
524312 1177
524313 1248
524314 1322
524315 1247
524316 1030
524317 1246
524318 1247
524319 1247
589824 1254
589825 1248
589826 1249
589827 1249
589828 1249
589829 1249
589830 1249
589831 1249
589832 1177
589833 1249
589834 1248
589835 1248
589836 1399
589837 1248
589838 1248
589839 1325
589840 1328
589841 1469
589842 1325
589843 1469
589844 1248
589845 1324
589846 1249
589847 1396
589848 1035
589849 1248
589850 1249
589851 1393
589852 1176
589853 1105
589854 1246
589855 1247
655360 1033
655361 1249
655362 1176
655363 1177
655364 1175
655365 1248
655366 1253
655367 1176
655368 1395
655369 1249
655370 1253
655371 1249
655372 1394
655373 1249
655374 1106
655375 1249
655376 1249
655377 1175
655378 1325
655379 1396
655380 1396
655381 1106
655382 1249
655383 1248
655384 1248
655385 1249
655386 1608
655387 1323
655388 1177
655389 1247
655390 1392
655391 1173
720896 1254
720897 1249
720898 1322
720899 1178
720900 1322
720901 1178
720902 1178
720903 1178
720904 1249
720905 1176
720906 1248
720907 1249
720908 1176
720909 1248
720910 1252
720911 1248
720912 1178
720913 1247
720914 1321
720915 1247
720916 239
720917 239
720918 239
720919 239
720920 239
720921 239
720922 239
720923 239
720924 239
720925 239
720926 239
720927 239
kernel_count 59661
