0 1110
1 1106
2 1106
3 1106
4 1106
5 1177
6 1249
7 1249
8 1177
9 1249
10 1177
11 1249
12 1177
13 1249
14 1249
15 1177
16 1249
17 1249
18 1249
19 1177
20 1247
21 1106
22 1106
23 1248
24 1106
25 1249
26 1249
27 1249
28 1464
29 1176
30 1247
31 1246
65536 1254
65537 1325
65538 1610
65539 1248
65540 1248
65541 1248
65542 1177
65543 1248
65544 1176
65545 1035
65546 1248
65547 1248
65548 1248
65549 1248
65550 1248
65551 1247
65552 1247
65553 1106
65554 1177
65555 1248
65556 1251
65557 1251
65558 1104
65559 1104
65560 1175
65561 1246
65562 1175
65563 1175
65564 1246
65565 1245
65566 1246
65567 1246
131072 1254
131073 1393
131074 1248
131075 1393
131076 1246
131077 1393
131078 1248
131079 1393
131080 1247
131081 1393
131082 1247
131083 1247
131084 1393
131085 746
131086 746
131087 746
131088 746
131089 746
131090 746
131091 746
131092 746
131093 1248
131094 1246
131095 1177
131096 1177
131097 1248
131098 1248
131099 1322
131100 1322
131101 1247
131102 1248
131103 1322
196608 1254
196609 1106
196610 1248
196611 1249
196612 1249
196613 1106
196614 1176
196615 1177
196616 1249
196617 1248
196618 1248
196619 1249
196620 1176
196621 1247
196622 1392
196623 1249
196624 1249
196625 1249
196626 1319
196627 1463
196628 1321
196629 1105
196630 1034
196631 1247
196632 1247
196633 1247
196634 1247
196635 1247
196636 1247
196637 1247
196638 1247
196639 1247
262144 748
262145 747
262146 747
262147 1249
262148 1249
262149 1249
262150 1248
262151 1177
262152 1177
262153 1175
262154 1249
262155 1249
262156 1248
262157 1248
262158 1177
262159 1176
262160 1248
262161 1680
262162 1248
262163 1247
262164 1247
262165 1248
262166 1392
262167 1247
262168 1321
262169 1246
262170 1246
262171 1246
262172 1175
262173 1175
262174 1246
262175 1246
327680 1110
327681 1106
327682 746
327683 747
327684 1034
327685 1248
327686 1248
327687 1248
327688 1106
327689 1177
327690 1177
327691 1248
327692 1324
327693 1248
327694 1467
327695 1323
327696 1324
327697 1248
327698 1396
327699 1392
327700 1105
327701 1247
327702 1175
327703 1247
327704 1247
327705 1247
327706 1176
327707 1176
327708 1247
327709 1247
327710 1247
327711 1175
393216 748
393217 747
393218 1106
393219 1030
393220 1248
393221 1248
393222 1248
393223 1106
393224 1248
393225 1323
393226 1248
393227 1248
393228 1248
393229 1105
393230 1394
393231 1248
393232 1247
393233 1248
393234 1248
393235 1029
393236 1248
393237 1247
393238 1247
393239 1248
393240 1394
393241 1176
393242 1246
393243 1247
393244 1247
393245 1246
393246 1247
393247 1244
458752 1254
458753 1249
458754 1178
458755 1323
458756 1176
458757 1176
458758 239
458759 239
458760 239
458761 239
458762 239
458763 239
458764 239
458765 239
458766 239
458767 239
458768 239
458769 239
458770 239
458771 239
458772 239
458773 239
458774 239
458775 239
458776 239
458777 239
458778 239
458779 239
458780 239
458781 239
458782 239
458783 239
kernel_count 36778
