0 1254
1 1248
2 1323
3 1323
4 1396
5 1323
6 1323
7 1252
8 1248
9 1323
10 1248
11 1397
12 1323
13 1323
14 1177
15 1177
16 1248
17 1106
18 1248
19 1248
20 1106
21 1248
22 1248
23 1106
24 1248
25 1247
26 1248
27 1323
28 1248
29 1397
30 1322
31 1322
65536 748
65537 968
65538 1249
65539 1248
65540 1323
65541 1324
65542 1249
65543 1177
65544 1249
65545 1176
65546 1248
65547 1607
65548 1393
65549 1606
65550 1607
65551 1248
65552 1608
65553 1608
65554 1248
65555 1608
65556 890
65557 1176
65558 1176
65559 1176
65560 1248
65561 1248
65562 1248
65563 1321
65564 1247
65565 1247
65566 1246
65567 1246
131072 748
131073 892
131074 1248
131075 1250
131076 1247
131077 1176
131078 1105
131079 1176
131080 1247
131081 1175
131082 1176
131083 1247
131084 1247
131085 1246
131086 1247
131087 1247
131088 1247
131089 1105
131090 1105
131091 1176
131092 1247
131093 1176
131094 1246
131095 1247
131096 1246
131097 1246
131098 1247
131099 1247
131100 1247
131101 1247
131102 1175
131103 1174
196608 748
196609 891
196610 1105
196611 1248
196612 1248
196613 1248
196614 1247
196615 1248
196616 1176
196617 1176
196618 1248
196619 1177
196620 1177
196621 1248
196622 1248
196623 1248
196624 1248
196625 1248
196626 1248
196627 1247
196628 1248
196629 1248
196630 1248
196631 1248
196632 1176
196633 1176
196634 1246
196635 1538
196636 1249
196637 1250
196638 1247
196639 1247
262144 1254
262145 1248
262146 1247
262147 1248
262148 1248
262149 1248
262150 1248
262151 1248
262152 1248
262153 1248
262154 1391
262155 1393
262156 1323
262157 1177
262158 1248
262159 1248
262160 1248
262161 1247
262162 1248
262163 1392
262164 1177
262165 1391
262166 1105
262167 1177
262168 1177
262169 1248
262170 1177
262171 1391
262172 1105
262173 1176
262174 1247
262175 1247
327680 749
327681 239
327682 239
327683 239
327684 239
327685 239
327686 239
327687 239
327688 239
327689 239
327690 239
327691 239
327692 239
327693 239
327694 239
327695 239
327696 239
327697 239
327698 239
327699 239
327700 239
327701 239
327702 239
327703 239
327704 239
327705 239
327706 239
327707 239
327708 239
327709 239
327710 239
327711 239
kernel_count 26753
