0 1254
1 1247
2 1176
3 1247
4 1176
5 1247
6 1247
7 1176
8 1247
9 1175
10 1247
11 1175
12 1247
13 1175
14 1105
15 1247
16 1176
17 1174
18 1176
19 1247
20 1247
21 1174
22 958
23 1176
24 1247
25 1247
26 1247
27 1247
28 1176
29 1175
30 1247
31 1247
65536 1182
65537 1177
65538 1248
65539 1248
65540 1248
65541 1248
65542 1248
65543 1248
65544 1248
65545 1248
65546 1323
65547 1248
65548 1248
65549 1248
65550 1392
65551 1247
65552 1248
65553 1248
65554 1248
65555 1247
65556 1248
65557 1248
65558 1248
65559 1248
65560 1248
65561 1106
65562 1105
65563 1248
65564 1176
65565 1177
65566 1392
65567 1247
131072 1254
131073 1177
131074 1248
131075 1248
131076 1248
131077 1248
131078 1248
131079 1248
131080 1248
131081 1248
131082 1247
131083 1176
131084 1176
131085 1247
131086 1248
131087 1248
131088 1248
131089 1029
131090 1248
131091 1248
131092 1247
131093 1248
131094 1248
131095 1393
131096 1248
131097 1248
131098 1248
131099 1322
131100 1247
131101 1176
131102 1247
131103 1245
196608 962
196609 1249
196610 1248
196611 1248
196612 1249
196613 1248
196614 1106
196615 1106
196616 1105
196617 1248
196618 1246
196619 1177
196620 1249
196621 1249
196622 1182
196623 1177
196624 1249
196625 1249
196626 1249
196627 1249
196628 1324
196629 1682
196630 1177
196631 1177
196632 1105
196633 1176
196634 1246
196635 1248
196636 1248
196637 1177
196638 1106
196639 1322
262144 1109
262145 747
262146 747
262147 1324
262148 1249
262149 1177
262150 1176
262151 1177
262152 1177
262153 1248
262154 1106
262155 1106
262156 1249
262157 1249
262158 1249
262159 1248
262160 1249
262161 1249
262162 1177
262163 1248
262164 1176
262165 1464
262166 1177
262167 1247
262168 1106
262169 1247
262170 1106
262171 1106
262172 1322
262173 1247
262174 1172
262175 1173
327680 1252
327681 1175
327682 1175
327683 1394
327684 1469
327685 1247
327686 1104
327687 1325
327688 1177
327689 1248
327690 1247
327691 1175
327692 1176
327693 1176
327694 1248
327695 1177
327696 1249
327697 1249
327698 1394
327699 1469
327700 1398
327701 1249
327702 1464
327703 1247
327704 1174
327705 1176
327706 1247
327707 1247
327708 1246
327709 1247
327710 1247
327711 1247
393216 1110
393217 1106
393218 1322
393219 962
393220 1105
393221 1247
393222 1246
393223 1323
393224 1393
393225 1246
393226 1246
393227 1323
393228 1393
393229 1247
393230 1247
393231 1180
393232 1247
393233 1321
393234 1177
393235 1247
393236 1180
393237 1175
393238 1029
393239 1030
393240 1029
393241 1247
393242 1247
393243 1246
393244 1246
393245 1105
393246 1247
393247 1244
458752 1620
458753 1249
458754 1177
458755 1248
458756 1249
458757 1249
458758 1106
458759 1249
458760 1464
458761 1106
458762 1248
458763 1248
458764 1248
458765 1465
458766 1394
458767 1247
458768 1247
458769 1248
458770 1106
458771 1177
458772 1106
458773 1176
458774 1248
458775 1106
458776 1176
458777 1247
458778 1177
458779 1248
458780 1247
458781 1248
458782 1177
458783 1390
524288 1329
524289 1323
524290 1247
524291 1106
524292 1177
524293 1177
524294 1248
524295 1177
524296 1247
524297 1323
524298 1181
524299 1247
524300 1247
524301 1248
524302 1248
524303 1106
524304 1181
524305 1181
524306 1248
524307 1177
524308 1177
524309 1177
524310 1248
524311 1248
524312 1248
524313 1248
524314 1106
524315 1248
524316 1248
524317 1248
524318 1321
524319 1246
589824 1254
589825 1249
589826 1177
589827 1395
589828 1175
589829 961
589830 1173
589831 957
589832 239
589833 239
589834 239
589835 239
589836 239
589837 239
589838 239
589839 239
589840 239
589841 239
589842 239
589843 239
589844 239
589845 239
589846 239
589847 239
589848 239
589849 239
589850 239
589851 239
589852 239
589853 239
589854 239
589855 239
kernel_count 47897
