0 1472
1 1464
2 1465
3 1465
4 1106
5 1247
6 1247
7 1247
8 1247
9 1247
10 1248
11 1248
12 1248
13 1247
14 1247
15 1247
16 1247
17 1247
18 1247
19 1247
20 1247
21 1247
22 1247
23 1247
24 1248
25 1248
26 1248
27 1177
28 1322
29 1251
30 1247
31 1247
65536 748
65537 747
65538 822
65539 822
65540 1248
65541 1247
65542 1247
65543 1247
65544 1247
65545 1248
65546 1248
65547 1248
65548 1247
65549 1248
65550 1392
65551 1248
65552 1392
65553 1105
65554 1176
65555 1174
65556 1175
65557 1175
65558 1247
65559 1105
65560 1176
65561 1176
65562 1176
65563 1176
65564 1247
65565 1247
65566 1174
65567 1174
131072 1182
131073 1248
131074 1106
131075 1176
131076 1176
131077 1030
131078 1176
131079 1249
131080 1249
131081 1106
131082 1035
131083 1249
131084 1249
131085 1249
131086 1249
131087 1249
131088 1106
131089 1033
131090 1177
131091 1249
131092 1177
131093 1249
131094 1249
131095 1249
131096 1178
131097 1178
131098 1176
131099 1177
131100 1176
131101 1248
131102 1249
131103 1608
196608 894
196609 896
196610 1034
196611 1249
196612 1249
196613 1249
196614 1176
196615 1249
196616 1249
196617 1249
196618 1106
196619 1177
196620 1252
196621 1249
196622 1248
196623 1392
196624 1248
196625 1249
196626 1249
196627 1177
196628 1178
196629 1177
196630 1248
196631 1249
196632 1463
196633 1391
196634 1247
196635 1392
196636 1176
196637 1176
196638 1105
196639 1175
262144 1254
262145 1248
262146 1248
262147 1177
262148 1030
262149 1248
262150 1248
262151 1176
262152 1248
262153 1248
262154 1177
262155 1177
262156 1248
262157 1248
262158 1176
262159 1106
262160 1394
262161 1248
262162 1106
262163 1324
262164 1323
262165 1248
262166 1248
262167 1610
262168 1610
262169 1610
262170 1247
262171 1247
262172 1247
262173 1246
262174 1176
262175 1247
327680 1182
327681 1106
327682 1106
327683 1248
327684 1177
327685 1030
327686 1248
327687 1106
327688 1248
327689 1322
327690 1176
327691 1177
327692 1247
327693 1177
327694 1106
327695 961
327696 1177
327697 1177
327698 1105
327699 1105
327700 1106
327701 1394
327702 1106
327703 1394
327704 1030
327705 1106
327706 1392
327707 1176
327708 1247
327709 1247
327710 1247
327711 1247
393216 747
393217 1248
393218 1177
393219 1248
393220 1248
393221 1248
393222 1248
393223 1248
393224 1248
393225 1322
393226 1322
393227 1248
393228 1322
393229 1106
393230 1248
393231 1322
393232 1106
393233 1248
393234 1322
393235 1106
393236 1177
393237 1251
393238 1104
393239 1030
393240 1104
393241 1246
393242 1173
393243 1104
393244 1175
393245 1175
393246 1175
393247 1103
458752 1254
458753 1394
458754 1249
458755 1249
458756 1394
458757 1249
458758 1466
458759 1249
458760 1249
458761 1249
458762 1248
458763 1394
458764 1248
458765 1106
458766 1030
458767 1322
458768 1177
458769 1177
458770 1177
458771 1322
458772 1322
458773 1247
458774 1175
458775 1175
458776 1175
458777 1175
458778 1175
458779 1175
458780 1175
458781 1175
458782 1175
458783 1175
524288 1182
524289 1176
524290 1249
524291 1249
524292 1106
524293 1323
524294 1325
524295 1249
524296 1248
524297 1249
524298 1249
524299 1248
524300 1679
524301 1249
524302 1467
524303 1682
524304 1465
524305 1465
524306 1248
524307 1181
524308 1105
524309 1463
524310 1248
524311 1248
524312 1177
524313 1322
524314 1246
524315 1177
524316 1246
524317 1177
524318 1248
524319 1250
589824 1254
589825 1325
589826 1106
589827 1324
589828 1106
589829 1249
589830 1325
589831 1106
589832 1324
589833 1106
589834 1177
589835 1465
589836 1248
589837 1105
589838 1106
589839 1177
589840 1248
589841 1248
589842 1176
589843 1177
589844 1325
589845 1248
589846 1248
589847 1105
589848 1322
589849 1248
589850 1322
589851 1248
589852 1322
589853 1248
589854 1322
589855 1247
655360 1254
655361 1026
655362 239
655363 239
655364 239
655365 239
655366 239
655367 239
655368 239
655369 239
655370 239
655371 239
655372 239
655373 239
655374 239
655375 239
655376 239
655377 239
655378 239
655379 239
655380 239
655381 239
655382 239
655383 239
655384 239
655385 239
655386 239
655387 239
655388 239
655389 239
655390 239
655391 239
kernel_count 52293
