0 1253
1 1249
2 1249
3 1249
4 1249
5 1249
6 1177
7 1249
8 1248
9 1176
10 1106
11 1249
12 1393
13 1394
14 1608
15 1249
16 1177
17 1177
18 1249
19 1393
20 1394
21 1608
22 1247
23 1247
24 1176
25 1105
26 1247
27 1176
28 1247
29 1247
30 1245
31 1028
65536 1110
65537 1248
65538 1249
65539 1250
65540 1250
65541 1250
65542 1679
65543 1248
65544 1248
65545 1248
65546 1248
65547 1177
65548 1177
65549 1248
65550 1106
65551 1248
65552 1106
65553 1177
65554 1177
65555 1248
65556 1248
65557 1176
65558 1105
65559 1176
65560 1176
65561 1176
65562 239
65563 239
65564 239
65565 239
65566 239
65567 239
kernel_count 9571
