0 1109
1 1176
2 1177
3 1392
4 1247
5 1176
6 1174
7 1247
8 1176
9 1176
10 1247
11 1176
12 1176
13 1245
14 1176
15 1176
16 1176
17 1246
18 1247
19 1176
20 1247
21 1247
22 1247
23 1175
24 1247
25 1246
26 1247
27 1175
28 1247
29 1175
30 1175
31 1174
65536 1254
65537 1249
65538 1249
65539 1248
65540 968
65541 1038
65542 1254
65543 1249
65544 1253
65545 1038
65546 1254
65547 1249
65548 1253
65549 1038
65550 1254
65551 1177
65552 1177
65553 1106
65554 1249
65555 1249
65556 1249
65557 1249
65558 1249
65559 1249
65560 1249
65561 1324
65562 1253
65563 1249
65564 1248
65565 1249
65566 1681
65567 1392
131072 1109
131073 746
131074 1252
131075 1247
131076 1105
131077 1248
131078 1030
131079 1177
131080 1247
131081 1248
131082 1176
131083 1106
131084 1247
131085 1105
131086 1323
131087 1106
131088 1106
131089 1247
131090 1106
131091 1247
131092 1248
131093 1035
131094 1176
131095 1393
131096 1248
131097 1106
131098 1247
131099 1247
131100 1251
131101 1105
131102 1246
131103 1102
196608 747
196609 746
196610 746
196611 822
196612 1178
196613 1177
196614 1249
196615 1249
196616 1392
196617 1248
196618 1249
196619 1464
196620 1249
196621 1393
196622 1249
196623 1464
196624 1248
196625 1248
196626 1248
196627 1248
196628 1106
196629 1247
196630 1392
196631 1247
196632 1247
196633 1105
196634 1247
196635 1247
196636 1247
196637 1176
196638 1247
196639 1246
262144 1253
262145 1249
262146 1177
262147 1249
262148 1249
262149 1177
262150 1249
262151 1249
262152 1248
262153 1248
262154 1247
262155 1177
262156 1177
262157 1177
262158 1181
262159 1252
262160 1177
262161 1106
262162 1249
262163 1465
262164 1247
262165 1247
262166 1247
262167 1323
262168 1252
262169 1324
262170 1397
262171 1324
262172 1397
262173 1252
262174 1252
262175 1392
327680 1254
327681 1323
327682 1323
327683 1104
327684 1105
327685 1254
327686 1254
327687 1254
327688 1396
327689 1396
327690 1254
327691 1106
327692 1175
327693 1394
327694 1396
327695 1395
327696 1394
327697 1395
327698 1681
327699 1681
327700 1177
327701 1393
327702 1034
327703 1250
327704 1391
327705 1248
327706 1251
327707 1247
327708 1177
327709 1320
327710 1322
327711 1174
393216 824
393217 823
393218 747
393219 746
393220 823
393221 747
393222 1106
393223 1471
393224 1471
393225 1177
393226 1176
393227 1469
393228 1248
393229 1253
393230 1469
393231 1248
393232 1249
393233 1249
393234 1392
393235 1105
393236 1181
393237 1249
393238 1249
393239 1323
393240 1105
393241 1252
393242 1177
393243 1463
393244 1246
393245 1247
393246 1246
393247 1247
458752 1186
458753 1249
458754 1323
458755 1106
458756 1106
458757 1177
458758 1249
458759 1249
458760 1177
458761 1249
458762 1249
458763 1249
458764 1252
458765 1252
458766 1249
458767 1177
458768 1249
458769 1324
458770 1468
458771 1177
458772 1177
458773 1177
458774 1177
458775 1105
458776 1248
458777 1248
458778 1248
458779 1248
458780 1248
458781 1105
458782 1396
458783 1324
524288 1181
524289 1248
524290 1249
524291 891
524292 894
524293 1398
524294 1249
524295 1396
524296 1177
524297 1105
524298 1467
524299 1467
524300 1463
524301 1105
524302 1176
524303 1248
524304 1248
524305 1248
524306 1248
524307 1176
524308 1392
524309 1175
524310 1175
524311 1247
524312 1175
524313 1246
524314 1246
524315 962
524316 1247
524317 1247
524318 1247
524319 1175
589824 1110
589825 1107
589826 1248
589827 1393
589828 1248
589829 1248
589830 239
589831 239
589832 239
589833 239
589834 239
589835 239
589836 239
589837 239
589838 239
589839 239
589840 239
589841 239
589842 239
589843 239
589844 239
589845 239
589846 239
589847 239
589848 239
589849 239
589850 239
589851 239
589852 239
589853 239
589854 239
589855 239
kernel_count 47814
