0 1253
1 1246
2 1247
3 1247
4 1247
5 1247
6 1247
7 1175
8 1104
9 1247
10 1247
11 1247
12 1176
13 1247
14 1176
15 1247
16 1246
17 1245
18 1247
19 1247
20 1247
21 1247
22 1247
23 1247
24 1176
25 1246
26 1245
27 1247
28 1176
29 1247
30 1246
31 1247
65536 1254
65537 1247
65538 1248
65539 1245
65540 1248
65541 963
65542 1034
65543 1248
65544 1035
65545 1035
65546 1248
65547 1247
65548 1106
65549 1177
65550 1177
65551 1248
65552 1248
65553 1176
65554 1176
65555 1322
65556 1393
65557 1393
65558 1323
65559 1248
65560 1392
65561 1106
65562 1106
65563 1248
65564 1251
65565 1247
65566 1247
65567 1247
131072 1254
131073 1175
131074 1176
131075 1247
131076 1247
131077 1247
131078 1247
131079 1246
131080 1246
131081 1246
131082 1246
131083 1175
131084 1247
131085 1176
131086 1175
131087 1247
131088 1247
131089 1105
131090 1176
131091 1247
131092 1247
131093 1246
131094 1176
131095 1176
131096 1247
131097 1247
131098 1247
131099 1176
131100 962
131101 1247
131102 1247
131103 1175
196608 1109
196609 1177
196610 1249
196611 1030
196612 1464
196613 1249
196614 1249
196615 1249
196616 1249
196617 1248
196618 1248
196619 1249
196620 1249
196621 1249
196622 1249
196623 1248
196624 1249
196625 1249
196626 1249
196627 1249
196628 1394
196629 1246
196630 1176
196631 1247
196632 1176
196633 1176
196634 1247
196635 1176
196636 1247
196637 1247
196638 1176
196639 1175
262144 1254
262145 1249
262146 1249
262147 1249
262148 1249
262149 1248
262150 1249
262151 1249
262152 1249
262153 1249
262154 1177
262155 1248
262156 1393
262157 1248
262158 1106
262159 1030
262160 1249
262161 1249
262162 1249
262163 1249
262164 1249
262165 1464
262166 1176
262167 1176
262168 1247
262169 1105
262170 1176
262171 1175
262172 1247
262173 1176
262174 1245
262175 1172
327680 1182
327681 1323
327682 1175
327683 1247
327684 1247
327685 1248
327686 1249
327687 1248
327688 1249
327689 1181
327690 1248
327691 1248
327692 1247
327693 1248
327694 1465
327695 1464
327696 1175
327697 1247
327698 1248
327699 1247
327700 1248
327701 1176
327702 1247
327703 1246
327704 1248
327705 1247
327706 1248
327707 1397
327708 1392
327709 1247
327710 1246
327711 1247
393216 965
393217 747
393218 823
393219 747
393220 1106
393221 1249
393222 1177
393223 1106
393224 1249
393225 1248
393226 961
393227 889
393228 1103
393229 1105
393230 1105
393231 1105
393232 1176
393233 1398
393234 1327
393235 1252
393236 1175
393237 1176
393238 1103
393239 1249
393240 1249
393241 1464
393242 1247
393243 1246
393244 1246
393245 1029
393246 1175
393247 1103
458752 1182
458753 1249
458754 747
458755 747
458756 1106
458757 1106
458758 1030
458759 1249
458760 1177
458761 1249
458762 1177
458763 1249
458764 1029
458765 1249
458766 1248
458767 1177
458768 1248
458769 1249
458770 1685
458771 1686
458772 1249
458773 1464
458774 1463
458775 1321
458776 1246
458777 1247
458778 1176
458779 1247
458780 1176
458781 814
458782 1247
458783 1247
524288 1182
524289 1175
524290 746
524291 1176
524292 1247
524293 1247
524294 1247
524295 1247
524296 1247
524297 1247
524298 1247
524299 1247
524300 1246
524301 1246
524302 1247
524303 1176
524304 1247
524305 1247
524306 1030
524307 1247
524308 1105
524309 1247
524310 1247
524311 1247
524312 1176
524313 1247
524314 1102
524315 1103
524316 1103
524317 1029
524318 1103
524319 1103
589824 748
589825 1032
589826 239
589827 239
589828 239
589829 239
589830 239
589831 239
589832 239
589833 239
589834 239
589835 239
589836 239
589837 239
589838 239
589839 239
589840 239
589841 239
589842 239
589843 239
589844 239
589845 239
589846 239
589847 239
589848 239
589849 239
589850 239
589851 239
589852 239
589853 239
589854 239
589855 239
kernel_count 46421
