0 1181
1 1175
2 1247
3 1176
4 1247
5 1246
6 1247
7 1105
8 1247
9 1030
10 1247
11 1247
12 1247
13 1105
14 1247
15 1246
16 1247
17 1247
18 1176
19 1247
20 1247
21 1247
22 1176
23 1247
24 1246
25 1246
26 1247
27 1175
28 1246
29 1247
30 1175
31 1247
65536 747
65537 1106
65538 1248
65539 1176
65540 1177
65541 1248
65542 1177
65543 1106
65544 1322
65545 1322
65546 1322
65547 1247
65548 1247
65549 1247
65550 1246
65551 1246
65552 1246
65553 1175
65554 1176
65555 1176
65556 1247
65557 1175
65558 1176
65559 1247
65560 1247
65561 1247
65562 1246
65563 1247
65564 1247
65565 1247
65566 1247
65567 1247
131072 1254
131073 1249
131074 1249
131075 1106
131076 1106
131077 1249
131078 1177
131079 1029
131080 1249
131081 1177
131082 1177
131083 1248
131084 1247
131085 1249
131086 1177
131087 1249
131088 1249
131089 1178
131090 1249
131091 1248
131092 1249
131093 1106
131094 1249
131095 1249
131096 1249
131097 1249
131098 1248
131099 1394
131100 1247
131101 1176
131102 1105
131103 1247
196608 1110
196609 1176
196610 1394
196611 1249
196612 1249
196613 1248
196614 1176
196615 1248
196616 1030
196617 1249
196618 1106
196619 1177
196620 1249
196621 1249
196622 1248
196623 1249
196624 1106
196625 1177
196626 1177
196627 1248
196628 1249
196629 1177
196630 1249
196631 1249
196632 1249
196633 1393
196634 1177
196635 1393
196636 1177
196637 1393
196638 1245
196639 1172
262144 1253
262145 1177
262146 1249
262147 1249
262148 1249
262149 1249
262150 1248
262151 1249
262152 1248
262153 1249
262154 1177
262155 1249
262156 1248
262157 1106
262158 1463
262159 1462
262160 1249
262161 1249
262162 1248
262163 1106
262164 1177
262165 1249
262166 1393
262167 1249
262168 1177
262169 1249
262170 1464
262171 1177
262172 1248
262173 1321
262174 1247
262175 1247
327680 1180
327681 747
327682 1176
327683 1393
327684 1248
327685 1248
327686 1177
327687 1177
327688 1177
327689 1177
327690 1177
327691 1248
327692 1248
327693 1248
327694 1248
327695 1176
327696 1247
327697 1322
327698 1247
327699 1246
327700 1176
327701 1176
327702 1175
327703 1176
327704 1176
327705 1176
327706 1176
327707 1321
327708 1322
327709 1103
327710 1175
327711 1175
393216 1182
393217 1177
393218 1177
393219 1321
393220 1177
393221 1177
393222 1176
393223 1248
393224 1248
393225 1248
393226 1177
393227 1105
393228 1248
393229 1248
393230 1248
393231 1248
393232 1248
393233 1248
393234 1248
393235 1177
393236 1105
393237 1248
393238 1248
393239 1248
393240 1248
393241 1248
393242 1248
393243 1248
393244 1177
393245 1248
393246 1247
393247 1392
458752 1254
458753 1248
458754 1248
458755 1181
458756 1247
458757 1323
458758 1248
458759 1248
458760 1176
458761 892
458762 1176
458763 1248
458764 1248
458765 1248
458766 1175
458767 1248
458768 1248
458769 1176
458770 1176
458771 1248
458772 886
458773 1030
458774 1248
458775 886
458776 1030
458777 1247
458778 1392
458779 1105
458780 1247
458781 1177
458782 1322
458783 1322
524288 1182
524289 1178
524290 1249
524291 1106
524292 1178
524293 1250
524294 1249
524295 1107
524296 1178
524297 1250
524298 1250
524299 1250
524300 1250
524301 1250
524302 1249
524303 1250
524304 1250
524305 1466
524306 1249
524307 1466
524308 1393
524309 1248
524310 1105
524311 1248
524312 1248
524313 1248
524314 1247
524315 1248
524316 1247
524317 1033
524318 1176
524319 1029
kernel_count 45891
