0 1254
1 1249
2 1252
3 1249
4 1249
5 1324
6 1249
7 1463
8 1249
9 1463
10 1248
11 1463
12 1249
13 1463
14 1249
15 1463
16 1249
17 1463
18 1249
19 1464
20 1249
21 1177
22 1249
23 1249
24 1463
25 1249
26 1463
27 1248
28 1463
29 1249
30 1463
31 1247
65536 823
65537 747
65538 822
65539 747
65540 822
65541 747
65542 1106
65543 1176
65544 1248
65545 1248
65546 1177
65547 1176
65548 1106
65549 1249
65550 1248
65551 1175
65552 1105
65553 1177
65554 1177
65555 1177
65556 887
65557 1248
65558 1249
65559 1248
65560 1177
65561 1248
65562 1033
65563 1033
65564 1177
65565 1463
65566 1247
65567 1247
131072 748
131073 1106
131074 1030
131075 1177
131076 1248
131077 1248
131078 1248
131079 1247
131080 1248
131081 1248
131082 1177
131083 1106
131084 1176
131085 1248
131086 1248
131087 1177
131088 1106
131089 1176
131090 1248
131091 1248
131092 1248
131093 1248
131094 1248
131095 1248
131096 1248
131097 1246
131098 1322
131099 1247
131100 1180
131101 1176
131102 1177
131103 1320
196608 1180
196609 1249
196610 1249
196611 1248
196612 1249
196613 1249
196614 1176
196615 1177
196616 1249
196617 1177
196618 1177
196619 1177
196620 1248
196621 1249
196622 1249
196623 1322
196624 1249
196625 1322
196626 1249
196627 1394
196628 1177
196629 1395
196630 1463
196631 1176
196632 1392
196633 1248
196634 1392
196635 1176
196636 1247
196637 1247
196638 1247
196639 956
262144 1473
262145 1248
262146 1249
262147 1324
262148 1249
262149 1249
262150 1249
262151 1249
262152 1105
262153 1106
262154 1106
262155 1177
262156 1249
262157 1106
262158 1176
262159 1249
262160 1106
262161 1176
262162 1249
262163 1106
262164 1106
262165 1249
262166 1252
262167 1325
262168 1397
262169 1399
262170 1606
262171 1247
262172 1104
262173 1247
262174 1175
262175 1246
327680 748
327681 1248
327682 1177
327683 1248
327684 1105
327685 1106
327686 1180
327687 1248
327688 1252
327689 1248
327690 1030
327691 1246
327692 1177
327693 1248
327694 1177
327695 1106
327696 1030
327697 1106
327698 1030
327699 1030
327700 1104
327701 1105
327702 1176
327703 1105
327704 1176
327705 1106
327706 1177
327707 1176
327708 1177
327709 1248
327710 1392
327711 1246
393216 1254
393217 1395
393218 1395
393219 891
393220 1030
393221 1106
393222 1537
393223 1608
393224 1249
393225 1248
393226 1177
393227 1249
393228 1324
393229 1463
393230 1105
393231 1103
393232 1103
393233 1248
393234 1106
393235 1248
393236 1247
393237 1248
393238 1248
393239 1248
393240 1248
393241 1248
393242 1248
393243 1247
393244 1392
393245 1248
393246 1248
393247 1392
458752 1182
458753 1248
458754 1249
458755 1249
458756 1249
458757 1249
458758 1249
458759 1249
458760 1249
458761 1177
458762 1464
458763 1174
458764 1176
458765 1174
458766 1247
458767 1247
458768 1247
458769 1247
458770 1175
458771 1175
458772 1175
458773 1175
458774 1175
458775 1175
458776 1175
458777 1175
458778 1175
458779 1246
458780 1176
458781 1247
458782 1247
458783 1247
524288 1110
524289 1106
524290 1106
524291 1249
524292 1030
524293 1177
524294 1249
524295 1176
524296 1177
524297 1178
524298 1248
524299 1249
524300 1106
524301 1248
524302 1106
524303 1248
524304 1249
524305 1249
524306 1249
524307 1030
524308 1466
524309 1247
524310 1030
524311 1247
524312 1176
524313 1247
524314 1246
524315 1247
524316 1247
524317 1246
524318 1246
524319 1246
589824 748
589825 748
589826 748
589827 747
589828 748
589829 747
589830 1249
589831 1323
589832 1324
589833 1249
589834 1107
589835 1178
589836 1393
589837 1393
589838 1393
589839 1178
589840 1393
589841 1393
589842 1178
589843 1393
589844 1177
589845 1248
589846 1177
589847 239
589848 239
589849 239
589850 239
589851 239
589852 239
589853 239
589854 239
589855 239
kernel_count 49464
