0 1400
1 1392
2 1106
3 1030
4 1248
5 1248
6 1392
7 1251
8 1106
9 1247
10 1248
11 1248
12 1247
13 1248
14 1248
15 1248
16 1248
17 1248
18 1248
19 1248
20 1248
21 1248
22 1248
23 1393
24 1392
25 1106
26 1030
27 1248
28 1323
29 1248
30 1248
31 1392
65536 1254
65537 1245
65538 1176
65539 1246
65540 1247
65541 1175
65542 1246
65543 1245
65544 1176
65545 1246
65546 1175
65547 1247
65548 1246
65549 1247
65550 1175
65551 1246
65552 1174
65553 1247
65554 1175
65555 1247
65556 1247
65557 1175
65558 1175
65559 1246
65560 1176
65561 1175
65562 1247
65563 1246
65564 1247
65565 1030
65566 1175
65567 1247
131072 1181
131073 1322
131074 1177
131075 1247
131076 1248
131077 1247
131078 1246
131079 1246
131080 1247
131081 1248
131082 1322
131083 1177
131084 1248
131085 1322
131086 1322
131087 1176
131088 1247
131089 1246
131090 1176
131091 1176
131092 1247
131093 1247
131094 1247
131095 1176
131096 1247
131097 1247
131098 1246
131099 1247
131100 1104
131101 1104
131102 1247
131103 1175
196608 1182
196609 1177
196610 1176
196611 1177
196612 1176
196613 1106
196614 1249
196615 1249
196616 1249
196617 1247
196618 1249
196619 1248
196620 1178
196621 1249
196622 1248
196623 1249
196624 1178
196625 1249
196626 1177
196627 1176
196628 1106
196629 1176
196630 1105
196631 1182
196632 1253
196633 1177
196634 1177
196635 1177
196636 1249
196637 1177
196638 1538
196639 1321
262144 1330
262145 1248
262146 1321
262147 1248
262148 1322
262149 1247
262150 1246
262151 1176
262152 1247
262153 1246
262154 1247
262155 1105
262156 1105
262157 1247
262158 1105
262159 1176
262160 1175
262161 1247
262162 1246
262163 1176
262164 1247
262165 1247
262166 1247
262167 1246
262168 1174
262169 1101
262170 1175
262171 1247
262172 1247
262173 1247
262174 1247
262175 1103
327680 1257
327681 1248
327682 1248
327683 1248
327684 1247
327685 1248
327686 1247
327687 1176
327688 239
327689 239
327690 239
327691 239
327692 239
327693 239
327694 239
327695 239
327696 239
327697 239
327698 239
327699 239
327700 239
327701 239
327702 239
327703 239
327704 239
327705 239
327706 239
327707 239
327708 239
327709 239
327710 239
327711 239
kernel_count 27405
