0 1254
1 1247
2 1176
3 1247
4 1247
5 1176
6 1247
7 1247
8 1247
9 1247
10 1176
11 1246
12 1247
13 1247
14 1246
15 1247
16 1247
17 1247
18 1105
19 1246
20 1176
21 1246
22 1176
23 1247
24 1247
25 1247
26 1175
27 1247
28 1247
29 1246
30 1246
31 1246
65536 1110
65537 1177
65538 1248
65539 1176
65540 1176
65541 1248
65542 1247
65543 1248
65544 1177
65545 1177
65546 1176
65547 1176
65548 1248
65549 1248
65550 1247
65551 1246
65552 1246
65553 1246
65554 1321
65555 1177
65556 1248
65557 1248
65558 1248
65559 1248
65560 1248
65561 1392
65562 1106
65563 1392
65564 1247
65565 1247
65566 1247
65567 1247
131072 1254
131073 1176
131074 1175
131075 1175
131076 1175
131077 1175
131078 1175
131079 1176
131080 1175
131081 1247
131082 1176
131083 1246
131084 1247
131085 1105
131086 1246
131087 1247
131088 1247
131089 1105
131090 1246
131091 1176
131092 1176
131093 1104
131094 1247
131095 1247
131096 1175
131097 1104
131098 1174
131099 1246
131100 1246
131101 1247
131102 1247
131103 1247
196608 1254
196609 1249
196610 1465
196611 1249
196612 1177
196613 1249
196614 1609
196615 1249
196616 1177
196617 1465
196618 1249
196619 1177
196620 1249
196621 1248
196622 1324
196623 1248
196624 1178
196625 1248
196626 1324
196627 1468
196628 1393
196629 1177
196630 1177
196631 1247
196632 1247
196633 1393
196634 1104
196635 1246
196636 1246
196637 1103
196638 1174
196639 1175
262144 1252
262145 747
262146 1247
262147 1249
262148 1466
262149 1247
262150 1248
262151 1249
262152 1177
262153 1249
262154 1249
262155 1106
262156 1325
262157 1106
262158 1249
262159 1249
262160 1177
262161 1104
262162 1106
262163 1540
262164 1612
262165 1248
262166 1248
262167 1105
262168 1248
262169 1251
262170 1105
262171 1393
262172 1250
262173 1250
262174 1176
262175 1250
327680 748
327681 1177
327682 1248
327683 1176
327684 1177
327685 1106
327686 1248
327687 1248
327688 1106
327689 1248
327690 1248
327691 1247
327692 1106
327693 1177
327694 1322
327695 1247
327696 1247
327697 1248
327698 1247
327699 1248
327700 1251
327701 1176
327702 1247
327703 1175
327704 1247
327705 1247
327706 1105
327707 1176
327708 1176
327709 1105
327710 1030
327711 1247
393216 1330
393217 1253
393218 1177
393219 1468
393220 1248
393221 1249
393222 1249
393223 1325
393224 1248
393225 1249
393226 1395
393227 1467
393228 1177
393229 1247
393230 1248
393231 1248
393232 1106
393233 1180
393234 1322
393235 1176
393236 1247
393237 1322
393238 1176
393239 1247
393240 1247
393241 1247
393242 1247
393243 1246
393244 1247
393245 1247
393246 1246
393247 1175
458752 1254
458753 1177
458754 1249
458755 1249
458756 1249
458757 1249
458758 1249
458759 1176
458760 1177
458761 1249
458762 1248
458763 1177
458764 1248
458765 1249
458766 1393
458767 1393
458768 1393
458769 1393
458770 1393
458771 1393
458772 1393
458773 1393
458774 1393
458775 1250
458776 1393
458777 1249
458778 1249
458779 1249
458780 1248
458781 1464
458782 1247
458783 1028
524288 824
524289 747
524290 1251
524291 1251
524292 1322
524293 1030
524294 1247
524295 1247
524296 1322
524297 1251
524298 1322
524299 1030
524300 1246
524301 1246
524302 1247
524303 1247
524304 1105
524305 1105
524306 1105
524307 1176
524308 1245
524309 1030
524310 1105
524311 1247
524312 1176
524313 1247
524314 1176
524315 1247
524316 1247
524317 1247
524318 1247
524319 1103
589824 1260
589825 1328
589826 1256
589827 1248
589828 1399
589829 1176
589830 1247
589831 1325
589832 1248
589833 1679
589834 1677
589835 1680
589836 1248
589837 1248
589838 1177
589839 1247
589840 1248
589841 1248
589842 1106
589843 1176
589844 1248
589845 1322
589846 1030
589847 1247
589848 1247
589849 1247
589850 1247
589851 1247
589852 1247
589853 1247
589854 1247
589855 1103
655360 748
655361 1248
655362 1249
655363 1249
655364 1249
655365 1178
655366 1178
655367 1325
655368 1395
655369 1323
655370 1325
655371 1325
655372 1395
655373 1325
655374 1324
655375 1323
655376 1326
655377 1176
655378 1177
655379 1248
655380 1248
655381 1030
655382 239
655383 239
655384 239
655385 239
655386 239
655387 239
655388 239
655389 239
655390 239
655391 239
kernel_count 55517
