0 1181
1 1247
2 1176
3 1247
4 1176
5 1247
6 1175
7 1030
8 1248
9 1105
10 1177
11 1248
12 1248
13 1248
14 1248
15 1248
16 1248
17 1248
18 1248
19 1248
20 1248
21 1177
22 1248
23 1248
24 1248
25 1392
26 1246
27 1246
28 1246
29 1246
30 1245
31 1247
65536 1254
65537 1249
65538 1249
65539 1249
65540 1249
65541 1249
65542 1029
65543 1322
65544 1249
65545 1249
65546 963
65547 1249
65548 1248
65549 1176
65550 1249
65551 1539
65552 1322
65553 1248
65554 1180
65555 1322
65556 1322
65557 1177
65558 1177
65559 1177
65560 1180
65561 1322
65562 1248
65563 1180
65564 1176
65565 1176
65566 1176
65567 1244
131072 1110
131073 1177
131074 1249
131075 1322
131076 1251
131077 1249
131078 1249
131079 1176
131080 1249
131081 1249
131082 1249
131083 1105
131084 1177
131085 1249
131086 1106
131087 1030
131088 1394
131089 958
131090 1394
131091 1106
131092 1176
131093 1249
131094 1248
131095 1177
131096 1106
131097 958
131098 1394
131099 1394
131100 1394
131101 1175
131102 1247
131103 1175
196608 748
196609 1248
196610 1177
196611 1177
196612 1247
196613 1248
196614 1248
196615 1248
196616 1248
196617 1248
196618 1248
196619 1248
196620 1177
196621 1248
196622 1248
196623 1247
196624 1176
196625 1033
196626 1248
196627 1323
196628 1106
196629 1106
196630 1106
196631 1029
196632 1030
196633 1106
196634 1106
196635 1106
196636 1392
196637 1176
196638 1246
196639 1247
262144 1182
262145 1177
262146 1177
262147 1176
262148 1177
262149 1248
262150 1248
262151 1323
262152 1248
262153 1176
262154 1395
262155 1396
262156 1395
262157 1396
262158 1247
262159 1176
262160 1175
262161 1392
262162 1248
262163 1392
262164 1248
262165 1392
262166 1247
262167 1245
262168 1104
262169 1247
262170 1175
262171 1247
262172 1247
262173 1176
262174 1247
262175 1174
327680 1037
327681 1175
327682 1177
327683 1247
327684 1248
327685 1248
327686 1177
327687 1105
327688 1105
327689 1177
327690 1247
327691 1177
327692 959
327693 1248
327694 1251
327695 1176
327696 1176
327697 1247
327698 1176
327699 1104
327700 1176
327701 1247
327702 1247
327703 1247
327704 1246
327705 1246
327706 1246
327707 1247
327708 1246
327709 1247
327710 1247
327711 1247
393216 1473
393217 1466
393218 1248
393219 1248
393220 1248
393221 1105
393222 1030
393223 1030
393224 1030
393225 1029
393226 1323
393227 1397
393228 1247
393229 1246
393230 1175
393231 1469
393232 1540
393233 1174
393234 1174
393235 1101
393236 1175
393237 1175
393238 1174
393239 1103
393240 1246
393241 1176
393242 1245
393243 1103
393244 1245
393245 1103
393246 1174
393247 1246
458752 1186
458753 1396
458754 1393
458755 1248
458756 1248
458757 1248
458758 1176
458759 1177
458760 1105
458761 1248
458762 1248
458763 1177
458764 1248
458765 1247
458766 1323
458767 1248
458768 1106
458769 1106
458770 1106
458771 1248
458772 1248
458773 1248
458774 1467
458775 1176
458776 1246
458777 1322
458778 1105
458779 1245
458780 1247
458781 1246
458782 1176
458783 1247
524288 1254
524289 1106
524290 1177
524291 1177
524292 1249
524293 1177
524294 1248
524295 1248
524296 1249
524297 1177
524298 1249
524299 1325
524300 1249
524301 1249
524302 1249
524303 1325
524304 1249
524305 1249
524306 1248
524307 1248
524308 1249
524309 1249
524310 1248
524311 1398
524312 1106
524313 1177
524314 1464
524315 1247
524316 1247
524317 1247
524318 1321
524319 1250
589824 1110
589825 1249
589826 1249
589827 1249
589828 1106
589829 1176
589830 1248
589831 1249
589832 1248
589833 1177
589834 1681
589835 1393
589836 1176
589837 1249
589838 1249
589839 1177
589840 1178
589841 1325
589842 1397
589843 1463
589844 1247
589845 1247
589846 1247
589847 1247
589848 1247
589849 1247
589850 1175
589851 1247
589852 1176
589853 1247
589854 1247
589855 1246
655360 1182
655361 1178
655362 1615
655363 1248
655364 1249
655365 1031
655366 1105
655367 1178
655368 1178
655369 1249
655370 1248
655371 1469
655372 1178
655373 1178
655374 1178
655375 1178
655376 1248
655377 1392
655378 1249
655379 1393
655380 1176
655381 1247
655382 1248
655383 1248
655384 239
655385 239
655386 239
655387 239
655388 239
655389 239
655390 239
655391 239
kernel_count 55383
