0 1253
1 1247
2 1105
3 1247
4 1105
5 1247
6 1175
7 1246
8 1247
9 1247
10 1176
11 1247
12 1246
13 1246
14 1246
15 1105
16 1105
17 1030
18 1247
19 1246
20 1246
21 1104
22 1104
23 1176
24 1247
25 1105
26 1175
27 1176
28 1176
29 1176
30 1245
31 1173
65536 1182
65537 1249
65538 1249
65539 1249
65540 1249
65541 1249
65542 1176
65543 1613
65544 1248
65545 1249
65546 1613
65547 1106
65548 1106
65549 1106
65550 1106
65551 1106
65552 1249
65553 1249
65554 1249
65555 1248
65556 1248
65557 1613
65558 1248
65559 1248
65560 1612
65561 1249
65562 1249
65563 1393
65564 1249
65565 1249
65566 1249
65567 1464
131072 1110
131073 1177
131074 1176
131075 1393
131076 1251
131077 1393
131078 1251
131079 1177
131080 1177
131081 1248
131082 1248
131083 1177
131084 1176
131085 1176
131086 1250
131087 1175
131088 1175
131089 1251
131090 1177
131091 1176
131092 1177
131093 1106
131094 1250
131095 1105
131096 1105
131097 1247
131098 1247
131099 1247
131100 1247
131101 1176
131102 1247
131103 1247
196608 1254
196609 1324
196610 1249
196611 1178
196612 1178
196613 1249
196614 1177
196615 1177
196616 1177
196617 1249
196618 1249
196619 1248
196620 1248
196621 1248
196622 1248
196623 1248
196624 1248
196625 1248
196626 1249
196627 1248
196628 1249
196629 1249
196630 1177
196631 1248
196632 1247
196633 1394
196634 1177
196635 1249
196636 1249
196637 1249
196638 1394
196639 1175
262144 1254
262145 1249
262146 1325
262147 1398
262148 1398
262149 1326
262150 1249
262151 1324
262152 1248
262153 1324
262154 1249
262155 1106
262156 1106
262157 1249
262158 1394
262159 1465
262160 1248
262161 1248
262162 1106
262163 1248
262164 957
262165 1247
262166 1248
262167 1247
262168 1248
262169 1248
262170 1252
262171 1106
262172 1106
262173 1248
262174 1248
262175 1392
327680 1329
327681 1322
327682 1322
327683 1322
327684 1177
327685 1177
327686 1248
327687 1248
327688 1177
327689 1248
327690 1248
327691 1248
327692 1323
327693 1248
327694 1248
327695 1248
327696 1106
327697 1106
327698 1248
327699 1248
327700 1248
327701 1034
327702 1248
327703 1177
327704 1035
327705 1248
327706 1392
327707 1392
327708 1247
327709 1104
327710 1175
327711 1174
393216 1257
393217 1248
393218 1034
393219 1247
393220 1248
393221 1248
393222 1248
393223 1323
393224 1323
393225 1323
393226 1323
393227 1248
393228 1323
393229 1323
393230 1248
393231 1248
393232 1176
393233 1248
393234 1248
393235 1248
393236 1248
393237 1248
393238 1177
393239 1248
393240 1392
393241 1246
393242 1176
393243 1247
393244 1247
393245 1246
393246 1176
393247 1245
458752 1254
458753 747
458754 1249
458755 1249
458756 1249
458757 1248
458758 1176
458759 1176
458760 1029
458761 1249
458762 1248
458763 1248
458764 1175
458765 1175
458766 1249
458767 1249
458768 1176
458769 1393
458770 1393
458771 1249
458772 1249
458773 1392
458774 1393
458775 1249
458776 1249
458777 1249
458778 1249
458779 1177
458780 1249
458781 1248
458782 1177
458783 1464
524288 1253
524289 1247
524290 1106
524291 1248
524292 1248
524293 1248
524294 1251
524295 1248
524296 1247
524297 1248
524298 1251
524299 1176
524300 1250
524301 1247
524302 1175
524303 1247
524304 1175
524305 1247
524306 1247
524307 1176
524308 959
524309 1247
524310 1247
524311 1247
524312 1105
524313 1247
524314 1247
524315 1247
524316 1246
524317 1247
524318 1247
524319 1247
589824 1254
589825 1393
589826 1177
589827 1247
589828 1248
589829 1177
589830 1177
589831 1176
589832 1248
589833 1248
589834 1248
589835 1248
589836 1248
589837 1323
589838 1248
589839 1248
589840 1323
589841 1323
589842 1248
589843 1248
589844 1248
589845 1176
589846 1392
589847 1391
589848 1176
589849 1105
589850 1105
589851 1105
589852 1105
589853 1247
589854 1247
589855 1247
655360 1038
655361 1249
655362 1249
655363 1249
655364 1249
655365 1249
655366 1249
655367 1249
655368 1249
655369 1325
655370 1249
655371 1325
655372 1249
655373 1178
655374 1176
655375 1103
655376 1177
655377 1466
655378 1177
655379 1030
655380 1030
655381 1030
655382 1177
655383 1249
655384 1249
655385 1249
655386 1679
655387 1176
655388 1247
655389 1247
655390 1247
655391 1247
720896 748
720897 1106
720898 1248
720899 1249
720900 1249
720901 1248
720902 1105
720903 1248
720904 1177
720905 1249
720906 1464
720907 1248
720908 1248
720909 1248
720910 1248
720911 1323
720912 1248
720913 1177
720914 1177
720915 1247
720916 1392
720917 1246
720918 1247
720919 1247
720920 1247
720921 1247
720922 1247
720923 1247
720924 1247
720925 1176
720926 1246
720927 1246
786432 1109
786433 239
786434 239
786435 239
786436 239
786437 239
786438 239
786439 239
786440 239
786441 239
786442 239
786443 239
786444 239
786445 239
786446 239
786447 239
786448 239
786449 239
786450 239
786451 239
786452 239
786453 239
786454 239
786455 239
786456 239
786457 239
786458 239
786459 239
786460 239
786461 239
786462 239
786463 239
kernel_count 62868
