0 1252
1 1249
2 1249
3 1249
4 1325
5 1325
6 1466
7 1177
8 1608
9 1105
10 1104
11 1175
12 1176
13 1247
14 1247
15 1247
16 1247
17 1247
18 1247
19 1247
20 1247
21 1175
22 1247
23 1247
24 1247
25 1176
26 1247
27 1246
28 1176
29 1176
30 1176
31 1247
65536 1254
65537 1247
65538 1247
65539 1247
65540 1247
65541 1247
65542 1247
65543 1105
65544 1105
65545 1176
65546 1247
65547 1104
65548 1247
65549 1247
65550 1247
65551 1247
65552 1246
65553 1175
65554 1247
65555 1246
65556 1105
65557 1247
65558 1247
65559 1246
65560 1247
65561 1247
65562 1247
65563 1247
65564 1246
65565 1247
65566 1104
65567 1175
131072 1110
131073 1248
131074 1177
131075 1248
131076 1177
131077 1177
131078 1248
131079 1177
131080 1177
131081 1106
131082 1106
131083 1106
131084 1106
131085 1106
131086 1106
131087 1106
131088 1106
131089 1106
131090 1106
131091 1106
131092 1106
131093 1248
131094 1392
131095 1177
131096 1391
131097 1176
131098 1176
131099 1247
131100 1175
131101 1105
131102 1176
131103 1247
196608 1253
196609 1248
196610 1248
196611 1248
196612 1177
196613 1106
196614 1030
196615 1248
196616 1248
196617 1246
196618 1245
196619 1248
196620 1177
196621 1248
196622 1177
196623 1393
196624 1248
196625 1105
196626 1177
196627 1106
196628 1177
196629 1322
196630 1248
196631 1029
196632 1248
196633 1030
196634 1322
196635 1180
196636 1247
196637 1247
196638 1247
196639 1247
262144 1110
262145 1249
262146 1177
262147 1324
262148 1248
262149 1248
262150 1248
262151 1177
262152 1176
262153 1249
262154 1249
262155 1249
262156 1249
262157 1105
262158 1467
262159 1247
262160 1176
262161 1247
262162 1247
262163 1247
262164 1247
262165 1176
262166 1175
262167 1247
262168 1176
262169 1247
262170 1247
262171 1247
262172 1247
262173 1247
262174 1247
262175 1247
327680 1109
327681 1106
327682 1249
327683 1249
327684 1249
327685 1029
327686 1030
327687 1248
327688 1249
327689 1249
327690 1249
327691 1249
327692 1393
327693 1393
327694 1106
327695 1106
327696 1249
327697 1177
327698 1176
327699 1248
327700 1030
327701 1106
327702 1106
327703 1177
327704 1249
327705 1249
327706 1177
327707 1030
327708 1462
327709 1247
327710 1247
327711 1175
393216 1254
393217 1249
393218 1249
393219 1176
393220 1034
393221 1177
393222 1249
393223 1249
393224 1176
393225 1177
393226 1105
393227 1249
393228 1248
393229 1177
393230 1249
393231 1249
393232 1248
393233 1105
393234 1249
393235 1177
393236 1177
393237 1177
393238 1393
393239 1248
393240 1249
393241 1248
393242 1394
393243 1247
393244 1245
393245 1176
393246 1246
393247 1247
458752 1186
458753 1248
458754 1248
458755 1248
458756 1247
458757 1248
458758 1248
458759 1248
458760 1248
458761 1247
458762 1248
458763 1248
458764 1248
458765 1248
458766 1248
458767 1247
458768 1248
458769 1248
458770 1392
458771 1392
458772 1246
458773 1175
458774 1104
458775 1247
458776 1247
458777 1246
458778 1246
458779 1247
458780 1176
458781 1104
458782 1105
458783 1247
524288 1182
524289 891
524290 747
524291 963
524292 1177
524293 1248
524294 1247
524295 1246
524296 1247
524297 1176
524298 1105
524299 1248
524300 1248
524301 1177
524302 1248
524303 1177
524304 1248
524305 1391
524306 1248
524307 1248
524308 1248
524309 1247
524310 1176
524311 1248
524312 1177
524313 1176
524314 1248
524315 1248
524316 1177
524317 1392
524318 1174
524319 1174
589824 1182
589825 1249
589826 1178
589827 1178
589828 1250
589829 1178
589830 1178
589831 1251
589832 1105
589833 1106
589834 1179
589835 1179
589836 1250
589837 1395
589838 1250
589839 1250
589840 1250
589841 1177
589842 1250
589843 1250
589844 1395
589845 1248
589846 1248
589847 1249
589848 239
589849 239
589850 239
589851 239
589852 239
589853 239
589854 239
589855 239
kernel_count 49708
