0 1254
1 1246
2 1247
3 1176
4 1247
5 1175
6 1247
7 1247
8 1247
9 1247
10 1247
11 1175
12 1247
13 1247
14 1175
15 1247
16 1247
17 1247
18 1176
19 1247
20 1175
21 1247
22 1247
23 1246
24 1247
25 1176
26 1247
27 1104
28 1247
29 1175
30 1247
31 1173
65536 1254
65537 1105
65538 1177
65539 1248
65540 1247
65541 1247
65542 1248
65543 1321
65544 1247
65545 1246
65546 1248
65547 1247
65548 1177
65549 1247
65550 1106
65551 1246
65552 1248
65553 1248
65554 1248
65555 1248
65556 1105
65557 1176
65558 1177
65559 1248
65560 1177
65561 1177
65562 1248
65563 1106
65564 1176
65565 1106
65566 1248
65567 1250
131072 824
131073 1105
131074 1176
131075 1248
131076 1394
131077 1177
131078 1248
131079 1177
131080 1248
131081 1177
131082 1177
131083 1248
131084 1248
131085 1248
131086 1247
131087 1248
131088 1176
131089 1177
131090 1177
131091 1248
131092 1247
131093 1248
131094 1248
131095 1247
131096 1248
131097 1177
131098 1106
131099 1177
131100 1397
131101 1176
131102 1247
131103 1175
196608 1182
196609 1177
196610 1247
196611 1106
196612 1106
196613 1177
196614 1248
196615 1248
196616 1247
196617 1176
196618 1248
196619 1251
196620 1247
196621 1245
196622 1176
196623 1248
196624 1176
196625 1247
196626 1177
196627 1105
196628 1247
196629 1176
196630 1246
196631 1251
196632 1103
196633 1176
196634 1103
196635 1247
196636 1246
196637 1247
196638 1246
196639 1247
262144 1182
262145 1249
262146 1249
262147 1249
262148 1323
262149 1323
262150 1322
262151 668
262152 239
262153 239
262154 239
262155 239
262156 239
262157 239
262158 239
262159 239
262160 239
262161 239
262162 239
262163 239
262164 239
262165 239
262166 239
262167 239
262168 239
262169 239
262170 239
262171 239
262172 239
262173 239
262174 239
262175 239
kernel_count 22019
