0 1110
1 1106
2 1249
3 1249
4 1249
5 1393
6 1178
7 1177
8 1248
9 1248
10 1248
11 1248
12 1248
13 1247
14 1248
15 1247
16 1248
17 1248
18 1249
19 1247
20 1249
21 1464
22 1247
23 1247
24 1247
25 1246
26 1247
27 1174
28 1247
29 1247
30 1176
31 1173
65536 1254
65537 1251
65538 1178
65539 1249
65540 1249
65541 1248
65542 1249
65543 1249
65544 1249
65545 1249
65546 1249
65547 1249
65548 1030
65549 1249
65550 1249
65551 1249
65552 1249
65553 1249
65554 1249
65555 1249
65556 1177
65557 1397
65558 1398
65559 1323
65560 1251
65561 1249
65562 1394
65563 1251
65564 1105
65565 1247
65566 1171
65567 1173
131072 1254
131073 1248
131074 1249
131075 1249
131076 1177
131077 1249
131078 1249
131079 1030
131080 1324
131081 1249
131082 1249
131083 1249
131084 1324
131085 1249
131086 1249
131087 962
131088 1177
131089 1249
131090 1177
131091 1249
131092 1249
131093 1249
131094 1177
131095 1249
131096 1249
131097 1249
131098 1176
131099 1249
131100 1249
131101 1249
131102 1248
131103 1464
196608 1110
196609 1249
196610 1249
196611 1106
196612 1249
196613 1249
196614 1249
196615 1324
196616 1177
196617 1249
196618 1394
196619 1249
196620 1175
196621 1176
196622 1177
196623 1177
196624 1248
196625 1248
196626 1322
196627 1322
196628 1322
196629 1322
196630 1322
196631 1322
196632 1394
196633 1322
196634 1034
196635 1105
196636 1105
196637 1105
196638 1033
196639 1247
262144 1253
262145 1104
262146 1176
262147 1247
262148 1176
262149 1176
262150 1247
262151 1175
262152 1105
262153 1176
262154 1176
262155 887
262156 1246
262157 1105
262158 1247
262159 1105
262160 1247
262161 1247
262162 1029
262163 1103
262164 1103
262165 1103
262166 1103
262167 1103
262168 1103
262169 1103
262170 1103
262171 1103
262172 1103
262173 1103
262174 1103
262175 1103
327680 1181
327681 1249
327682 1249
327683 1177
327684 1106
327685 1249
327686 1247
327687 1106
327688 1178
327689 1177
327690 1394
327691 1248
327692 1323
327693 1249
327694 1249
327695 1394
327696 1177
327697 1249
327698 1395
327699 1393
327700 1249
327701 1177
327702 1176
327703 1176
327704 1462
327705 1247
327706 1246
327707 1247
327708 1105
327709 1246
327710 1174
327711 1174
393216 747
393217 1104
393218 1247
393219 1247
393220 1247
393221 1176
393222 1247
393223 1247
393224 1246
393225 1247
393226 1175
393227 1247
393228 1105
393229 1246
393230 1030
393231 1174
393232 1105
393233 1175
393234 1176
393235 1247
393236 1176
393237 1247
393238 1176
393239 1176
393240 1247
393241 1247
393242 1030
393243 1247
393244 1246
393245 1247
393246 1246
393247 1247
458752 1181
458753 1249
458754 1249
458755 1249
458756 1249
458757 1106
458758 1466
458759 1466
458760 1249
458761 1249
458762 1248
458763 1177
458764 1465
458765 1249
458766 1249
458767 1106
458768 1249
458769 1176
458770 1252
458771 1323
458772 1248
458773 1106
458774 1181
458775 1181
458776 1252
458777 1465
458778 1323
458779 1323
458780 1248
458781 1248
458782 1246
458783 1392
524288 746
524289 1177
524290 1245
524291 1174
524292 1248
524293 1247
524294 1177
524295 1177
524296 1177
524297 1247
524298 1248
524299 1395
524300 1327
524301 1248
524302 1177
524303 1177
524304 1177
524305 1248
524306 1247
524307 1247
524308 1248
524309 1176
524310 1177
524311 1248
524312 1248
524313 1247
524314 1177
524315 1392
524316 1247
524317 1246
524318 1391
524319 1175
589824 1181
589825 1177
589826 1248
589827 1248
589828 1248
589829 1248
589830 1248
589831 1248
589832 1248
589833 1247
589834 239
589835 239
589836 239
589837 239
589838 239
589839 239
589840 239
589841 239
589842 239
589843 239
589844 239
589845 239
589846 239
589847 239
589848 239
589849 239
589850 239
589851 239
589852 239
589853 239
589854 239
589855 239
kernel_count 48132
