0 1329
1 1248
2 1323
3 1323
4 1323
5 1323
6 1247
7 1322
8 1248
9 1176
10 1248
11 1177
12 1177
13 1176
14 1248
15 1177
16 1177
17 1176
18 1248
19 1177
20 1248
21 1248
22 1175
23 1173
24 1177
25 1176
26 1248
27 1248
28 1248
29 1177
30 1392
31 1247
65536 1254
65537 1248
65538 1394
65539 1177
65540 1248
65541 1248
65542 1248
65543 1248
65544 1248
65545 1394
65546 1177
65547 1177
65548 1248
65549 1248
65550 1106
65551 1106
65552 1176
65553 1105
65554 1177
65555 1248
65556 1320
65557 1247
65558 1247
65559 1175
65560 1175
65561 1104
65562 1247
65563 1247
65564 1247
65565 1176
65566 1247
65567 1247
131072 1181
131073 1248
131074 1177
131075 1249
131076 1249
131077 1248
131078 1248
131079 1248
131080 1176
131081 1177
131082 1248
131083 1248
131084 1177
131085 1176
131086 1249
131087 1248
131088 1249
131089 1248
131090 1249
131091 1464
131092 959
131093 1247
131094 1247
131095 1247
131096 1176
131097 1247
131098 1247
131099 1247
131100 1247
131101 1176
131102 1247
131103 1028
196608 1033
196609 1177
196610 1249
196611 1249
196612 1395
196613 1395
196614 1249
196615 1466
196616 1177
196617 1466
196618 1176
196619 1466
196620 1176
196621 1176
196622 1249
196623 1248
196624 1467
196625 1249
196626 1679
196627 1249
196628 1249
196629 1251
196630 1324
196631 1177
196632 1249
196633 1249
196634 1249
196635 1249
196636 1177
196637 1249
196638 1248
196639 1392
262144 1110
262145 1247
262146 1176
262147 1247
262148 1247
262149 1247
262150 1175
262151 1247
262152 1247
262153 1175
262154 1175
262155 1176
262156 1034
262157 1176
262158 1105
262159 1176
262160 1176
262161 1175
262162 1246
262163 1175
262164 1246
262165 1031
262166 1102
262167 1104
262168 1247
262169 1245
262170 1245
262171 1174
262172 1104
262173 1105
262174 1247
262175 1102
327680 965
327681 1247
327682 1247
327683 1175
327684 1175
327685 1246
327686 1246
327687 1246
327688 1246
327689 1247
327690 1247
327691 1247
327692 1247
327693 1177
327694 1247
327695 1248
327696 1394
327697 1177
327698 1106
327699 1248
327700 1396
327701 1248
327702 1250
327703 1247
327704 1247
327705 1247
327706 1247
327707 1246
327708 1176
327709 1247
327710 1176
327711 1247
393216 1110
393217 1248
393218 1248
393219 1248
393220 1177
393221 1033
393222 1033
393223 961
393224 1033
393225 1033
393226 961
393227 1247
393228 1393
393229 1323
393230 1247
393231 1326
393232 1393
393233 1177
393234 1176
393235 1105
393236 886
393237 886
393238 1177
393239 1245
393240 1177
393241 1177
393242 1248
393243 1251
393244 1176
393245 1176
393246 1246
393247 1246
458752 1254
458753 1541
458754 1541
458755 1249
458756 1249
458757 1249
458758 1249
458759 1249
458760 1249
458761 1104
458762 1104
458763 1104
458764 1175
458765 1248
458766 1248
458767 1249
458768 1466
458769 1539
458770 1539
458771 1249
458772 1467
458773 1539
458774 1467
458775 1467
458776 1539
458777 1247
458778 1105
458779 1246
458780 1247
458781 1247
458782 1247
458783 1245
524288 1254
524289 1247
524290 1248
524291 1247
524292 1248
524293 1322
524294 1322
524295 1322
524296 1177
524297 1247
524298 1247
524299 1251
524300 1177
524301 1177
524302 1177
524303 1177
524304 1248
524305 1106
524306 1177
524307 1247
524308 1247
524309 1322
524310 1322
524311 1105
524312 1105
524313 1105
524314 1105
524315 1105
524316 1105
524317 1247
524318 1247
524319 1175
589824 1254
589825 1394
589826 1465
589827 1464
589828 1464
589829 1105
589830 1176
589831 1106
589832 1464
589833 1249
589834 1249
589835 1177
589836 1464
589837 1248
589838 1106
589839 1248
589840 1393
589841 1248
589842 1248
589843 1320
589844 1322
589845 1321
589846 1248
589847 1320
589848 1177
589849 1248
589850 1321
589851 1175
589852 1246
589853 1248
589854 1248
589855 1322
655360 1182
655361 1249
655362 1324
655363 1324
655364 1107
655365 1324
655366 1249
655367 1247
655368 1249
655369 1177
655370 1249
655371 1177
655372 1106
655373 1106
655374 1178
655375 1106
655376 1321
655377 1247
655378 1249
655379 1248
655380 1178
655381 1393
655382 239
655383 239
655384 239
655385 239
655386 239
655387 239
655388 239
655389 239
655390 239
655391 239
kernel_count 55461
