0 1253
1 1246
2 1030
3 958
4 1247
5 1246
6 1247
7 1030
8 1246
9 1246
10 1246
11 1246
12 1246
13 1246
14 1246
15 1246
16 1246
17 1246
18 1246
19 1246
20 1247
21 1245
22 1246
23 1246
24 1246
25 1246
26 1246
27 1246
28 1246
29 1247
30 1247
31 1245
65536 1401
65537 1249
65538 1248
65539 1176
65540 1106
65541 1248
65542 1323
65543 1249
65544 1249
65545 1177
65546 1176
65547 1177
65548 1106
65549 1249
65550 1105
65551 1180
65552 1323
65553 1248
65554 1249
65555 1249
65556 1177
65557 1177
65558 1248
65559 1391
65560 1246
65561 1246
65562 1104
65563 1246
65564 1246
65565 1175
65566 1246
65567 1245
131072 1254
131073 1106
131074 1248
131075 1248
131076 1247
131077 1106
131078 1248
131079 1247
131080 1248
131081 1251
131082 1248
131083 1106
131084 1106
131085 1106
131086 1248
131087 1030
131088 1030
131089 1248
131090 1248
131091 1248
131092 1248
131093 1248
131094 1106
131095 1248
131096 1248
131097 1248
131098 1248
131099 1248
131100 1248
131101 1248
131102 1322
131103 1175
196608 748
196609 1248
196610 1248
196611 1177
196612 1177
196613 1177
196614 1248
196615 1248
196616 1177
196617 1248
196618 1248
196619 1177
196620 1177
196621 1177
196622 1177
196623 1177
196624 1248
196625 1030
196626 1247
196627 1248
196628 1248
196629 1247
196630 1248
196631 1177
196632 1248
196633 1248
196634 1105
196635 1247
196636 1248
196637 1104
196638 1104
196639 1319
262144 1113
262145 1248
262146 1249
262147 1249
262148 1249
262149 1249
262150 1249
262151 1249
262152 1030
262153 1248
262154 1248
262155 1249
262156 1249
262157 1249
262158 1249
262159 1249
262160 1177
262161 1177
262162 1177
262163 1324
262164 1177
262165 1249
262166 1177
262167 1105
262168 1466
262169 1176
262170 1247
262171 1030
262172 1247
262173 1247
262174 1247
262175 1247
327680 1182
327681 1176
327682 1393
327683 1249
327684 1249
327685 1249
327686 1105
327687 1106
327688 1323
327689 1464
327690 1465
327691 1323
327692 1176
327693 1181
327694 1394
327695 1176
327696 1249
327697 1248
327698 1177
327699 1249
327700 1176
327701 1249
327702 1249
327703 1249
327704 1106
327705 1249
327706 1324
327707 1248
327708 1392
327709 1393
327710 1463
327711 1246
393216 1109
393217 1249
393218 1178
393219 1178
393220 1249
393221 1249
393222 1465
393223 1248
393224 1106
393225 1177
393226 1248
393227 1248
393228 1177
393229 1247
393230 1248
393231 1248
393232 1177
393233 1248
393234 1177
393235 1248
393236 1247
393237 1175
393238 1247
393239 1248
393240 1248
393241 1246
393242 1247
393243 239
393244 239
393245 239
393246 239
393247 239
kernel_count 35111
