0 1254
1 1247
2 1393
3 1247
4 1248
5 1248
6 1177
7 1177
8 1177
9 1176
10 1177
11 1177
12 1177
13 1323
14 1247
15 1248
16 1106
17 1393
18 1247
19 1393
20 1175
21 1176
22 1247
23 1247
24 1247
25 1106
26 1105
27 1393
28 1392
29 1393
30 1392
31 1321
65536 1329
65537 1249
65538 892
65539 1246
65540 1248
65541 1249
65542 1249
65543 1325
65544 1324
65545 1323
65546 1248
65547 1253
65548 1177
65549 1177
65550 1177
65551 1249
65552 1249
65553 1249
65554 1249
65555 1395
65556 1470
65557 1249
65558 1540
65559 1248
65560 1106
65561 1248
65562 1541
65563 1247
65564 1175
65565 1174
65566 1174
65567 1103
131072 1110
131073 1106
131074 1177
131075 1248
131076 1248
131077 1248
131078 1176
131079 1106
131080 1177
131081 1176
131082 1248
131083 1105
131084 1248
131085 1248
131086 1248
131087 1106
131088 1394
131089 1539
131090 1248
131091 1177
131092 1177
131093 1247
131094 1177
131095 1248
131096 1177
131097 1248
131098 1177
131099 1177
131100 1248
131101 1392
131102 1392
131103 1173
196608 1473
196609 1249
196610 1176
196611 1176
196612 1177
196613 1324
196614 1324
196615 1248
196616 1177
196617 1249
196618 1249
196619 1106
196620 1249
196621 1323
196622 1324
196623 1324
196624 1249
196625 1248
196626 1249
196627 1249
196628 1249
196629 1249
196630 1324
196631 1324
196632 1177
196633 1249
196634 1249
196635 1178
196636 1178
196637 1106
196638 1462
196639 1247
262144 1254
262145 1249
262146 1106
262147 1177
262148 1177
262149 1249
262150 1030
262151 1178
262152 1178
262153 1178
262154 1465
262155 1176
262156 1177
262157 1177
262158 1106
262159 1030
262160 1030
262161 1030
262162 1030
262163 1247
262164 1469
262165 1324
262166 1397
262167 1393
262168 1323
262169 1248
262170 1177
262171 1177
262172 1106
262173 1106
262174 1392
262175 1175
327680 1254
327681 1247
327682 1249
327683 1249
327684 1249
327685 1104
327686 1106
327687 1324
327688 1104
327689 1106
327690 1324
327691 1030
327692 1249
327693 1249
327694 1465
327695 1322
327696 1322
327697 1105
327698 1176
327699 1247
327700 1246
327701 1247
327702 1105
327703 1030
327704 1029
327705 1028
327706 1028
327707 1246
327708 1245
327709 1246
327710 1245
327711 1171
393216 670
393217 671
393218 746
393219 746
393220 747
393221 892
393222 1249
393223 1107
393224 1249
393225 1248
393226 1248
393227 1470
393228 1249
393229 1323
393230 1177
393231 1248
393232 1248
393233 1248
393234 1248
393235 1105
393236 1177
393237 1248
393238 1176
393239 1104
393240 1105
393241 1177
393242 239
393243 239
393244 239
393245 239
393246 239
393247 239
kernel_count 34891
