0 1182
1 1106
2 1106
3 1249
4 1176
5 1177
6 1177
7 1249
8 1106
9 1249
10 1177
11 1177
12 1249
13 1249
14 1177
15 1463
16 1030
17 1463
18 1030
19 1030
20 1030
21 1030
22 1030
23 1177
24 1463
25 1030
26 1463
27 1105
28 1247
29 1247
30 1247
31 1247
65536 672
65537 239
65538 239
65539 239
65540 239
65541 239
65542 239
65543 239
65544 239
65545 239
65546 239
65547 239
65548 239
65549 239
65550 239
65551 239
65552 239
65553 239
65554 239
65555 239
65556 239
65557 239
65558 239
65559 239
65560 239
65561 239
65562 239
65563 239
65564 239
65565 239
65566 239
65567 239
kernel_count 5733
