0 1254
1 1106
2 1248
3 1248
4 1247
5 1252
6 1177
7 1392
8 1393
9 1029
10 1248
11 1248
12 1248
13 1248
14 1248
15 1248
16 1248
17 1248
18 1251
19 1322
20 1176
21 1247
22 1247
23 1247
24 1247
25 1246
26 1105
27 1105
28 1246
29 1105
30 1246
31 1103
65536 1253
65537 1177
65538 1247
65539 1248
65540 1248
65541 1247
65542 1393
65543 1248
65544 1248
65545 1248
65546 1176
65547 1177
65548 1106
65549 1247
65550 1248
65551 1248
65552 1248
65553 1248
65554 1248
65555 1030
65556 1106
65557 1106
65558 1177
65559 1322
65560 1247
65561 1248
65562 1029
65563 1250
65564 1247
65565 1246
65566 1175
65567 1103
131072 1110
131073 1106
131074 1177
131075 1249
131076 1249
131077 1177
131078 1177
131079 1325
131080 1248
131081 1106
131082 1105
131083 1177
131084 1106
131085 1465
131086 1466
131087 1177
131088 1176
131089 1176
131090 1395
131091 1249
131092 1248
131093 1398
131094 1249
131095 1249
131096 1249
131097 1537
131098 1247
131099 1247
131100 1247
131101 1247
131102 1245
131103 1247
196608 1037
196609 1249
196610 1249
196611 1249
196612 1248
196613 1176
196614 1322
196615 1249
196616 1248
196617 1249
196618 1249
196619 1395
196620 1465
196621 1247
196622 1175
196623 1249
196624 1248
196625 1466
196626 1177
196627 1249
196628 1467
196629 1463
196630 1249
196631 1249
196632 1324
196633 1395
196634 1394
196635 1324
196636 1324
196637 1249
196638 1249
196639 1464
262144 1253
262145 1106
262146 1177
262147 1325
262148 1325
262149 1325
262150 1395
262151 1324
262152 1248
262153 1248
262154 1105
262155 1105
262156 1249
262157 1106
262158 1541
262159 1248
262160 1470
262161 1324
262162 1249
262163 1249
262164 1249
262165 1249
262166 1468
262167 1248
262168 1466
262169 1323
262170 1468
262171 1246
262172 1247
262173 1247
262174 1247
262175 1247
327680 899
327681 747
327682 821
327683 1177
327684 1248
327685 1248
327686 1248
327687 1248
327688 1248
327689 1248
327690 1248
327691 1247
327692 1248
327693 1177
327694 1106
327695 1106
327696 1248
327697 1176
327698 1248
327699 1248
327700 1106
327701 1248
327702 1248
327703 1247
327704 1248
327705 1322
327706 1247
327707 1248
327708 1322
327709 1320
327710 1321
327711 1247
393216 1254
393217 1254
393218 822
393219 821
393220 747
393221 1249
393222 1249
393223 1249
393224 1248
393225 1030
393226 1249
393227 1249
393228 1249
393229 1106
393230 1177
393231 1249
393232 1177
393233 962
393234 891
393235 1105
393236 1106
393237 1248
393238 1538
393239 1464
393240 1463
393241 1463
393242 1463
393243 1463
393244 1030
393245 1247
393246 1247
393247 1175
458752 1253
458753 1247
458754 1248
458755 1247
458756 1031
458757 1247
458758 1247
458759 1247
458760 1248
458761 1247
458762 1247
458763 1247
458764 1248
458765 1106
458766 1249
458767 239
458768 239
458769 239
458770 239
458771 239
458772 239
458773 239
458774 239
458775 239
458776 239
458777 239
458778 239
458779 239
458780 239
458781 239
458782 239
458783 239
kernel_count 39084
