0 1110
1 1105
2 1105
3 1030
4 1175
5 1247
6 1105
7 1247
8 1247
9 1247
10 1247
11 1247
12 1176
13 1247
14 1247
15 1105
16 1247
17 1105
18 1247
19 1247
20 1247
21 1247
22 1176
23 1247
24 1176
25 1247
26 1105
27 1030
28 1174
29 1105
30 1176
31 1247
65536 1182
65537 1249
65538 1249
65539 1249
65540 1249
65541 1249
65542 1177
65543 1465
65544 1249
65545 1395
65546 1249
65547 1249
65548 1324
65549 1248
65550 1249
65551 1249
65552 1249
65553 1177
65554 1249
65555 1249
65556 1249
65557 1249
65558 1249
65559 1249
65560 1177
65561 1249
65562 1249
65563 1249
65564 1249
65565 1249
65566 1538
65567 1246
131072 1254
131073 1106
131074 1035
131075 1177
131076 1248
131077 1247
131078 1248
131079 1247
131080 1248
131081 1248
131082 1177
131083 1247
131084 1177
131085 1247
131086 1248
131087 1177
131088 1248
131089 1030
131090 1391
131091 1392
131092 1247
131093 1247
131094 1175
131095 1246
131096 1246
131097 1246
131098 1246
131099 1176
131100 1247
131101 1247
131102 1246
131103 1246
196608 1182
196609 1176
196610 1177
196611 1248
196612 1322
196613 1321
196614 1322
196615 1248
196616 1393
196617 1251
196618 1175
196619 1176
196620 1176
196621 1175
196622 1245
196623 1246
196624 1105
196625 1247
196626 1247
196627 1247
196628 1247
196629 1105
196630 1175
196631 1032
196632 1032
196633 670
196634 1176
196635 1030
196636 1176
196637 1245
196638 1175
196639 1175
262144 748
262145 1249
262146 1177
262147 1249
262148 1394
262149 1394
262150 1394
262151 1249
262152 1248
262153 1175
262154 1394
262155 1394
262156 886
262157 1030
262158 1249
262159 1248
262160 1324
262161 1249
262162 1177
262163 1249
262164 1249
262165 1249
262166 1249
262167 1248
262168 1105
262169 1249
262170 1249
262171 1324
262172 1248
262173 1248
262174 1176
262175 1390
327680 1254
327681 1177
327682 1248
327683 1178
327684 1249
327685 1177
327686 1249
327687 1177
327688 1105
327689 1248
327690 1248
327691 1248
327692 1248
327693 1177
327694 1247
327695 1249
327696 1248
327697 1247
327698 1247
327699 1249
327700 1248
327701 1248
327702 1325
327703 1326
327704 1248
327705 1248
327706 1249
327707 1251
327708 1249
327709 1464
327710 1176
327711 1247
393216 1181
393217 1465
393218 1177
393219 1324
393220 1324
393221 1106
393222 1249
393223 1249
393224 1393
393225 1248
393226 1247
393227 1248
393228 1247
393229 1248
393230 1177
393231 1248
393232 1177
393233 1247
393234 1248
393235 1031
393236 1177
393237 1248
393238 1177
393239 1248
393240 1248
393241 1248
393242 1248
393243 1176
393244 1177
393245 239
393246 239
393247 239
kernel_count 35425
