0 1253
1 1247
2 1247
3 1247
4 1029
5 1247
6 1248
7 1248
8 1247
9 1030
10 1030
11 1030
12 1247
13 1247
14 1030
15 1246
16 1247
17 1175
18 1175
19 1175
20 1248
21 1248
22 1030
23 1247
24 1177
25 1030
26 1029
27 1246
28 1177
29 1106
30 1321
31 1247
65536 748
65537 747
65538 1248
65539 1248
65540 1248
65541 1252
65542 1176
65543 1177
65544 1177
65545 1248
65546 1248
65547 1248
65548 1393
65549 1248
65550 1393
65551 1176
65552 1248
65553 1248
65554 1248
65555 1248
65556 1323
65557 1391
65558 1392
65559 1246
65560 1247
65561 1247
65562 1105
65563 1104
65564 1247
65565 1176
65566 1247
65567 1246
131072 1471
131073 1249
131074 1249
131075 1249
131076 1177
131077 1465
131078 1248
131079 1176
131080 1248
131081 1248
131082 1248
131083 1106
131084 1248
131085 1106
131086 1248
131087 1248
131088 1322
131089 1248
131090 1106
131091 1248
131092 1248
131093 1248
131094 1248
131095 1248
131096 1248
131097 1248
131098 1248
131099 1392
131100 1247
131101 1247
131102 1247
131103 1175
196608 894
196609 1323
196610 1391
196611 1247
196612 1248
196613 1248
196614 1248
196615 1248
196616 1248
196617 1248
196618 892
196619 747
196620 1177
196621 1248
196622 747
196623 1106
196624 1248
196625 1248
196626 1248
196627 1247
196628 1175
196629 1392
196630 1248
196631 1392
196632 1174
196633 1174
196634 1030
196635 1247
196636 1247
196637 1247
196638 1247
196639 1103
262144 1254
262145 1248
262146 1248
262147 1323
262148 1394
262149 1106
262150 1252
262151 1248
262152 1392
262153 1321
262154 1321
262155 1321
262156 1321
262157 1321
262158 1321
262159 1246
262160 1247
262161 1247
262162 1247
262163 1176
262164 1247
262165 1175
262166 1247
262167 1247
262168 1247
262169 1247
262170 1247
262171 1176
262172 1030
262173 1247
262174 1247
262175 1247
327680 1254
327681 1177
327682 1248
327683 1248
327684 1248
327685 1248
327686 1247
327687 1247
327688 1177
327689 1248
327690 1247
327691 1247
327692 1248
327693 1392
327694 1392
327695 1392
327696 1105
327697 1175
327698 1247
327699 1246
327700 1246
327701 1246
327702 1175
327703 1245
327704 1104
327705 1246
327706 1176
327707 1247
327708 1247
327709 1176
327710 1247
327711 1247
393216 1254
393217 1393
393218 1247
393219 1247
393220 1177
393221 1248
393222 1105
393223 1247
393224 1323
393225 1323
393226 1248
393227 1247
393228 1247
393229 1247
393230 1248
393231 1323
393232 1177
393233 1247
393234 1177
393235 1106
393236 1177
393237 1177
393238 1323
393239 1323
393240 1248
393241 1247
393242 1248
393243 1395
393244 1466
393245 1177
393246 1177
393247 1466
458752 748
458753 747
458754 1177
458755 1394
458756 1249
458757 1248
458758 1248
458759 1248
458760 1249
458761 1030
458762 1105
458763 1322
458764 1248
458765 1249
458766 1464
458767 1248
458768 1248
458769 1322
458770 1248
458771 1248
458772 1251
458773 1322
458774 1321
458775 1321
458776 1246
458777 1176
458778 1247
458779 1247
458780 1247
458781 1247
458782 1174
458783 1175
524288 1254
524289 1323
524290 1247
524291 1176
524292 1177
524293 1248
524294 1393
524295 1393
524296 1392
524297 1176
524298 1248
524299 1248
524300 1323
524301 1248
524302 1248
524303 1247
524304 1248
524305 1248
524306 1248
524307 1248
524308 1175
524309 1247
524310 1391
524311 1246
524312 1392
524313 1250
524314 1177
524315 1321
524316 1105
524317 1105
524318 1247
524319 1247
589824 1182
589825 1105
589826 1176
589827 239
589828 239
589829 239
589830 239
589831 239
589832 239
589833 239
589834 239
589835 239
589836 239
589837 239
589838 239
589839 239
589840 239
589841 239
589842 239
589843 239
589844 239
589845 239
589846 239
589847 239
589848 239
589849 239
589850 239
589851 239
589852 239
589853 239
589854 239
589855 239
kernel_count 47316
