0 1180
1 1029
2 1176
3 1176
4 1177
5 1249
6 1249
7 1248
8 1177
9 1176
10 1249
11 1249
12 1249
13 1177
14 1030
15 1177
16 1249
17 1249
18 1249
19 1249
20 1249
21 1249
22 1249
23 1249
24 1249
25 1249
26 1249
27 1249
28 1106
29 1249
30 1249
31 1464
65536 1253
65537 1251
65538 1246
65539 1246
65540 1247
65541 1247
65542 1176
65543 1247
65544 1247
65545 1246
65546 1175
65547 1247
65548 1247
65549 1175
65550 1247
65551 1247
65552 1176
65553 1030
65554 1176
65555 1247
65556 1247
65557 1247
65558 1247
65559 1247
65560 1175
65561 1246
65562 1247
65563 1247
65564 1174
65565 1173
65566 1173
65567 1173
131072 1182
131073 1177
131074 1249
131075 1249
131076 1178
131077 1248
131078 1249
131079 1177
131080 1249
131081 1249
131082 1249
131083 1249
131084 1106
131085 1035
131086 1177
131087 1248
131088 1177
131089 1466
131090 1247
131091 1248
131092 1247
131093 1247
131094 1254
131095 1248
131096 1177
131097 1248
131098 1177
131099 1248
131100 1254
131101 1247
131102 1247
131103 956
196608 1182
196609 1247
196610 1105
196611 1105
196612 1175
196613 1105
196614 1176
196615 1174
196616 1104
196617 1175
196618 1246
196619 1176
196620 1245
196621 1247
196622 1247
196623 1247
196624 1246
196625 1246
196626 1247
196627 1247
196628 1247
196629 1176
196630 1247
196631 1176
196632 1105
196633 1176
196634 1176
196635 1176
196636 1247
196637 1245
196638 1245
196639 1247
262144 1253
262145 1249
262146 1395
262147 1249
262148 1176
262149 1249
262150 1395
262151 1248
262152 1249
262153 1177
262154 1176
262155 1464
262156 1391
262157 1392
262158 1246
262159 1247
262160 1246
262161 1247
262162 1247
262163 1175
262164 1174
262165 1175
262166 1247
262167 1247
262168 1247
262169 1247
262170 1247
262171 1246
262172 1247
262173 1105
262174 1246
262175 1247
327680 1254
327681 1177
327682 1177
327683 1249
327684 1249
327685 1325
327686 1325
327687 1324
327688 1249
327689 1396
327690 1322
327691 1249
327692 1537
327693 1537
327694 1537
327695 1537
327696 1537
327697 1249
327698 1249
327699 1249
327700 1249
327701 1249
327702 1249
327703 1249
327704 1249
327705 1249
327706 1248
327707 1249
327708 1249
327709 1249
327710 1538
327711 1247
393216 1254
393217 1247
393218 1106
393219 1106
393220 1106
393221 1106
393222 1247
393223 1247
393224 1248
393225 1106
393226 1105
393227 1106
393228 1106
393229 1247
393230 1177
393231 1177
393232 1176
393233 1106
393234 1251
393235 1248
393236 1248
393237 1106
393238 1251
393239 1248
393240 1248
393241 1177
393242 1177
393243 1248
393244 1248
393245 1248
393246 1321
393247 1174
458752 1182
458753 1248
458754 1106
458755 886
458756 815
458757 815
458758 1177
458759 1106
458760 1248
458761 1248
458762 1177
458763 1247
458764 1176
458765 1176
458766 1248
458767 1248
458768 1176
458769 1030
458770 1247
458771 1174
458772 1247
458773 1174
458774 1177
458775 1177
458776 1396
458777 1175
458778 1176
458779 1247
458780 1247
458781 1176
458782 1105
458783 1247
524288 1038
524289 1250
524290 1250
524291 1250
524292 1178
524293 1178
524294 1250
524295 1249
524296 1326
524297 1326
524298 1107
524299 1325
524300 1250
524301 1250
524302 1539
524303 1178
524304 1393
524305 1248
524306 1248
524307 1247
524308 1176
524309 1247
524310 1248
524311 1248
524312 1106
524313 1248
524314 1173
524315 239
524316 239
524317 239
524318 239
524319 239
kernel_count 45416
