0 1110
1 1249
2 1176
3 1177
4 1249
5 1541
6 1106
7 1177
8 1249
9 1249
10 1248
11 1248
12 1249
13 1248
14 1253
15 1106
16 2184
17 1248
18 1247
19 1248
20 1247
21 1322
22 1251
23 1322
24 1322
25 1322
26 1248
27 1322
28 1175
29 1175
30 1247
31 1175
65536 1110
65537 747
65538 1035
65539 1106
65540 1249
65541 1106
65542 1249
65543 1394
65544 1249
65545 1248
65546 1106
65547 1176
65548 1466
65549 1249
65550 1466
65551 1464
65552 1176
65553 1247
65554 1247
65555 1247
65556 1246
65557 1247
65558 1176
65559 1105
65560 1247
65561 1247
65562 1247
65563 1246
65564 1247
65565 1247
65566 1247
65567 1247
131072 1254
131073 1249
131074 1248
131075 1177
131076 1324
131077 1687
131078 1682
131079 1248
131080 1248
131081 1248
131082 1249
131083 1325
131084 1178
131085 1249
131086 1249
131087 1106
131088 1540
131089 1249
131090 1395
131091 1176
131092 1106
131093 1248
131094 1248
131095 1247
131096 1248
131097 1247
131098 1392
131099 1247
131100 1247
131101 1247
131102 1246
131103 1247
196608 1254
196609 1248
196610 1177
196611 1106
196612 1322
196613 1177
196614 1247
196615 1248
196616 1177
196617 1106
196618 1106
196619 1247
196620 1180
196621 1248
196622 1180
196623 1248
196624 1106
196625 1106
196626 1248
196627 1248
196628 1248
196629 1106
196630 1251
196631 1248
196632 1105
196633 1251
196634 1251
196635 1176
196636 1247
196637 1104
196638 1175
196639 1103
262144 1110
262145 1393
262146 1248
262147 1323
262148 1248
262149 1248
262150 1394
262151 1176
262152 1247
262153 1247
262154 1247
262155 1247
262156 1247
262157 1246
262158 1247
262159 1176
262160 1247
262161 1105
262162 1247
262163 1247
262164 1247
262165 1105
262166 1246
262167 1247
262168 1174
262169 1176
262170 1105
262171 1030
262172 1247
262173 1030
262174 1247
262175 1028
327680 1110
327681 1107
327682 1106
327683 1396
327684 1395
327685 1395
327686 1324
327687 1396
327688 1396
327689 1395
327690 1249
327691 1397
327692 1249
327693 1249
327694 1323
327695 1249
327696 1252
327697 1248
327698 1248
327699 1176
327700 1177
327701 239
327702 239
327703 239
327704 239
327705 239
327706 239
327707 239
327708 239
327709 239
327710 239
327711 239
kernel_count 29715
