0 1253
1 1247
2 1248
3 1177
4 1248
5 1248
6 1247
7 1248
8 1177
9 1176
10 1177
11 1177
12 1176
13 1177
14 1177
15 1177
16 1176
17 1175
18 1248
19 1248
20 1247
21 891
22 1248
23 1176
24 1176
25 1248
26 1247
27 1322
28 1176
29 1175
30 1247
31 1247
65536 1329
65537 1249
65538 747
65539 963
65540 1324
65541 1248
65542 1249
65543 1249
65544 1249
65545 1395
65546 1538
65547 1249
65548 1176
65549 1248
65550 1249
65551 1249
65552 1249
65553 1106
65554 1248
65555 1177
65556 1465
65557 1248
65558 1248
65559 1322
65560 1175
65561 1105
65562 1103
65563 1246
65564 1247
65565 1247
65566 1103
65567 1103
131072 1110
131073 1248
131074 1177
131075 1177
131076 1106
131077 1177
131078 1105
131079 1030
131080 1248
131081 1248
131082 1177
131083 1248
131084 1177
131085 1177
131086 1323
131087 1176
131088 1248
131089 1176
131090 1247
131091 1323
131092 1180
131093 1322
131094 1180
131095 1181
131096 1248
131097 1393
131098 1247
131099 1250
131100 1250
131101 1321
131102 1250
131103 1247
196608 748
196609 1177
196610 1249
196611 1249
196612 1466
196613 1248
196614 1106
196615 1030
196616 1177
196617 1177
196618 1470
196619 1468
196620 1249
196621 1466
196622 1181
196623 1177
196624 1177
196625 1247
196626 1248
196627 1177
196628 1029
196629 1177
196630 1393
196631 1180
196632 1248
196633 1177
196634 1248
196635 1176
196636 1177
196637 1177
196638 1322
196639 1246
262144 1109
262145 1249
262146 1249
262147 1325
262148 1248
262149 1249
262150 1249
262151 1325
262152 1248
262153 1106
262154 1249
262155 1249
262156 1249
262157 1249
262158 1177
262159 1177
262160 1465
262161 1464
262162 1177
262163 1462
262164 1248
262165 1537
262166 1106
262167 1323
262168 1106
262169 1248
262170 1248
262171 1321
262172 1247
262173 1247
262174 1247
262175 1247
327680 748
327681 1106
327682 1466
327683 1177
327684 1323
327685 1248
327686 1322
327687 1323
327688 1322
327689 1248
327690 1247
327691 1176
327692 1247
327693 1106
327694 1247
327695 1176
327696 1106
327697 1248
327698 1106
327699 1177
327700 1177
327701 1105
327702 1246
327703 1105
327704 1393
327705 1322
327706 1393
327707 1248
327708 1248
327709 1106
327710 1322
327711 1099
393216 1107
393217 1178
393218 1249
393219 1177
393220 1251
393221 1105
393222 1251
393223 1105
393224 1177
393225 1325
393226 1106
393227 1111
393228 1182
393229 1395
393230 1175
393231 1030
393232 1177
393233 1176
393234 1177
393235 1325
393236 1106
393237 1249
393238 1106
393239 1247
393240 1464
393241 1176
393242 1324
393243 1176
393244 1248
393245 1247
393246 1322
393247 1247
458752 1553
458753 1249
458754 1325
458755 1248
458756 1176
458757 1539
458758 1825
458759 1324
458760 1466
458761 1466
458762 1248
458763 1322
458764 1248
458765 1176
458766 1176
458767 1105
458768 1398
458769 1326
458770 1104
458771 1104
458772 1248
458773 1105
458774 1175
458775 1247
458776 1249
458777 1250
458778 1247
458779 1322
458780 1248
458781 1321
458782 1322
458783 1247
524288 1254
524289 1106
524290 1035
524291 1106
524292 1035
524293 1249
524294 1249
524295 1249
524296 1248
524297 1324
524298 1392
524299 1248
524300 1249
524301 1249
524302 1177
524303 1177
524304 1249
524305 1248
524306 1248
524307 1249
524308 1249
524309 1249
524310 1248
524311 1248
524312 1249
524313 1106
524314 1105
524315 1030
524316 1106
524317 1249
524318 1249
524319 1460
589824 1329
589825 1248
589826 1248
589827 1248
589828 1323
589829 1248
589830 1248
589831 1393
589832 1248
589833 1248
589834 1177
589835 1247
589836 1175
589837 1105
589838 1248
589839 1175
589840 1029
589841 1248
589842 1030
589843 1248
589844 1106
589845 1177
589846 1322
589847 1177
589848 1393
589849 1176
589850 1177
589851 1248
589852 1248
589853 1177
589854 1176
589855 1250
655360 1473
655361 1323
655362 1248
655363 1174
655364 239
655365 239
655366 239
655367 239
655368 239
655369 239
655370 239
655371 239
655372 239
655373 239
655374 239
655375 239
655376 239
655377 239
655378 239
655379 239
655380 239
655381 239
655382 239
655383 239
655384 239
655385 239
655386 239
655387 239
655388 239
655389 239
655390 239
655391 239
kernel_count 52870
