0 1109
1 1247
2 1105
3 1247
4 1247
5 1176
6 1247
7 1247
8 1247
9 1176
10 1176
11 1247
12 1176
13 1247
14 1176
15 1176
16 1247
17 1247
18 1176
19 1247
20 1176
21 1176
22 1247
23 1247
24 1105
25 1246
26 1247
27 1105
28 1105
29 1247
30 1105
31 1246
65536 747
65537 1248
65538 1248
65539 1248
65540 1323
65541 1248
65542 1248
65543 1106
65544 1106
65545 1248
65546 1106
65547 1248
65548 1248
65549 1106
65550 1248
65551 1395
65552 1396
65553 1248
65554 1177
65555 1177
65556 1322
65557 1248
65558 1177
65559 1248
65560 1177
65561 1248
65562 1177
65563 1322
65564 1322
65565 1245
65566 1245
65567 1247
131072 1182
131073 1177
131074 1177
131075 1177
131076 1177
131077 1177
131078 1176
131079 1248
131080 1105
131081 1249
131082 1540
131083 1399
131084 1177
131085 1465
131086 1394
131087 1394
131088 1394
131089 1394
131090 1248
131091 1466
131092 1177
131093 959
131094 1248
131095 1248
131096 1248
131097 1246
131098 1322
131099 1322
131100 1247
131101 1247
131102 1246
131103 1103
196608 1254
196609 1247
196610 1248
196611 1248
196612 1248
196613 1246
196614 1248
196615 1177
196616 1248
196617 1247
196618 1177
196619 1248
196620 1247
196621 1247
196622 1247
196623 1247
196624 1176
196625 1248
196626 1248
196627 1392
196628 1174
196629 1174
196630 1174
196631 1174
196632 1174
196633 1247
196634 1246
196635 1175
196636 1104
196637 1104
196638 1247
196639 1175
262144 1038
262145 747
262146 1248
262147 1248
262148 1248
262149 1248
262150 1248
262151 1248
262152 1247
262153 1247
262154 1247
262155 1247
262156 1248
262157 1247
262158 1248
262159 1177
262160 1177
262161 1248
262162 1248
262163 1248
262164 1177
262165 1105
262166 1395
262167 1177
262168 1177
262169 1248
262170 1322
262171 1176
262172 1247
262173 1247
262174 1244
262175 1245
327680 1254
327681 1466
327682 1177
327683 1177
327684 1323
327685 1322
327686 1177
327687 1322
327688 1392
327689 1392
327690 1103
327691 1176
327692 1176
327693 1248
327694 1248
327695 1393
327696 1246
327697 1248
327698 1321
327699 1248
327700 1247
327701 1247
327702 1246
327703 1322
327704 1251
327705 1176
327706 1105
327707 1105
327708 1247
327709 1247
327710 1247
327711 1247
393216 1253
393217 1249
393218 1178
393219 1178
393220 1178
393221 1464
393222 1464
393223 1248
393224 1106
393225 1031
393226 1247
393227 1176
393228 1248
393229 1248
393230 1246
393231 1176
393232 1106
393233 1105
393234 1247
393235 1248
393236 1248
393237 1248
393238 1248
393239 1104
393240 239
393241 239
393242 239
393243 239
393244 239
393245 239
393246 239
393247 239
kernel_count 34821
