0 1182
1 1247
2 1176
3 1247
4 1247
5 1247
6 1246
7 1247
8 1247
9 1246
10 1176
11 1247
12 1247
13 1247
14 1246
15 1247
16 1247
17 1176
18 1247
19 1247
20 1247
21 1246
22 1247
23 1175
24 1246
25 1176
26 1247
27 1247
28 1247
29 1246
30 1247
31 1174
65536 748
65537 747
65538 1106
65539 1177
65540 1106
65541 1176
65542 1176
65543 1249
65544 1249
65545 1177
65546 1247
65547 1177
65548 1176
65549 1248
65550 1249
65551 1462
65552 1175
65553 1175
65554 1176
65555 1176
65556 1246
65557 1247
65558 1176
65559 1176
65560 1247
65561 1246
65562 1104
65563 1176
65564 1247
65565 1175
65566 1174
65567 1174
131072 1181
131073 1176
131074 1248
131075 1177
131076 1248
131077 1248
131078 1176
131079 1322
131080 1246
131081 1104
131082 1104
131083 1247
131084 1247
131085 1176
131086 1174
131087 1246
131088 1247
131089 1247
131090 1247
131091 1105
131092 1247
131093 1247
131094 1247
131095 1176
131096 1247
131097 1247
131098 1247
131099 1104
131100 1247
131101 1176
131102 1247
131103 1247
196608 1108
196609 1106
196610 1248
196611 959
196612 1248
196613 1248
196614 1248
196615 1247
196616 1248
196617 1248
196618 1177
196619 1177
196620 1323
196621 1323
196622 1248
196623 1177
196624 1248
196625 1248
196626 1248
196627 1248
196628 1248
196629 1248
196630 1247
196631 1247
196632 1177
196633 1105
196634 1176
196635 1177
196636 1392
196637 1321
196638 1245
196639 1103
262144 1254
262145 1176
262146 1249
262147 1249
262148 1176
262149 1249
262150 1249
262151 1177
262152 1324
262153 1324
262154 1249
262155 1249
262156 1249
262157 1106
262158 1248
262159 1176
262160 1248
262161 1249
262162 1249
262163 1248
262164 1249
262165 1249
262166 1176
262167 1462
262168 1464
262169 1174
262170 1175
262171 1174
262172 1175
262173 1174
262174 1175
262175 1174
327680 1254
327681 1249
327682 1106
327683 1323
327684 1323
327685 1175
327686 1175
327687 1175
327688 1466
327689 1467
327690 1248
327691 1175
327692 1033
327693 960
327694 1175
327695 1104
327696 1175
327697 1175
327698 1245
327699 1175
327700 1247
327701 1176
327702 1248
327703 1248
327704 1247
327705 1177
327706 1251
327707 1247
327708 1246
327709 1247
327710 1247
327711 1247
393216 1253
393217 1248
393218 1248
393219 1248
393220 1247
393221 1468
393222 1177
393223 1176
393224 1247
393225 1323
393226 1176
393227 1033
393228 892
393229 892
393230 892
393231 1248
393232 1177
393233 1248
393234 1248
393235 1177
393236 1177
393237 1177
393238 1251
393239 1176
393240 1106
393241 1394
393242 1105
393243 1247
393244 1176
393245 1176
393246 1247
393247 1175
458752 748
458753 1177
458754 1248
458755 1248
458756 1177
458757 1248
458758 1248
458759 1247
458760 1248
458761 1248
458762 1248
458763 1248
458764 1248
458765 1176
458766 1177
458767 1248
458768 1248
458769 1248
458770 1248
458771 1248
458772 1247
458773 1248
458774 1248
458775 1177
458776 1034
458777 1177
458778 1248
458779 1248
458780 1248
458781 1248
458782 1176
458783 1392
524288 1110
524289 1106
524290 1177
524291 1465
524292 1248
524293 1465
524294 1323
524295 1465
524296 1248
524297 1465
524298 1248
524299 1322
524300 1176
524301 1177
524302 1177
524303 1176
524304 1177
524305 1177
524306 1176
524307 1177
524308 1105
524309 1177
524310 1105
524311 1106
524312 1247
524313 1106
524314 1030
524315 1177
524316 1248
524317 1392
524318 1245
524319 1245
589824 1110
589825 1248
589826 1177
589827 1176
589828 1247
589829 1248
589830 1248
589831 1248
589832 1106
589833 1394
589834 1394
589835 1248
589836 1248
589837 1177
589838 1248
589839 1394
589840 1471
589841 1247
589842 1248
589843 1248
589844 1247
589845 1393
589846 1248
589847 1247
589848 1248
589849 1177
589850 1176
589851 1177
589852 1105
589853 1248
589854 1177
589855 1322
655360 1182
655361 1395
655362 1325
655363 1468
655364 1395
655365 1248
655366 1324
655367 1465
655368 1177
655369 1248
655370 1247
655371 1248
655372 1176
655373 1248
655374 1247
655375 962
655376 1248
655377 1392
655378 1177
655379 1392
655380 1177
655381 1247
655382 1247
655383 1248
655384 1397
655385 1247
655386 1248
655387 1247
655388 1248
655389 1248
655390 1465
655391 1247
720896 1254
720897 1249
720898 1249
720899 1249
720900 1254
720901 1249
720902 1107
720903 1248
720904 1249
720905 1249
720906 1248
720907 1106
720908 1105
720909 1177
720910 1177
720911 1178
720912 1325
720913 1107
720914 1248
720915 1248
720916 1248
720917 1177
720918 1536
720919 1175
720920 239
720921 239
720922 239
720923 239
720924 239
720925 239
720926 239
720927 239
kernel_count 60253
