0 1254
1 1249
2 1249
3 1323
4 1177
5 1251
6 1106
7 1249
8 1249
9 1248
10 1249
11 1249
12 1249
13 1249
14 1249
15 1249
16 1249
17 1177
18 1178
19 1029
20 1249
21 1393
22 1177
23 1463
24 1248
25 1106
26 1463
27 1247
28 1246
29 1175
30 1175
31 1028
65536 1254
65537 1247
65538 1248
65539 1245
65540 1029
65541 239
65542 239
65543 239
65544 239
65545 239
65546 239
65547 239
65548 239
65549 239
65550 239
65551 239
65552 239
65553 239
65554 239
65555 239
65556 239
65557 239
65558 239
65559 239
65560 239
65561 239
65562 239
65563 239
65564 239
65565 239
65566 239
65567 239
kernel_count 6544
