0 1034
1 1246
2 1105
3 1175
4 1247
5 1247
6 1175
7 1247
8 1246
9 1247
10 1105
11 1246
12 1176
13 1247
14 1247
15 1105
16 1247
17 1247
18 1246
19 1246
20 1176
21 1247
22 1175
23 1247
24 1247
25 1175
26 1247
27 1246
28 1247
29 887
30 1247
31 1247
65536 1254
65537 1247
65538 1248
65539 1248
65540 1248
65541 1248
65542 1247
65543 1247
65544 1247
65545 1247
65546 1247
65547 1391
65548 1391
65549 1391
65550 1247
65551 1247
65552 1105
65553 1103
65554 1104
65555 1175
65556 1246
65557 1247
65558 1247
65559 1247
65560 1176
65561 1247
65562 1247
65563 1247
65564 1247
65565 1103
65566 1103
65567 1175
131072 1181
131073 1177
131074 1106
131075 1177
131076 1248
131077 1248
131078 1177
131079 1248
131080 1176
131081 1248
131082 1176
131083 1177
131084 1252
131085 1177
131086 1392
131087 1392
131088 1177
131089 1248
131090 1106
131091 1106
131092 1177
131093 1177
131094 1177
131095 1177
131096 1177
131097 1104
131098 1319
131099 1391
131100 1319
131101 1176
131102 1247
131103 1246
196608 1254
196609 1247
196610 1247
196611 1176
196612 1247
196613 1246
196614 1247
196615 1247
196616 1247
196617 1247
196618 1105
196619 1247
196620 1247
196621 1176
196622 1246
196623 1247
196624 1030
196625 1176
196626 1176
196627 1176
196628 1176
196629 1176
196630 1247
196631 1247
196632 1247
196633 1247
196634 1247
196635 1247
196636 1247
196637 1246
196638 1247
196639 1247
262144 748
262145 747
262146 746
262147 747
262148 747
262149 747
262150 747
262151 747
262152 747
262153 892
262154 1248
262155 1249
262156 1248
262157 1249
262158 1249
262159 1178
262160 1248
262161 1249
262162 1249
262163 1106
262164 1537
262165 1538
262166 1248
262167 1323
262168 1322
262169 1323
262170 1323
262171 1247
262172 1104
262173 1462
262174 1462
262175 1321
327680 1109
327681 1176
327682 1176
327683 1176
327684 1176
327685 1176
327686 1104
327687 1177
327688 1325
327689 1249
327690 1106
327691 1248
327692 1105
327693 1176
327694 1466
327695 1106
327696 1248
327697 1247
327698 890
327699 1397
327700 1247
327701 1252
327702 1248
327703 1252
327704 1248
327705 1248
327706 1246
327707 1392
327708 1321
327709 1246
327710 1176
327711 1247
393216 1254
393217 1106
393218 1106
393219 1248
393220 1248
393221 1176
393222 1248
393223 1105
393224 1250
393225 1247
393226 1250
393227 1177
393228 1106
393229 1176
393230 1177
393231 1248
393232 1248
393233 1248
393234 1106
393235 1248
393236 1248
393237 1106
393238 1248
393239 1177
393240 1248
393241 1322
393242 1177
393243 1322
393244 1105
393245 1250
393246 1175
393247 1175
458752 1401
458753 1465
458754 1176
458755 1248
458756 1248
458757 1176
458758 1248
458759 1248
458760 1106
458761 1106
458762 1106
458763 1248
458764 1248
458765 1394
458766 1247
458767 1248
458768 1247
458769 1324
458770 1469
458771 1253
458772 1323
458773 1248
458774 1469
458775 1322
458776 1104
458777 1175
458778 1175
458779 1175
458780 1175
458781 1175
458782 1028
458783 1028
524288 672
524289 671
524290 671
524291 671
524292 1035
524293 1248
524294 1249
524295 1030
524296 1030
524297 1176
524298 1030
524299 1394
524300 1030
524301 1030
524302 1177
524303 1248
524304 1465
524305 1248
524306 1248
524307 1030
524308 1029
524309 1246
524310 1251
524311 1247
524312 1104
524313 1247
524314 1247
524315 1176
524316 1247
524317 1247
524318 1176
524319 1247
589824 1110
589825 1177
589826 1393
589827 1393
589828 1463
589829 1177
589830 1177
589831 1105
589832 1248
589833 1248
589834 1030
589835 1248
589836 1247
589837 1248
589838 1248
589839 1321
589840 1105
589841 1105
589842 1247
589843 1392
589844 1030
589845 1105
589846 1247
589847 1247
589848 1246
589849 1176
589850 1247
589851 1175
589852 1176
589853 1176
589854 1176
589855 1246
655360 1182
655361 1248
655362 1249
655363 1247
655364 1249
655365 1323
655366 1465
655367 1248
655368 1464
655369 1248
655370 1248
655371 1106
655372 1106
655373 1106
655374 1393
655375 1323
655376 1252
655377 1248
655378 1248
655379 1393
655380 1176
655381 1177
655382 1393
655383 1177
655384 1248
655385 1248
655386 1248
655387 1248
655388 1177
655389 1247
655390 1105
655391 1250
720896 1330
720897 1248
720898 1030
720899 1249
720900 1248
720901 1177
720902 1178
720903 1395
720904 1395
720905 1178
720906 1178
720907 1249
720908 1249
720909 1249
720910 1031
720911 1177
720912 1324
720913 1325
720914 1395
720915 1249
720916 1177
720917 1323
720918 1252
720919 1177
720920 1176
720921 1466
720922 1176
720923 1248
720924 239
720925 239
720926 239
720927 239
kernel_count 59994
