0 1253
1 1247
2 1247
3 1247
4 1176
5 1247
6 1245
7 1247
8 1246
9 1247
10 1246
11 1247
12 1246
13 1247
14 1247
15 1247
16 1246
17 1246
18 1247
19 1247
20 1247
21 1246
22 1247
23 1246
24 1247
25 1247
26 1246
27 1246
28 1246
29 1247
30 1247
31 1172
65536 893
65537 1176
65538 1177
65539 1177
65540 1248
65541 1248
65542 1248
65543 1106
65544 1327
65545 1326
65546 1033
65547 1248
65548 1397
65549 1247
65550 1248
65551 1247
65552 1177
65553 1176
65554 1176
65555 1177
65556 1248
65557 1177
65558 1030
65559 1252
65560 1247
65561 1176
65562 1397
65563 1397
65564 1248
65565 1392
65566 1321
65567 1247
131072 1254
131073 1248
131074 1249
131075 1322
131076 1323
131077 1323
131078 1249
131079 1323
131080 1323
131081 1323
131082 1249
131083 1249
131084 1249
131085 1249
131086 1249
131087 1249
131088 1177
131089 1249
131090 1394
131091 1394
131092 1247
131093 1246
131094 1246
131095 1246
131096 1247
131097 1247
131098 1246
131099 1030
131100 1030
131101 1030
131102 1247
131103 1103
196608 1182
196609 1177
196610 1248
196611 1247
196612 1247
196613 1247
196614 1248
196615 1106
196616 1248
196617 1106
196618 1106
196619 1248
196620 1248
196621 1251
196622 1174
196623 1247
196624 1247
196625 1247
196626 1247
196627 962
196628 1247
196629 1247
196630 1247
196631 1247
196632 1247
196633 1247
196634 1246
196635 1105
196636 1105
196637 1247
196638 1246
196639 1175
262144 1254
262145 1323
262146 1177
262147 1177
262148 1106
262149 1463
262150 1247
262151 1176
262152 1247
262153 1246
262154 1247
262155 1246
262156 1246
262157 1247
262158 1247
262159 1247
262160 1176
262161 1176
262162 1176
262163 1105
262164 1176
262165 1176
262166 1176
262167 1247
262168 1247
262169 1175
262170 1247
262171 1175
262172 1176
262173 1247
262174 1247
262175 1175
327680 1332
327681 1249
327682 1397
327683 1328
327684 1176
327685 1249
327686 1249
327687 1249
327688 1608
327689 1176
327690 1248
327691 1247
327692 1029
327693 1029
327694 1030
327695 1248
327696 1248
327697 1248
327698 1034
327699 1034
327700 1176
327701 1247
327702 1030
327703 1246
327704 1106
327705 1029
327706 1029
327707 1248
327708 1392
327709 1247
327710 1247
327711 1247
393216 1182
393217 1175
393218 1175
393219 1248
393220 1177
393221 1249
393222 1177
393223 1177
393224 1249
393225 1182
393226 1609
393227 1105
393228 1177
393229 1177
393230 959
393231 1322
393232 1248
393233 1251
393234 1247
393235 1247
393236 1247
393237 1247
393238 1247
393239 1247
393240 1246
393241 1246
393242 1246
393243 1176
393244 1246
393245 1104
393246 1247
393247 1247
458752 1110
458753 1106
458754 1106
458755 1247
458756 1247
458757 1246
458758 1175
458759 1246
458760 1248
458761 1247
458762 1248
458763 1248
458764 1248
458765 1176
458766 1248
458767 1106
458768 1030
458769 1393
458770 1248
458771 1248
458772 1321
458773 1248
458774 1248
458775 1248
458776 1247
458777 1176
458778 1248
458779 1247
458780 1322
458781 1322
458782 1322
458783 1247
524288 1254
524289 1248
524290 1176
524291 1248
524292 1248
524293 1248
524294 1106
524295 1106
524296 1106
524297 958
524298 1106
524299 1105
524300 1248
524301 1176
524302 1248
524303 1106
524304 1248
524305 1248
524306 1248
524307 1177
524308 1177
524309 1176
524310 1177
524311 1322
524312 1248
524313 1247
524314 1247
524315 1177
524316 1176
524317 1248
524318 1247
524319 1322
589824 1114
589825 1110
589826 1323
589827 1248
589828 1248
589829 1248
589830 1247
589831 1248
589832 1248
589833 1248
589834 1247
589835 1248
589836 1249
589837 239
589838 239
589839 239
589840 239
589841 239
589842 239
589843 239
589844 239
589845 239
589846 239
589847 239
589848 239
589849 239
589850 239
589851 239
589852 239
589853 239
589854 239
589855 239
kernel_count 48465
