0 1254
1 1248
2 1248
3 1248
4 1179
5 1180
6 1247
7 1322
8 1180
9 1247
10 1247
11 1247
12 1247
13 1247
14 1247
15 1175
16 1247
17 1247
18 1246
19 1245
20 1175
21 1247
22 1247
23 1245
24 1246
25 1175
26 1247
27 1247
28 1245
29 1246
30 1247
31 1247
65536 1253
65537 1248
65538 1248
65539 1248
65540 1177
65541 1247
65542 1391
65543 1392
65544 1176
65545 1247
65546 1247
65547 1247
65548 1176
65549 1104
65550 1175
65551 1105
65552 1247
65553 1246
65554 1105
65555 1247
65556 1246
65557 1176
65558 1247
65559 1176
65560 1247
65561 1247
65562 1247
65563 1176
65564 1247
65565 1176
65566 1176
65567 1175
131072 1181
131073 1249
131074 1249
131075 1249
131076 1176
131077 1249
131078 1249
131079 1249
131080 1178
131081 1249
131082 1249
131083 1249
131084 1248
131085 1248
131086 1249
131087 1249
131088 1248
131089 1249
131090 1177
131091 1248
131092 1248
131093 1249
131094 1249
131095 1248
131096 1178
131097 1177
131098 1463
131099 1247
131100 1245
131101 1247
131102 1175
131103 1175
196608 1254
196609 1247
196610 745
196611 1247
196612 1247
196613 1247
196614 1176
196615 1246
196616 1247
196617 1176
196618 1176
196619 1247
196620 1247
196621 1247
196622 1246
196623 1247
196624 1105
196625 1105
196626 1247
196627 1247
196628 1032
196629 1176
196630 1176
196631 1176
196632 1175
196633 1247
196634 1247
196635 1247
196636 1247
196637 1247
196638 1247
196639 1174
262144 1254
262145 1465
262146 1249
262147 1249
262148 1324
262149 1324
262150 1249
262151 1465
262152 1465
262153 1176
262154 1176
262155 1250
262156 1250
262157 1177
262158 1322
262159 1105
262160 1248
262161 1176
262162 1248
262163 1392
262164 1392
262165 1392
262166 1247
262167 1322
262168 1322
262169 1322
262170 1247
262171 1247
262172 1246
262173 1176
262174 1246
262175 1172
327680 1110
327681 1106
327682 1249
327683 1248
327684 1461
327685 1176
327686 1106
327687 1177
327688 1177
327689 1463
327690 1249
327691 1249
327692 1249
327693 1248
327694 1249
327695 1464
327696 1462
327697 1248
327698 1464
327699 1462
327700 1248
327701 1105
327702 1248
327703 1248
327704 1106
327705 1248
327706 1177
327707 1392
327708 1174
327709 1245
327710 1247
327711 1103
393216 748
393217 962
393218 1322
393219 1398
393220 1177
393221 1104
393222 1104
393223 1103
393224 1247
393225 1247
393226 1176
393227 1104
393228 1104
393229 1321
393230 1176
393231 1392
393232 1177
393233 1248
393234 1248
393235 1248
393236 1394
393237 1323
393238 1248
393239 1247
393240 1177
393241 1105
393242 1176
393243 1248
393244 1466
393245 1176
393246 1247
393247 1245
458752 1253
458753 1247
458754 1246
458755 1104
458756 1247
458757 1247
458758 1246
458759 1246
458760 1247
458761 1247
458762 1247
458763 1246
458764 1246
458765 1247
458766 1246
458767 1105
458768 1105
458769 1105
458770 1029
458771 1175
458772 1105
458773 1104
458774 1247
458775 1176
458776 1105
458777 1105
458778 1105
458779 1176
458780 1247
458781 1247
458782 1103
458783 1103
524288 1254
524289 1105
524290 1177
524291 1248
524292 1248
524293 1248
524294 1393
524295 1248
524296 1176
524297 1248
524298 1248
524299 1247
524300 1321
524301 1106
524302 1106
524303 1248
524304 1248
524305 1248
524306 1247
524307 1248
524308 1320
524309 1248
524310 1248
524311 1177
524312 1322
524313 1247
524314 1246
524315 1105
524316 1247
524317 1247
524318 1247
524319 1247
589824 1254
589825 1106
589826 1177
589827 1249
589828 1469
589829 1470
589830 1182
589831 1176
589832 1398
589833 1249
589834 1249
589835 1176
589836 1248
589837 1321
589838 1030
589839 1178
589840 1462
589841 1392
589842 1105
589843 1105
589844 1104
589845 1104
589846 1105
589847 1247
589848 1247
589849 1175
589850 1247
589851 1247
589852 1176
589853 1247
589854 1247
589855 1175
655360 748
655361 748
655362 1036
655363 1466
655364 1249
655365 1249
655366 1250
655367 1177
655368 1178
655369 1393
655370 812
655371 813
655372 239
655373 239
655374 239
655375 239
655376 239
655377 239
655378 239
655379 239
655380 239
655381 239
655382 239
655383 239
655384 239
655385 239
655386 239
655387 239
655388 239
655389 239
655390 239
655391 239
kernel_count 53468
