0 1181
1 1176
2 1249
3 1177
4 1249
5 1249
6 1249
7 1253
8 1106
9 1109
10 1106
11 1106
12 1182
13 1252
14 1106
15 1109
16 1106
17 1106
18 1182
19 1323
20 1325
21 1105
22 1176
23 1106
24 1177
25 1249
26 1394
27 1394
28 1248
29 1394
30 1175
31 1175
65536 747
65537 822
65538 1181
65539 1106
65540 1248
65541 1248
65542 1247
65543 1106
65544 1248
65545 1247
65546 1248
65547 1247
65548 1248
65549 1248
65550 1106
65551 1248
65552 1176
65553 1177
65554 1248
65555 1247
65556 1248
65557 1247
65558 1248
65559 1248
65560 1248
65561 1392
65562 1176
65563 1176
65564 1247
65565 1247
65566 1247
65567 1175
131072 1182
131073 1177
131074 1248
131075 1393
131076 1321
131077 1105
131078 1246
131079 1247
131080 1176
131081 1247
131082 1175
131083 1247
131084 1247
131085 1247
131086 1247
131087 1105
131088 1246
131089 1246
131090 1104
131091 1247
131092 1247
131093 1104
131094 1246
131095 1246
131096 1104
131097 1247
131098 1176
131099 1176
131100 1247
131101 1176
131102 1105
131103 1246
196608 747
196609 746
196610 747
196611 747
196612 1106
196613 1248
196614 1106
196615 1248
196616 1248
196617 1106
196618 1248
196619 1176
196620 1248
196621 1321
196622 1248
196623 1320
196624 1176
196625 1105
196626 1247
196627 1247
196628 1105
196629 1176
196630 1030
196631 1105
196632 1175
196633 1247
196634 1247
196635 1104
196636 1030
196637 1175
196638 1176
196639 1247
262144 747
262145 1249
262146 1325
262147 1177
262148 1177
262149 1249
262150 1178
262151 1177
262152 1249
262153 1177
262154 1248
262155 1177
262156 1249
262157 1325
262158 1249
262159 1249
262160 1325
262161 1177
262162 1030
262163 1249
262164 1249
262165 1178
262166 1182
262167 1396
262168 1396
262169 1396
262170 1394
262171 1392
262172 1608
262173 1608
262174 1105
262175 1247
327680 1182
327681 1177
327682 1249
327683 1249
327684 1249
327685 1248
327686 1248
327687 1177
327688 1176
327689 1324
327690 1176
327691 1324
327692 1248
327693 1177
327694 1249
327695 1248
327696 1323
327697 1178
327698 1249
327699 1104
327700 1104
327701 1104
327702 1177
327703 1249
327704 1249
327705 1247
327706 1464
327707 1465
327708 1394
327709 1394
327710 1247
327711 1174
393216 1038
393217 1248
393218 1248
393219 1251
393220 1175
393221 1180
393222 1176
393223 1105
393224 1180
393225 1248
393226 1177
393227 1247
393228 1246
393229 1105
393230 1105
393231 1105
393232 1247
393233 1248
393234 1177
393235 1248
393236 1248
393237 1322
393238 1322
393239 1250
393240 1247
393241 1322
393242 1177
393243 1248
393244 1248
393245 1321
393246 1174
393247 1174
458752 1400
458753 1469
458754 1395
458755 1253
458756 1466
458757 1248
458758 1327
458759 1469
458760 1105
458761 1249
458762 1394
458763 1176
458764 1248
458765 1181
458766 1468
458767 1468
458768 1034
458769 1392
458770 1176
458771 1392
458772 1105
458773 1247
458774 1105
458775 1176
458776 1247
458777 1247
458778 1176
458779 1176
458780 1247
458781 1247
458782 1247
458783 1247
524288 1254
524289 1248
524290 1248
524291 1248
524292 1247
524293 1175
524294 1176
524295 1176
524296 1248
524297 1177
524298 1105
524299 1177
524300 1248
524301 1248
524302 1248
524303 1393
524304 1177
524305 1177
524306 1248
524307 1251
524308 1322
524309 1248
524310 1176
524311 1248
524312 1177
524313 1248
524314 1247
524315 1248
524316 1177
524317 1322
524318 1176
524319 1247
589824 1110
589825 1178
589826 1178
589827 1178
589828 1178
589829 1178
589830 1250
589831 1178
589832 1178
589833 1178
589834 1250
589835 1250
589836 1178
589837 1178
589838 1250
589839 1107
589840 1178
589841 1464
589842 1249
589843 1178
589844 1106
589845 1249
589846 1249
589847 1249
589848 1249
589849 1249
589850 1322
589851 1176
589852 1248
589853 1103
589854 239
589855 239
kernel_count 50753
