0 1182
1 1176
2 1176
3 1176
4 1246
5 1247
6 1176
7 1176
8 1176
9 1176
10 1247
11 1246
12 1247
13 1247
14 1247
15 1247
16 1246
17 1247
18 1247
19 1247
20 1247
21 1247
22 1247
23 1247
24 1247
25 1247
26 1247
27 1247
28 1247
29 1247
30 1175
31 1175
65536 1254
65537 1249
65538 1248
65539 1177
65540 1249
65541 1249
65542 1249
65543 1249
65544 1248
65545 1249
65546 1249
65547 1249
65548 1249
65549 1177
65550 1177
65551 1249
65552 1175
65553 1175
65554 1175
65555 1175
65556 1249
65557 1249
65558 1249
65559 1106
65560 963
65561 1177
65562 1249
65563 1463
65564 1177
65565 1464
65566 1176
65567 1247
131072 1254
131073 1176
131074 1176
131075 1392
131076 1467
131077 1467
131078 1466
131079 1249
131080 1248
131081 1248
131082 1248
131083 1249
131084 1249
131085 1249
131086 1249
131087 1107
131088 1107
131089 1178
131090 1249
131091 1107
131092 1393
131093 1248
131094 1393
131095 1249
131096 1178
131097 1249
131098 1248
131099 1394
131100 239
131101 239
131102 239
131103 239
kernel_count 14996
