0 1330
1 1322
2 1248
3 1322
4 1177
5 1248
6 1322
7 1177
8 1248
9 1322
10 1322
11 1248
12 1322
13 1177
14 1248
15 1322
16 1177
17 1248
18 1322
19 1251
20 1247
21 1247
22 1247
23 1247
24 1246
25 1105
26 1247
27 1247
28 1246
29 1247
30 1245
31 1175
65536 1038
65537 1248
65538 1248
65539 1246
65540 1247
65541 1247
65542 1247
65543 1034
65544 1248
65545 1176
65546 1176
65547 1248
65548 1248
65549 1322
65550 1251
65551 1251
65552 1177
65553 1105
65554 1177
65555 1177
65556 1106
65557 1106
65558 1106
65559 1248
65560 1248
65561 1177
65562 1248
65563 1177
65564 1321
65565 1246
65566 1104
65567 1175
131072 1254
131073 1247
131074 1247
131075 1247
131076 1247
131077 1176
131078 1176
131079 1176
131080 1105
131081 1247
131082 1247
131083 1247
131084 1247
131085 1247
131086 1246
131087 1246
131088 1247
131089 1175
131090 1247
131091 1175
131092 1247
131093 1245
131094 1176
131095 1246
131096 1245
131097 1174
131098 1176
131099 1247
131100 1032
131101 960
131102 960
131103 1175
196608 1475
196609 1538
196610 1539
196611 1176
196612 1249
196613 1249
196614 1249
196615 1249
196616 1106
196617 1249
196618 1177
196619 1468
196620 1539
196621 1539
196622 1176
196623 1248
196624 1248
196625 1248
196626 1248
196627 1177
196628 1247
196629 1248
196630 1247
196631 1176
196632 1391
196633 1248
196634 1177
196635 1247
196636 1176
196637 1248
196638 1392
196639 1247
262144 1182
262145 1177
262146 1106
262147 1177
262148 1106
262149 1177
262150 1177
262151 1177
262152 1177
262153 1177
262154 1251
262155 1321
262156 1106
262157 1247
262158 1247
262159 1248
262160 1247
262161 1248
262162 1248
262163 1177
262164 1105
262165 1248
262166 1105
262167 1177
262168 1248
262169 1106
262170 1177
262171 1248
262172 1177
262173 1177
262174 1250
262175 1247
327680 1254
327681 1106
327682 1105
327683 1177
327684 1106
327685 1250
327686 1177
327687 1322
327688 1176
327689 1104
327690 1176
327691 1176
327692 1105
327693 1175
327694 1247
327695 1247
327696 1247
327697 1176
327698 1176
327699 1247
327700 1246
327701 1175
327702 1247
327703 1247
327704 1247
327705 1247
327706 1246
327707 1247
327708 1246
327709 1246
327710 1246
327711 1247
393216 1254
393217 1106
393218 1325
393219 1106
393220 1106
393221 1106
393222 1398
393223 1255
393224 1398
393225 1398
393226 1326
393227 1106
393228 1464
393229 1247
393230 1247
393231 1247
393232 1247
393233 1247
393234 1176
393235 1105
393236 1246
393237 1246
393238 1246
393239 1247
393240 1030
393241 1247
393242 1246
393243 1246
393244 1176
393245 1247
393246 1247
393247 1173
458752 1252
458753 1393
458754 1393
458755 1248
458756 1248
458757 1248
458758 1030
458759 1248
458760 1030
458761 1248
458762 1248
458763 1177
458764 1106
458765 1323
458766 1248
458767 1176
458768 1323
458769 1248
458770 1247
458771 1248
458772 1176
458773 1176
458774 1106
458775 1392
458776 1392
458777 1249
458778 1249
458779 1249
458780 1249
458781 1249
458782 1249
458783 1319
524288 1254
524289 1248
524290 1249
524291 1248
524292 1176
524293 1247
524294 1248
524295 1248
524296 1248
524297 1247
524298 1248
524299 1395
524300 1395
524301 1249
524302 1465
524303 1464
524304 1393
524305 1394
524306 1249
524307 1394
524308 1464
524309 1247
524310 1247
524311 1247
524312 1392
524313 1321
524314 1392
524315 1392
524316 1323
524317 1032
524318 1174
524319 1097
589824 1253
589825 1681
589826 1177
589827 1249
589828 1249
589829 1249
589830 1177
589831 1106
589832 1609
589833 1248
589834 1104
589835 1321
589836 1177
589837 1248
589838 1177
589839 1323
589840 1321
589841 1394
589842 1393
589843 1247
589844 1246
589845 1247
589846 1176
589847 1175
589848 1247
589849 1247
589850 1104
589851 1105
589852 1034
589853 1176
589854 1247
589855 1247
655360 1254
655361 1031
655362 1177
655363 1031
655364 1250
655365 1395
655366 1248
655367 1248
655368 1248
655369 1250
655370 1540
655371 1395
655372 1611
655373 1178
655374 1249
655375 1323
655376 1031
655377 1178
655378 1178
655379 1249
655380 1394
655381 1249
655382 1393
655383 1249
655384 1393
655385 1249
655386 1393
655387 1323
655388 1249
655389 1323
655390 1249
655391 239
kernel_count 56972
