0 1254
1 1249
2 1249
3 1248
4 1249
5 1248
6 1249
7 1248
8 1249
9 1249
10 1249
11 1249
12 1248
13 1177
14 1463
15 1247
16 1247
17 1247
18 1176
19 1176
20 1247
21 1247
22 1176
23 1247
24 1176
25 1105
26 1246
27 891
28 1246
29 1245
30 1247
31 1246
65536 1038
65537 1105
65538 746
65539 1034
65540 1177
65541 1177
65542 1177
65543 1176
65544 1177
65545 1176
65546 1394
65547 1106
65548 1394
65549 1106
65550 1324
65551 1248
65552 1176
65553 1249
65554 1249
65555 1464
65556 1248
65557 1248
65558 1248
65559 1248
65560 1177
65561 1248
65562 1392
65563 1105
65564 1176
65565 1246
65566 1246
65567 1247
131072 1330
131073 1176
131074 1177
131075 1248
131076 1177
131077 1177
131078 1248
131079 1247
131080 1177
131081 1247
131082 1105
131083 1105
131084 1105
131085 1177
131086 1177
131087 1177
131088 1176
131089 1106
131090 1248
131091 1248
131092 1248
131093 1248
131094 1248
131095 1470
131096 1176
131097 1247
131098 1176
131099 1105
131100 1176
131101 1176
131102 1176
131103 1246
196608 1254
196609 1248
196610 1248
196611 1248
196612 1322
196613 1246
196614 1176
196615 1176
196616 1247
196617 1247
196618 1246
196619 1176
196620 1175
196621 1247
196622 1247
196623 1105
196624 1104
196625 1105
196626 1176
196627 1105
196628 1247
196629 1247
196630 1247
196631 1105
196632 1105
196633 1175
196634 1176
196635 1246
196636 1176
196637 1247
196638 1247
196639 1247
262144 1253
262145 1104
262146 1176
262147 1248
262148 1248
262149 1248
262150 1248
262151 1248
262152 1248
262153 1248
262154 1248
262155 1248
262156 1106
262157 1177
262158 1248
262159 1248
262160 1247
262161 1248
262162 1028
262163 239
262164 239
262165 239
262166 239
262167 239
262168 239
262169 239
262170 239
262171 239
262172 239
262173 239
262174 239
262175 239
kernel_count 23527
