0 818
1 1106
2 1247
3 1248
4 1248
5 1247
6 1248
7 1247
8 1247
9 1177
10 1248
11 1248
12 1248
13 1248
14 1247
15 1248
16 1248
17 1106
18 887
19 1247
20 1248
21 1248
22 1248
23 1247
24 1248
25 1248
26 1466
27 1246
28 1247
29 1247
30 1247
31 1244
65536 748
65537 1034
65538 1248
65539 1248
65540 1248
65541 1393
65542 1393
65543 1248
65544 1106
65545 1248
65546 1248
65547 1247
65548 1247
65549 1106
65550 1248
65551 1105
65552 1248
65553 1248
65554 1177
65555 1248
65556 1248
65557 1177
65558 1248
65559 1246
65560 1247
65561 1248
65562 1322
65563 1251
65564 1247
65565 1030
65566 1030
65567 1247
131072 1182
131073 1176
131074 1247
131075 1176
131076 1246
131077 1105
131078 1176
131079 1175
131080 1245
131081 1247
131082 1247
131083 1105
131084 1247
131085 1247
131086 1247
131087 1247
131088 1176
131089 1247
131090 1246
131091 1246
131092 1247
131093 1246
131094 1176
131095 1176
131096 1176
131097 1247
131098 1176
131099 1247
131100 1247
131101 1174
131102 1174
131103 1175
196608 1254
196609 1249
196610 1178
196611 1249
196612 1249
196613 1247
196614 1177
196615 1249
196616 1178
196617 1324
196618 1106
196619 1249
196620 1249
196621 1249
196622 1177
196623 1249
196624 1324
196625 1106
196626 1249
196627 1249
196628 1177
196629 1106
196630 1249
196631 1249
196632 1463
196633 1247
196634 1176
196635 1176
196636 1247
196637 1247
196638 1176
196639 1247
262144 1254
262145 1249
262146 1249
262147 1249
262148 1249
262149 1249
262150 1249
262151 1249
262152 1249
262153 1249
262154 1249
262155 1248
262156 1176
262157 1177
262158 1249
262159 1249
262160 1249
262161 1249
262162 1249
262163 1248
262164 1248
262165 1249
262166 1394
262167 1321
262168 1175
262169 1105
262170 1103
262171 1030
262172 1105
262173 1246
262174 1246
262175 1173
327680 965
327681 1248
327682 1177
327683 1177
327684 1247
327685 1176
327686 1247
327687 1177
327688 1322
327689 1105
327690 1322
327691 1245
327692 1245
327693 1106
327694 1175
327695 1246
327696 1247
327697 1248
327698 1248
327699 1177
327700 1106
327701 1322
327702 1175
327703 1176
327704 1176
327705 1322
327706 1176
327707 1392
327708 1247
327709 1175
327710 1176
327711 1247
393216 1329
393217 1247
393218 1177
393219 1178
393220 1031
393221 1247
393222 1467
393223 1467
393224 1247
393225 1467
393226 1467
393227 1324
393228 1248
393229 1324
393230 1176
393231 1176
393232 1033
393233 1105
393234 1465
393235 1248
393236 1465
393237 1247
393238 1105
393239 1247
393240 1248
393241 1176
393242 1177
393243 1248
393244 1175
393245 1176
393246 1250
393247 1173
458752 1110
458753 1249
458754 1177
458755 1249
458756 1248
458757 1248
458758 1247
458759 1249
458760 1248
458761 1249
458762 1247
458763 1249
458764 1106
458765 1176
458766 1249
458767 1465
458768 1248
458769 962
458770 1248
458771 1176
458772 1105
458773 1393
458774 1393
458775 1177
458776 1177
458777 1177
458778 1251
458779 1247
458780 1176
458781 1176
458782 1247
458783 1175
524288 1254
524289 1394
524290 1248
524291 1107
524292 1107
524293 1249
524294 1249
524295 1249
524296 1249
524297 1249
524298 1249
524299 1322
524300 1176
524301 1177
524302 1248
524303 1248
524304 1177
524305 1247
524306 1105
524307 1176
524308 1029
524309 951
524310 239
524311 239
524312 239
524313 239
524314 239
524315 239
524316 239
524317 239
524318 239
524319 239
kernel_count 44554
