0 1182
1 1177
2 1177
3 1176
4 1249
5 1177
6 1176
7 1249
8 1177
9 1176
10 1248
11 1177
12 1176
13 1248
14 1177
15 1176
16 1248
17 1177
18 1176
19 1176
20 1249
21 1176
22 1176
23 1249
24 1249
25 1106
26 1249
27 1177
28 1249
29 1249
30 1463
31 1247
65536 1252
65537 1247
65538 1247
65539 958
65540 1248
65541 1176
65542 1247
65543 1248
65544 1393
65545 1248
65546 1393
65547 1177
65548 1248
65549 1247
65550 1247
65551 1247
65552 1177
65553 1177
65554 1106
65555 1248
65556 1176
65557 1247
65558 1177
65559 1248
65560 1247
65561 1177
65562 1106
65563 1176
65564 1394
65565 1394
65566 1394
65567 1245
131072 1182
131073 1247
131074 1393
131075 1250
131076 1322
131077 1248
131078 1248
131079 1247
131080 1106
131081 1106
131082 1177
131083 1106
131084 1106
131085 1177
131086 1035
131087 1106
131088 1177
131089 1248
131090 1247
131091 1176
131092 1248
131093 1248
131094 1248
131095 1248
131096 1248
131097 1180
131098 1176
131099 1247
131100 1246
131101 1105
131102 1247
131103 1247
196608 1254
196609 1106
196610 1177
196611 1177
196612 1253
196613 1393
196614 1393
196615 1393
196616 1393
196617 1106
196618 1177
196619 1181
196620 1175
196621 1177
196622 1176
196623 1181
196624 1176
196625 815
196626 1248
196627 1177
196628 1324
196629 1323
196630 1176
196631 1248
196632 1323
196633 1248
196634 1177
196635 1248
196636 1176
196637 1540
196638 1247
196639 1245
262144 1038
262145 1106
262146 747
262147 1106
262148 1249
262149 1253
262150 1249
262151 1324
262152 1248
262153 1325
262154 1395
262155 1395
262156 1325
262157 1465
262158 1466
262159 1248
262160 1253
262161 1248
262162 1177
262163 1105
262164 1247
262165 1248
262166 1248
262167 1030
262168 958
262169 1248
262170 1248
262171 1253
262172 1326
262173 1248
262174 1248
262175 1394
327680 1186
327681 1466
327682 1249
327683 1181
327684 1182
327685 823
327686 1182
327687 1466
327688 1249
327689 1181
327690 1182
327691 1182
327692 1182
327693 1182
327694 1395
327695 1249
327696 1610
327697 1177
327698 1176
327699 1177
327700 1321
327701 1321
327702 1322
327703 1322
327704 1248
327705 1248
327706 1248
327707 1247
327708 1251
327709 1176
327710 1176
327711 1322
393216 1181
393217 1250
393218 1250
393219 1250
393220 1178
393221 1250
393222 1250
393223 1250
393224 1177
393225 1107
393226 1177
393227 1107
393228 1107
393229 1465
393230 1250
393231 1250
393232 1249
393233 1465
393234 1249
393235 1249
393236 1249
393237 1249
393238 1393
393239 1244
393240 239
393241 239
393242 239
393243 239
393244 239
393245 239
393246 239
393247 239
kernel_count 35044
