0 1182
1 1176
2 1247
3 1247
4 1247
5 1176
6 1247
7 1247
8 1247
9 1176
10 1246
11 1176
12 1246
13 1247
14 1247
15 1247
16 1176
17 1247
18 1247
19 1247
20 1247
21 1247
22 1247
23 1247
24 1247
25 1246
26 1176
27 1176
28 1246
29 1247
30 1246
31 1247
65536 748
65537 747
65538 747
65539 747
65540 747
65541 747
65542 892
65543 1247
65544 1249
65545 1465
65546 1175
65547 1176
65548 1393
65549 1246
65550 1176
65551 1177
65552 1248
65553 1177
65554 1176
65555 1030
65556 1323
65557 1323
65558 1247
65559 1247
65560 1247
65561 1247
65562 1247
65563 1247
65564 961
65565 1247
65566 1247
65567 1247
131072 748
131073 747
131074 747
131075 747
131076 747
131077 747
131078 1035
131079 1177
131080 1247
131081 1322
131082 1248
131083 1105
131084 1176
131085 1248
131086 1248
131087 1322
131088 1248
131089 1248
131090 1105
131091 1105
131092 1177
131093 1248
131094 1176
131095 1246
131096 1106
131097 1246
131098 1248
131099 1247
131100 1322
131101 1248
131102 1322
131103 1247
196608 1113
196609 1248
196610 1394
196611 1322
196612 1323
196613 1177
196614 1177
196615 1248
196616 1175
196617 1322
196618 1248
196619 1248
196620 1248
196621 1248
196622 1103
196623 1247
196624 1248
196625 1247
196626 1394
196627 1248
196628 1248
196629 1323
196630 1247
196631 1248
196632 1247
196633 1177
196634 1247
196635 1396
196636 1322
196637 1175
196638 1245
196639 1247
262144 1109
262145 1036
262146 1107
262147 1106
262148 1177
262149 1249
262150 1178
262151 1250
262152 1177
262153 1250
262154 1250
262155 1250
262156 1250
262157 1250
262158 1177
262159 1178
262160 1178
262161 1467
262162 1249
262163 1250
262164 1466
262165 1249
262166 1249
262167 1466
262168 1249
262169 1177
262170 1323
262171 1323
262172 1323
262173 1323
262174 519
262175 239
kernel_count 24789
