0 1110
1 1175
2 959
3 959
4 1248
5 1248
6 1176
7 1177
8 1248
9 1248
10 1248
11 1248
12 1247
13 1248
14 1247
15 1247
16 1248
17 1177
18 1246
19 1177
20 1248
21 1176
22 1177
23 1177
24 1106
25 1106
26 1247
27 1248
28 1104
29 1178
30 1178
31 1178
65536 824
65537 822
65538 822
65539 1248
65540 1248
65541 1106
65542 1106
65543 1106
65544 1248
65545 1248
65546 1105
65547 1323
65548 1248
65549 1177
65550 1177
65551 1392
65552 1247
65553 1392
65554 1248
65555 1392
65556 1248
65557 1392
65558 1248
65559 1248
65560 1177
65561 1177
65562 1177
65563 1321
65564 1392
65565 1247
65566 1176
65567 1247
131072 1110
131073 1249
131074 1249
131075 1249
131076 1249
131077 1176
131078 1106
131079 887
131080 1105
131081 1249
131082 1177
131083 1252
131084 1177
131085 1249
131086 1106
131087 1176
131088 1248
131089 1177
131090 1106
131091 1249
131092 1249
131093 1248
131094 1249
131095 1249
131096 1463
131097 1247
131098 1392
131099 1176
131100 1176
131101 1246
131102 1246
131103 1246
196608 747
196609 1248
196610 1248
196611 1323
196612 1248
196613 1323
196614 1248
196615 1323
196616 1323
196617 1177
196618 1177
196619 1322
196620 1322
196621 1177
196622 1177
196623 1175
196624 1393
196625 1177
196626 1250
196627 1177
196628 1177
196629 1248
196630 1177
196631 1252
196632 1323
196633 1248
196634 1392
196635 1247
196636 1176
196637 1247
196638 1247
196639 1247
262144 1472
262145 1248
262146 1177
262147 1177
262148 1177
262149 1175
262150 1105
262151 1247
262152 1246
262153 1105
262154 1247
262155 1248
262156 1248
262157 1392
262158 1392
262159 1246
262160 1176
262161 1247
262162 1176
262163 1175
262164 1247
262165 1175
262166 1247
262167 1247
262168 1247
262169 1247
262170 1247
262171 1176
262172 1247
262173 1174
262174 1029
262175 1103
327680 1400
327681 1106
327682 1248
327683 1248
327684 1248
327685 1248
327686 1104
327687 1104
327688 1104
327689 1104
327690 1104
327691 1104
327692 1247
327693 1248
327694 1248
327695 1177
327696 1248
327697 1248
327698 1248
327699 1106
327700 962
327701 1248
327702 1106
327703 1106
327704 1106
327705 1030
327706 1030
327707 1248
327708 1248
327709 1321
327710 1247
327711 1028
393216 1254
393217 1038
393218 1249
393219 1249
393220 1249
393221 1249
393222 1106
393223 1249
393224 1249
393225 1249
393226 1248
393227 1106
393228 1106
393229 1249
393230 1249
393231 1249
393232 1249
393233 1247
393234 1248
393235 1249
393236 1249
393237 1464
393238 1464
393239 1176
393240 1463
393241 1248
393242 1248
393243 1248
393244 1248
393245 1106
393246 1177
393247 1392
458752 1037
458753 1177
458754 1176
458755 1177
458756 1248
458757 1324
458758 1248
458759 1248
458760 1176
458761 1248
458762 1249
458763 1177
458764 1105
458765 1249
458766 1248
458767 1468
458768 1464
458769 1249
458770 1249
458771 1176
458772 1177
458773 1678
458774 1247
458775 1246
458776 1246
458777 1247
458778 1247
458779 1246
458780 1247
458781 1247
458782 1246
458783 1247
524288 748
524289 747
524290 747
524291 747
524292 747
524293 747
524294 747
524295 747
524296 1249
524297 1249
524298 1249
524299 1248
524300 1248
524301 1106
524302 1465
524303 1249
524304 1105
524305 1464
524306 1464
524307 1106
524308 1177
524309 1247
524310 1247
524311 1248
524312 1322
524313 1248
524314 1250
524315 1251
524316 1248
524317 1249
524318 1250
524319 1173
589824 1254
589825 1248
589826 1467
589827 1248
589828 1249
589829 1248
589830 1249
589831 1249
589832 1249
589833 1394
589834 1249
589835 1394
589836 1177
589837 1178
589838 1249
589839 1249
589840 1249
589841 1249
589842 1249
589843 1249
589844 1248
589845 1323
589846 1248
589847 1248
589848 1106
589849 1176
589850 1248
589851 1248
589852 1247
589853 1248
589854 1249
589855 239
kernel_count 50560
