0 1110
1 1247
2 1176
3 1247
4 1247
5 1247
6 1176
7 1247
8 1247
9 1247
10 1247
11 1247
12 1247
13 1247
14 1247
15 1246
16 1176
17 1176
18 1176
19 1176
20 1247
21 1247
22 1247
23 1247
24 1247
25 1247
26 1174
27 1247
28 1247
29 1247
30 1247
31 1247
65536 747
65537 747
65538 747
65539 1248
65540 1248
65541 1248
65542 1248
65543 1248
65544 1248
65545 1248
65546 1177
65547 1177
65548 1248
65549 1248
65550 1030
65551 1247
65552 1248
65553 1177
65554 1247
65555 1177
65556 1177
65557 1247
65558 1248
65559 1106
65560 1322
65561 1322
65562 1321
65563 1247
65564 1176
65565 1247
65566 1247
65567 1175
131072 748
131073 820
131074 821
131075 746
131076 746
131077 746
131078 746
131079 746
131080 1105
131081 1246
131082 1247
131083 1247
131084 1247
131085 1246
131086 1247
131087 1247
131088 1247
131089 1176
131090 1176
131091 1176
131092 1176
131093 1176
131094 1176
131095 1027
131096 1247
131097 1247
131098 1247
131099 1247
131100 1247
131101 1246
131102 1247
131103 1247
196608 1181
196609 1030
196610 1248
196611 1177
196612 1248
196613 1248
196614 1248
196615 1247
196616 1176
196617 1248
196618 1177
196619 1177
196620 1177
196621 1248
196622 1248
196623 1248
196624 1248
196625 1106
196626 1248
196627 1248
196628 1248
196629 1247
196630 1177
196631 1177
196632 1177
196633 1177
196634 1248
196635 1248
196636 1248
196637 1177
196638 1248
196639 1322
262144 1399
262145 746
262146 891
262147 1247
262148 890
262149 890
262150 1247
262151 1246
262152 1176
262153 1247
262154 1247
262155 1105
262156 1247
262157 1247
262158 1247
262159 1247
262160 1246
262161 1176
262162 1105
262163 1247
262164 1247
262165 1105
262166 1247
262167 1176
262168 1247
262169 1246
262170 1247
262171 1247
262172 1176
262173 1104
262174 1246
262175 1247
327680 1254
327681 1105
327682 1248
327683 1248
327684 1248
327685 1247
327686 1246
327687 1246
327688 1248
327689 1248
327690 1247
327691 1248
327692 1248
327693 1248
327694 1247
327695 1248
327696 1177
327697 1177
327698 1465
327699 1248
327700 1106
327701 1251
327702 1030
327703 1246
327704 1247
327705 1247
327706 1176
327707 1176
327708 1176
327709 1247
327710 1247
327711 1247
393216 1182
393217 1176
393218 1176
393219 1323
393220 1105
393221 1177
393222 1248
393223 1247
393224 1247
393225 1248
393226 1248
393227 1248
393228 1323
393229 1248
393230 1177
393231 1176
393232 1248
393233 1248
393234 1392
393235 1392
393236 1177
393237 1248
393238 1247
393239 1248
393240 1390
393241 1246
393242 1247
393243 1247
393244 1247
393245 1247
393246 1176
393247 1247
458752 1253
458753 1249
458754 1248
458755 1249
458756 1249
458757 1249
458758 1248
458759 1177
458760 1323
458761 1251
458762 1249
458763 1251
458764 1249
458765 1249
458766 1249
458767 1249
458768 1030
458769 1249
458770 1177
458771 1249
458772 1176
458773 1177
458774 1249
458775 1248
458776 1249
458777 1249
458778 1247
458779 1394
458780 1247
458781 1105
458782 1246
458783 1175
524288 1110
524289 1248
524290 1247
524291 1248
524292 1247
524293 1248
524294 1248
524295 1248
524296 1247
524297 1177
524298 1246
524299 1176
524300 1248
524301 1248
524302 1248
524303 1392
524304 1176
524305 1247
524306 1247
524307 1247
524308 1247
524309 1247
524310 1105
524311 1105
524312 1176
524313 1105
524314 1105
524315 1176
524316 1105
524317 1105
524318 1105
524319 1247
589824 1254
589825 1249
589826 1249
589827 1178
589828 1248
589829 1249
589830 1178
589831 1395
589832 1107
589833 1177
589834 1178
589835 1178
589836 1178
589837 1325
589838 1324
589839 1176
589840 1177
589841 1395
589842 1326
589843 1393
589844 1249
589845 1249
589846 1323
589847 1248
589848 1248
589849 1248
589850 1174
589851 886
589852 239
589853 239
589854 239
589855 239
kernel_count 49737
