0 1254
1 1247
2 1247
3 1246
4 1105
5 1176
6 1175
7 1175
8 1247
9 1246
10 1247
11 1247
12 1247
13 1176
14 1175
15 1175
16 1104
17 1246
18 1176
19 1247
20 1246
21 1105
22 1176
23 1104
24 1247
25 1247
26 1247
27 1175
28 1246
29 1175
30 1175
31 1247
65536 1110
65537 1104
65538 1177
65539 1249
65540 1177
65541 1249
65542 1249
65543 1249
65544 1321
65545 1177
65546 1177
65547 1321
65548 1321
65549 1177
65550 1321
65551 1249
65552 1177
65553 1177
65554 1249
65555 1249
65556 1249
65557 1249
65558 1177
65559 1177
65560 1249
65561 1176
65562 1393
65563 1249
65564 1177
65565 1464
65566 1245
65567 1103
131072 1182
131073 1176
131074 1176
131075 1030
131076 886
131077 1106
131078 1030
131079 1106
131080 1249
131081 1249
131082 1249
131083 1248
131084 1249
131085 1249
131086 1249
131087 1249
131088 1249
131089 1248
131090 1249
131091 1249
131092 1176
131093 1106
131094 1249
131095 1249
131096 1249
131097 1249
131098 1106
131099 1395
131100 1394
131101 1321
131102 1322
131103 1250
196608 1253
196609 1248
196610 1249
196611 1177
196612 1249
196613 1249
196614 1106
196615 1248
196616 1249
196617 1249
196618 1176
196619 1249
196620 1249
196621 1248
196622 1465
196623 1177
196624 1249
196625 1464
196626 1249
196627 1177
196628 1249
196629 1464
196630 1248
196631 1248
196632 1106
196633 1248
196634 1248
196635 1248
196636 1177
196637 1322
196638 1175
196639 1247
262144 1181
262145 963
262146 1176
262147 1176
262148 1248
262149 1106
262150 1247
262151 1247
262152 1248
262153 1106
262154 1106
262155 1106
262156 1177
262157 1248
262158 1247
262159 1247
262160 1246
262161 1247
262162 1247
262163 1247
262164 1177
262165 1106
262166 1177
262167 1106
262168 1176
262169 1176
262170 1176
262171 1176
262172 1393
262173 1249
262174 1249
262175 1249
327680 823
327681 1325
327682 1249
327683 1034
327684 1034
327685 1249
327686 1249
327687 1249
327688 1106
327689 1176
327690 1030
327691 1323
327692 1030
327693 1395
327694 1827
327695 1248
327696 1177
327697 1247
327698 1106
327699 1106
327700 1106
327701 1106
327702 1246
327703 1248
327704 1248
327705 1248
327706 1248
327707 1391
327708 1247
327709 1245
327710 1245
327711 1245
393216 1254
393217 1395
393218 1177
393219 1322
393220 1247
393221 1247
393222 1246
393223 1247
393224 1247
393225 1175
393226 1247
393227 1176
393228 1247
393229 1247
393230 1176
393231 1247
393232 1246
393233 1247
393234 1247
393235 1246
393236 1247
393237 1247
393238 1246
393239 1246
393240 1174
393241 1246
393242 1247
393243 1105
393244 1247
393245 1246
393246 1247
393247 1175
458752 1110
458753 1249
458754 1249
458755 1323
458756 1249
458757 1249
458758 1249
458759 1177
458760 1249
458761 1177
458762 1463
458763 1177
458764 1249
458765 1463
458766 1247
458767 1246
458768 1247
458769 1247
458770 1030
458771 1247
458772 1246
458773 1247
458774 1105
458775 1247
458776 1247
458777 1104
458778 1105
458779 1247
458780 1176
458781 1247
458782 1247
458783 1247
524288 1182
524289 1177
524290 1177
524291 1392
524292 1177
524293 1392
524294 1176
524295 1247
524296 1247
524297 1247
524298 1247
524299 1247
524300 1246
524301 1247
524302 1247
524303 1247
524304 1247
524305 1247
524306 1247
524307 1176
524308 1247
524309 1247
524310 1247
524311 1247
524312 1246
524313 1247
524314 1247
524315 1247
524316 1174
524317 1174
524318 1174
524319 1103
589824 749
589825 239
589826 239
589827 239
589828 239
589829 239
589830 239
589831 239
589832 239
589833 239
589834 239
589835 239
589836 239
589837 239
589838 239
589839 239
589840 239
589841 239
589842 239
589843 239
589844 239
589845 239
589846 239
589847 239
589848 239
589849 239
589850 239
589851 239
589852 239
589853 239
589854 239
589855 239
kernel_count 46750
