0 1258
1 1323
2 1249
3 1248
4 1249
5 1177
6 1249
7 1106
8 1177
9 1248
10 1177
11 1105
12 1249
13 1177
14 1248
15 1176
16 1178
17 1177
18 1249
19 1249
20 1249
21 1249
22 1463
23 1463
24 1246
25 1247
26 1105
27 1247
28 1247
29 1247
30 1247
31 1103
65536 1254
65537 1248
65538 1252
65539 1249
65540 1466
65541 1249
65542 1249
65543 1106
65544 1249
65545 1399
65546 1105
65547 1399
65548 1106
65549 1537
65550 1249
65551 1249
65552 1249
65553 1249
65554 1030
65555 1106
65556 1248
65557 1249
65558 1249
65559 1249
65560 1323
65561 1465
65562 1105
65563 1324
65564 1323
65565 1465
65566 1102
65567 1103
131072 1254
131073 1177
131074 1247
131075 1248
131076 1248
131077 1250
131078 1247
131079 1248
131080 1176
131081 1321
131082 1248
131083 1247
131084 1248
131085 1248
131086 1176
131087 1251
131088 1247
131089 1246
131090 1247
131091 1176
131092 1247
131093 1176
131094 1247
131095 1246
131096 1247
131097 1247
131098 962
131099 1247
131100 1246
131101 962
131102 1246
131103 1247
196608 1254
196609 1247
196610 1175
196611 1179
196612 1106
196613 1177
196614 963
196615 1248
196616 1393
196617 1392
196618 1248
196619 1247
196620 1246
196621 1248
196622 1248
196623 1248
196624 1177
196625 1246
196626 1248
196627 1248
196628 1247
196629 1247
196630 1251
196631 1248
196632 1248
196633 1392
196634 1248
196635 1393
196636 1248
196637 1248
196638 1394
196639 1394
262144 1110
262145 1176
262146 1175
262147 1175
262148 1246
262149 1246
262150 1248
262151 1248
262152 1322
262153 1322
262154 1322
262155 1321
262156 1247
262157 1247
262158 1321
262159 1247
262160 1321
262161 1322
262162 1321
262163 1247
262164 1321
262165 1321
262166 1246
262167 1176
262168 1247
262169 1176
262170 1247
262171 1247
262172 1247
262173 1247
262174 1247
262175 1247
327680 1182
327681 1248
327682 1105
327683 1247
327684 1106
327685 1177
327686 1248
327687 1176
327688 1248
327689 1248
327690 1176
327691 1247
327692 1322
327693 1176
327694 1248
327695 1105
327696 1105
327697 1105
327698 1251
327699 1248
327700 1105
327701 1105
327702 1105
327703 1180
327704 1246
327705 1247
327706 1247
327707 1246
327708 1105
327709 1175
327710 1247
327711 1173
393216 1110
393217 1249
393218 1249
393219 1177
393220 1035
393221 890
393222 1248
393223 1248
393224 1249
393225 1249
393226 1176
393227 1323
393228 1248
393229 1248
393230 1248
393231 1248
393232 1176
393233 1463
393234 1465
393235 1105
393236 1248
393237 1248
393238 1251
393239 1248
393240 1248
393241 1177
393242 1248
393243 1321
393244 1322
393245 1247
393246 1247
393247 1175
458752 748
458753 1248
458754 1249
458755 239
458756 239
458757 239
458758 239
458759 239
458760 239
458761 239
458762 239
458763 239
458764 239
458765 239
458766 239
458767 239
458768 239
458769 239
458770 239
458771 239
458772 239
458773 239
458774 239
458775 239
458776 239
458777 239
458778 239
458779 239
458780 239
458781 239
458782 239
458783 239
kernel_count 37251
