0 1037
1 1321
2 1394
3 1249
4 1248
5 1176
6 1249
7 1176
8 1249
9 1176
10 957
11 1176
12 1249
13 1249
14 1177
15 1249
16 1249
17 1177
18 1250
19 1181
20 1249
21 1249
22 1248
23 1248
24 1177
25 1463
26 1463
27 1033
28 1031
29 1176
30 1247
31 1247
65536 1254
65537 1176
65538 1106
65539 1248
65540 1248
65541 1248
65542 1247
65543 1248
65544 1106
65545 1248
65546 1177
65547 1176
65548 1104
65549 1248
65550 1248
65551 1248
65552 1248
65553 1251
65554 1323
65555 1105
65556 1247
65557 1248
65558 1322
65559 1177
65560 1246
65561 1248
65562 1248
65563 1392
65564 1248
65565 1392
65566 1177
65567 1392
131072 824
131073 747
131074 1106
131075 1177
131076 1467
131077 1248
131078 1177
131079 1248
131080 1247
131081 1247
131082 1247
131083 1248
131084 1252
131085 1177
131086 1248
131087 1248
131088 1247
131089 1247
131090 1248
131091 1248
131092 1247
131093 1247
131094 1248
131095 1106
131096 1248
131097 1177
131098 1248
131099 1322
131100 1393
131101 1248
131102 1247
131103 1394
196608 1330
196609 1176
196610 1176
196611 1106
196612 1176
196613 1176
196614 1106
196615 1248
196616 1177
196617 1249
196618 1178
196619 1106
196620 1326
196621 1610
196622 1176
196623 1248
196624 1248
196625 1248
196626 1396
196627 1396
196628 1322
196629 1106
196630 1248
196631 1030
196632 1248
196633 1321
196634 1105
196635 1175
196636 1175
196637 1247
196638 1247
196639 1247
262144 1110
262145 1248
262146 1106
262147 1248
262148 1106
262149 1247
262150 1253
262151 1397
262152 1252
262153 1467
262154 1248
262155 1248
262156 1248
262157 1392
262158 1177
262159 1177
262160 1248
262161 1247
262162 1177
262163 1248
262164 1177
262165 1177
262166 1248
262167 1177
262168 1177
262169 1177
262170 1248
262171 1248
262172 1248
262173 1322
262174 1247
262175 1247
327680 1110
327681 1248
327682 1248
327683 1251
327684 1177
327685 1179
327686 1248
327687 1248
327688 1177
327689 1177
327690 1248
327691 1248
327692 1106
327693 1247
327694 1248
327695 1177
327696 1028
327697 1246
327698 1246
327699 1246
327700 1246
327701 1247
327702 1322
327703 1246
327704 1247
327705 1175
327706 1247
327707 1247
327708 1176
327709 1247
327710 1175
327711 1175
393216 1254
393217 1249
393218 1324
393219 1249
393220 1395
393221 1107
393222 1395
393223 1323
393224 1248
393225 1176
393226 1175
393227 1175
393228 1104
393229 958
393230 239
393231 239
393232 239
393233 239
393234 239
393235 239
393236 239
393237 239
393238 239
393239 239
393240 239
393241 239
393242 239
393243 239
393244 239
393245 239
393246 239
393247 239
kernel_count 33460
