0 1329
1 1248
2 1249
3 1465
4 1323
5 1177
6 1249
7 1248
8 1177
9 1249
10 1249
11 1249
12 1177
13 1249
14 1248
15 1249
16 1249
17 1249
18 1249
19 1249
20 1177
21 1106
22 1177
23 1106
24 1177
25 1177
26 1177
27 1249
28 1106
29 1464
30 1248
31 1321
65536 1041
65537 1107
65538 1178
65539 822
65540 1176
65541 1176
65542 1176
65543 1176
65544 1176
65545 1176
65546 814
65547 239
65548 239
65549 239
65550 239
65551 239
65552 239
65553 239
65554 239
65555 239
65556 239
65557 239
65558 239
65559 239
65560 239
65561 239
65562 239
65563 239
65564 239
65565 239
65566 239
65567 239
kernel_count 7239
