0 1254
1 1394
2 1177
3 1105
4 1176
5 1177
6 1177
7 1249
8 1177
9 1249
10 1249
11 1394
12 1394
13 1177
14 1249
15 1248
16 1249
17 1106
18 1176
19 1392
20 1177
21 1249
22 1394
23 1176
24 1175
25 1175
26 1176
27 1176
28 1247
29 1176
30 1247
31 1247
65536 1181
65537 1247
65538 1247
65539 1247
65540 1247
65541 1176
65542 1176
65543 1177
65544 1106
65545 1106
65546 1033
65547 1106
65548 1035
65549 1177
65550 1248
65551 1248
65552 1248
65553 1248
65554 1248
65555 1177
65556 1177
65557 1247
65558 1248
65559 1248
65560 1248
65561 1248
65562 1248
65563 1248
65564 1248
65565 1248
65566 1322
65567 1247
131072 1110
131073 1465
131074 1106
131075 1248
131076 1323
131077 1392
131078 1247
131079 1176
131080 1105
131081 1247
131082 1247
131083 1392
131084 1246
131085 1176
131086 1175
131087 1176
131088 1029
131089 1176
131090 1247
131091 1247
131092 1247
131093 1247
131094 1247
131095 1247
131096 1247
131097 1247
131098 1104
131099 1246
131100 1176
131101 1105
131102 1247
131103 1247
196608 1182
196609 1177
196610 1248
196611 1248
196612 1247
196613 1177
196614 1248
196615 1248
196616 1246
196617 1248
196618 1106
196619 1106
196620 1177
196621 1248
196622 1174
196623 1177
196624 1248
196625 1248
196626 1248
196627 1248
196628 1177
196629 1248
196630 1248
196631 1247
196632 1030
196633 1176
196634 1176
196635 1322
196636 1247
196637 1247
196638 1247
196639 1247
262144 1254
262145 1249
262146 1249
262147 1249
262148 1106
262149 1249
262150 1177
262151 1248
262152 1246
262153 1249
262154 1249
262155 1106
262156 1249
262157 1464
262158 1464
262159 1392
262160 1247
262161 1176
262162 1246
262163 1175
262164 1246
262165 1177
262166 1176
262167 1251
262168 1176
262169 1105
262170 1176
262171 1246
262172 1176
262173 1247
262174 1247
262175 1247
327680 1254
327681 1248
327682 1247
327683 1175
327684 1247
327685 1247
327686 1247
327687 1175
327688 1247
327689 1247
327690 1247
327691 1175
327692 1247
327693 1247
327694 1248
327695 1177
327696 1177
327697 1248
327698 1177
327699 1397
327700 1177
327701 1398
327702 1398
327703 1177
327704 1391
327705 1246
327706 1247
327707 1247
327708 1176
327709 1244
327710 1245
327711 1245
393216 1254
393217 1176
393218 1248
393219 1177
393220 1177
393221 1106
393222 1177
393223 1248
393224 1176
393225 1249
393226 1177
393227 1248
393228 1177
393229 1177
393230 1249
393231 1030
393232 1176
393233 1176
393234 1177
393235 1249
393236 1176
393237 1105
393238 1249
393239 1249
393240 1177
393241 1248
393242 1249
393243 1249
393244 1392
393245 1247
393246 1247
393247 1247
458752 1110
458753 1176
458754 1176
458755 1248
458756 1248
458757 1248
458758 1248
458759 1249
458760 1248
458761 1249
458762 1325
458763 1249
458764 1248
458765 1248
458766 1249
458767 1177
458768 1030
458769 1249
458770 1248
458771 1249
458772 1608
458773 1177
458774 1248
458775 1176
458776 1248
458777 1248
458778 1248
458779 1392
458780 1392
458781 1246
458782 1247
458783 1244
524288 1033
524289 1393
524290 1392
524291 1249
524292 1393
524293 1248
524294 1249
524295 1393
524296 1247
524297 1247
524298 1248
524299 1106
524300 1248
524301 1105
524302 1175
524303 1176
524304 239
524305 239
524306 239
524307 239
524308 239
524309 239
524310 239
524311 239
524312 239
524313 239
524314 239
524315 239
524316 239
524317 239
524318 239
524319 239
kernel_count 43991
