0 1401
1 1177
2 1248
3 1248
4 1248
5 1248
6 1248
7 1177
8 1247
9 1247
10 1180
11 1251
12 1248
13 1247
14 1251
15 1251
16 1322
17 1247
18 1248
19 1322
20 1247
21 1248
22 1251
23 1322
24 1247
25 1247
26 1180
27 1251
28 1248
29 1247
30 1250
31 1103
65536 1254
65537 1323
65538 822
65539 1248
65540 1175
65541 1247
65542 1247
65543 1248
65544 1177
65545 1247
65546 1391
65547 1247
65548 1247
65549 1247
65550 1247
65551 1247
65552 1247
65553 1247
65554 1247
65555 1104
65556 1105
65557 1105
65558 1176
65559 1105
65560 1247
65561 1247
65562 1247
65563 1247
65564 1247
65565 1247
65566 1105
65567 1247
131072 1109
131073 1176
131074 1176
131075 1177
131076 1248
131077 1248
131078 1248
131079 1323
131080 1393
131081 1248
131082 1248
131083 1176
131084 1248
131085 1248
131086 1177
131087 1248
131088 1248
131089 1248
131090 1245
131091 1247
131092 1106
131093 1177
131094 1248
131095 1177
131096 1248
131097 1177
131098 1322
131099 1247
131100 1247
131101 1247
131102 1246
131103 1247
196608 1181
196609 1176
196610 1247
196611 1247
196612 1247
196613 1247
196614 1247
196615 1247
196616 1247
196617 1247
196618 1176
196619 1247
196620 1176
196621 1105
196622 1247
196623 1247
196624 1105
196625 1175
196626 1247
196627 1105
196628 1176
196629 1176
196630 1247
196631 1247
196632 1176
196633 1247
196634 1176
196635 1247
196636 1176
196637 1247
196638 1247
196639 1247
262144 1254
262145 1247
262146 1247
262147 1106
262148 1247
262149 1248
262150 1176
262151 1248
262152 1247
262153 1248
262154 1105
262155 1105
262156 1106
262157 1177
262158 1247
262159 1248
262160 1248
262161 1245
262162 1389
262163 1247
262164 1389
262165 1391
262166 1248
262167 1248
262168 1246
262169 1247
262170 1249
262171 1321
262172 1176
262173 1247
262174 1175
262175 1175
327680 748
327681 1177
327682 1249
327683 1249
327684 1249
327685 1248
327686 1106
327687 1248
327688 1176
327689 1248
327690 1248
327691 1177
327692 1394
327693 1393
327694 1465
327695 1177
327696 1248
327697 1322
327698 1321
327699 1465
327700 1247
327701 1029
327702 1176
327703 1321
327704 1247
327705 1247
327706 1321
327707 1035
327708 1106
327709 1176
327710 1322
327711 1247
393216 1257
393217 1248
393218 1248
393219 1248
393220 1247
393221 1247
393222 1248
393223 1248
393224 1177
393225 1248
393226 1247
393227 1177
393228 1248
393229 1248
393230 1248
393231 1248
393232 1324
393233 1176
393234 1246
393235 1105
393236 1247
393237 1106
393238 1395
393239 1249
393240 1247
393241 1246
393242 1246
393243 1246
393244 1246
393245 1247
393246 1175
393247 1175
458752 1402
458753 1249
458754 1397
458755 1249
458756 1397
458757 1249
458758 1397
458759 1249
458760 1176
458761 1248
458762 1249
458763 1325
458764 1176
458765 1177
458766 1325
458767 1325
458768 1682
458769 1321
458770 1322
458771 1247
458772 1247
458773 1176
458774 1247
458775 1175
458776 1105
458777 1247
458778 1175
458779 1175
458780 1247
458781 1246
458782 1103
458783 1246
524288 747
524289 1247
524290 1242
524291 239
524292 239
524293 239
524294 239
524295 239
524296 239
524297 239
524298 239
524299 239
524300 239
524301 239
524302 239
524303 239
524304 239
524305 239
524306 239
524307 239
524308 239
524309 239
524310 239
524311 239
524312 239
524313 239
524314 239
524315 239
524316 239
524317 239
524318 239
524319 239
kernel_count 42338
