0 1254
1 1248
2 1248
3 1248
4 1248
5 1177
6 1177
7 1177
8 1176
9 1247
10 1106
11 1248
12 1248
13 1248
14 1248
15 1177
16 1177
17 1177
18 1177
19 1247
20 1177
21 1248
22 1250
23 1177
24 1177
25 1321
26 1248
27 1177
28 1248
29 1250
30 1176
31 1247
65536 1109
65537 1248
65538 1247
65539 1248
65540 1248
65541 1176
65542 1248
65543 1248
65544 1248
65545 1252
65546 963
65547 1247
65548 1247
65549 1247
65550 1323
65551 1323
65552 1176
65553 1247
65554 1247
65555 1247
65556 1323
65557 1323
65558 1176
65559 1248
65560 1105
65561 1247
65562 1248
65563 1247
65564 1248
65565 1176
65566 1177
65567 1391
131072 969
131073 1177
131074 1249
131075 1249
131076 1249
131077 1249
131078 1248
131079 1249
131080 1464
131081 1249
131082 1249
131083 1249
131084 1249
131085 1249
131086 1246
131087 1249
131088 1249
131089 891
131090 1104
131091 1106
131092 1465
131093 1465
131094 1247
131095 1177
131096 1247
131097 1248
131098 1247
131099 1176
131100 1029
131101 1248
131102 1322
131103 1322
196608 1110
196609 1107
196610 1036
196611 1249
196612 1031
196613 1031
196614 1031
196615 1107
196616 1107
196617 1250
196618 1107
196619 1107
196620 1178
196621 1107
196622 1178
196623 1177
196624 1178
196625 1324
196626 1249
196627 1107
196628 1250
196629 1250
196630 1106
196631 1107
196632 1182
196633 1178
196634 1178
196635 1466
196636 239
196637 239
196638 239
196639 239
kernel_count 19787
