0 1254
1 1176
2 957
3 1247
4 1247
5 1247
6 1105
7 1247
8 1246
9 1247
10 1105
11 1247
12 1176
13 1176
14 1246
15 1176
16 1176
17 1176
18 1176
19 1105
20 1105
21 1247
22 1247
23 1247
24 1105
25 1105
26 1105
27 1247
28 1247
29 1103
30 1103
31 1028
65536 1182
65537 1177
65538 1177
65539 1324
65540 1177
65541 1249
65542 1248
65543 1177
65544 1106
65545 1249
65546 1247
65547 1249
65548 1248
65549 1249
65550 1177
65551 1177
65552 1177
65553 1106
65554 1177
65555 1249
65556 1462
65557 1462
65558 1393
65559 1177
65560 1177
65561 1249
65562 1248
65563 1463
65564 1464
65565 1247
65566 1245
65567 1245
131072 1253
131073 1176
131074 1248
131075 1248
131076 1248
131077 1177
131078 1321
131079 1248
131080 1248
131081 1177
131082 1177
131083 1177
131084 1248
131085 1248
131086 1248
131087 1176
131088 1177
131089 1248
131090 1466
131091 1466
131092 1174
131093 1247
131094 1105
131095 1246
131096 1247
131097 1247
131098 1247
131099 1247
131100 1247
131101 1176
131102 1246
131103 1247
196608 1182
196609 1177
196610 963
196611 1177
196612 1249
196613 1466
196614 1465
196615 1322
196616 1247
196617 1246
196618 1176
196619 1175
196620 1246
196621 1176
196622 1247
196623 1247
196624 1247
196625 1247
196626 1247
196627 1104
196628 1247
196629 1247
196630 1247
196631 1176
196632 1247
196633 1176
196634 1247
196635 1247
196636 1176
196637 1247
196638 1175
196639 1175
262144 1110
262145 1323
262146 1249
262147 1249
262148 1249
262149 1325
262150 1396
262151 1396
262152 1177
262153 1177
262154 1249
262155 1177
262156 1539
262157 1106
262158 1247
262159 1177
262160 1177
262161 1248
262162 1248
262163 1248
262164 1247
262165 1247
262166 1248
262167 1247
262168 1246
262169 1248
262170 1177
262171 1177
262172 1466
262173 1322
262174 1247
262175 1247
327680 1182
327681 1248
327682 1393
327683 1393
327684 1323
327685 1106
327686 1177
327687 1248
327688 1247
327689 1392
327690 1392
327691 1247
327692 1246
327693 1247
327694 1105
327695 1105
327696 1105
327697 1176
327698 1176
327699 1247
327700 1175
327701 1176
327702 1176
327703 1176
327704 1247
327705 1175
327706 1176
327707 1030
327708 1247
327709 1247
327710 1247
327711 1247
393216 1254
393217 1466
393218 1248
393219 1248
393220 1247
393221 1247
393222 1247
393223 1177
393224 1247
393225 1030
393226 1324
393227 1324
393228 1324
393229 1248
393230 1248
393231 1466
393232 1248
393233 1321
393234 1246
393235 1394
393236 1391
393237 1245
393238 1175
393239 1175
393240 1247
393241 1176
393242 1247
393243 1247
393244 1176
393245 1247
393246 1247
393247 1247
458752 748
458753 747
458754 747
458755 1248
458756 1248
458757 1248
458758 1248
458759 1248
458760 1248
458761 1177
458762 1248
458763 1248
458764 1248
458765 1247
458766 1248
458767 1176
458768 1392
458769 1248
458770 1177
458771 1390
458772 1176
458773 1247
458774 1247
458775 1176
458776 1247
458777 1176
458778 1247
458779 1176
458780 1247
458781 1175
458782 1174
458783 1174
524288 1252
524289 1395
524290 1177
524291 1248
524292 1249
524293 1394
524294 1679
524295 1540
524296 1682
524297 1538
524298 1247
524299 1177
524300 1177
524301 1177
524302 1248
524303 1470
524304 1247
524305 1180
524306 1176
524307 1247
524308 1248
524309 1397
524310 1397
524311 1398
524312 1323
524313 1467
524314 1248
524315 1252
524316 1467
524317 1247
524318 1247
524319 1247
589824 1253
589825 1177
589826 1249
589827 1249
589828 1249
589829 1249
589830 1249
589831 1249
589832 1249
589833 1249
589834 1249
589835 1176
589836 1176
589837 1177
589838 1035
589839 1249
589840 1249
589841 1177
589842 1177
589843 1249
589844 1178
589845 1249
589846 1249
589847 1249
589848 1249
589849 1106
589850 1249
589851 1177
589852 1249
589853 1324
589854 1324
589855 1462
655360 1254
655361 1249
655362 1249
655363 1178
655364 1248
655365 1248
655366 1177
655367 1107
655368 1323
655369 1178
655370 1248
655371 1249
655372 1323
655373 1177
655374 1177
655375 1248
655376 1248
655377 1248
655378 1177
655379 239
655380 239
655381 239
655382 239
655383 239
655384 239
655385 239
655386 239
655387 239
655388 239
655389 239
655390 239
655391 239
kernel_count 55152
