0 1253
1 1177
2 1248
3 1248
4 1247
5 1247
6 1248
7 1177
8 1177
9 1248
10 1321
11 1248
12 1321
13 1248
14 1247
15 1029
16 1248
17 1248
18 1248
19 1248
20 1247
21 1248
22 1247
23 1177
24 1177
25 1247
26 1392
27 1177
28 1392
29 1247
30 1245
31 1245
65536 1253
65537 1246
65538 1247
65539 1247
65540 1175
65541 1246
65542 1176
65543 1247
65544 1247
65545 1246
65546 1247
65547 1246
65548 1247
65549 1246
65550 1246
65551 1246
65552 1247
65553 1247
65554 1247
65555 1247
65556 1246
65557 1247
65558 1247
65559 1247
65560 1029
65561 1029
65562 1029
65563 1029
65564 1247
65565 1247
65566 1247
65567 1247
131072 894
131073 1035
131074 1176
131075 1178
131076 1106
131077 1177
131078 1249
131079 1248
131080 1249
131081 1248
131082 1249
131083 1249
131084 1177
131085 1177
131086 1176
131087 1105
131088 1178
131089 1249
131090 1249
131091 1249
131092 1324
131093 1249
131094 1177
131095 1177
131096 1177
131097 1106
131098 1249
131099 1465
131100 1248
131101 1248
131102 1322
131103 1247
196608 1034
196609 1464
196610 1178
196611 1323
196612 1323
196613 1323
196614 1323
196615 1249
196616 1249
196617 1324
196618 1249
196619 1464
196620 1177
196621 1248
196622 1321
196623 1321
196624 1177
196625 1248
196626 1247
196627 1248
196628 1247
196629 1251
196630 1246
196631 1247
196632 1247
196633 1247
196634 1247
196635 1176
196636 1247
196637 1247
196638 1246
196639 1246
262144 1110
262145 1106
262146 1178
262147 1248
262148 1177
262149 1465
262150 1249
262151 1465
262152 1249
262153 1395
262154 1249
262155 1396
262156 1397
262157 1248
262158 1248
262159 1249
262160 1247
262161 1176
262162 1103
262163 1175
262164 1249
262165 1249
262166 1176
262167 1176
262168 1176
262169 1176
262170 1175
262171 1177
262172 1177
262173 1393
262174 1247
262175 1321
327680 1108
327681 1247
327682 1247
327683 1247
327684 1176
327685 1248
327686 1176
327687 1323
327688 1106
327689 1394
327690 1247
327691 1247
327692 1247
327693 1248
327694 1248
327695 1177
327696 1248
327697 1248
327698 1248
327699 1248
327700 1248
327701 1248
327702 1248
327703 1248
327704 1247
327705 1030
327706 1030
327707 1106
327708 1106
327709 1248
327710 1106
327711 1391
393216 1110
393217 1177
393218 1030
393219 1105
393220 1176
393221 1248
393222 1249
393223 1248
393224 1106
393225 1106
393226 1106
393227 1249
393228 1249
393229 1539
393230 1249
393231 1539
393232 1682
393233 1178
393234 1106
393235 1682
393236 1177
393237 1248
393238 1248
393239 1177
393240 1177
393241 1248
393242 1247
393243 1247
393244 1247
393245 1177
393246 1248
393247 1322
458752 1110
458753 1247
458754 1247
458755 1106
458756 1106
458757 1248
458758 1106
458759 1030
458760 1030
458761 1030
458762 1247
458763 1248
458764 1252
458765 1322
458766 1322
458767 1393
458768 1248
458769 1248
458770 1029
458771 1248
458772 1176
458773 1248
458774 1033
458775 1177
458776 1248
458777 1248
458778 1247
458779 1248
458780 1106
458781 1247
458782 1247
458783 1250
524288 1258
524289 1248
524290 1176
524291 963
524292 1177
524293 1177
524294 1248
524295 1106
524296 957
524297 1106
524298 1247
524299 1248
524300 1176
524301 1248
524302 1106
524303 1106
524304 1247
524305 1248
524306 1248
524307 1248
524308 1321
524309 1248
524310 1105
524311 1321
524312 1247
524313 1247
524314 1247
524315 1246
524316 1176
524317 1105
524318 1245
524319 1247
589824 1182
589825 1248
589826 1177
589827 1177
589828 1177
589829 1177
589830 1177
589831 1177
589832 1176
589833 1177
589834 1248
589835 1177
589836 1177
589837 1177
589838 1177
589839 1321
589840 1322
589841 1248
589842 1176
589843 1106
589844 1248
589845 1321
589846 1246
589847 1247
589848 1176
589849 1105
589850 1246
589851 1247
589852 1176
589853 1246
589854 1247
589855 1247
655360 1399
655361 1318
655362 1104
655363 1104
655364 1176
655365 519
655366 239
655367 239
655368 239
655369 239
655370 239
655371 239
655372 239
655373 239
655374 239
655375 239
655376 239
655377 239
655378 239
655379 239
655380 239
655381 239
655382 239
655383 239
655384 239
655385 239
655386 239
655387 239
655388 239
655389 239
655390 239
655391 239
kernel_count 52605
