0 1254
1 1538
2 1396
3 1248
4 1106
5 1248
6 1106
7 1248
8 1030
9 1467
10 1248
11 1467
12 1247
13 1176
14 1248
15 1106
16 1248
17 1248
18 1248
19 1248
20 1177
21 1176
22 1248
23 1248
24 1397
25 1247
26 1247
27 1247
28 1175
29 1105
30 1247
31 1103
65536 1110
65537 1249
65538 1325
65539 1249
65540 1249
65541 1249
65542 1249
65543 1249
65544 1249
65545 1249
65546 1249
65547 1176
65548 1249
65549 1248
65550 1249
65551 1249
65552 1248
65553 1030
65554 1395
65555 1468
65556 1030
65557 1395
65558 1468
65559 1030
65560 1395
65561 1468
65562 1030
65563 1392
65564 1246
65565 1246
65566 1176
65567 1247
131072 1110
131073 1394
131074 1248
131075 1249
131076 1394
131077 1322
131078 1393
131079 1249
131080 892
131081 1323
131082 1249
131083 1248
131084 1249
131085 1394
131086 1322
131087 1249
131088 1249
131089 1466
131090 1248
131091 1464
131092 1246
131093 1247
131094 1245
131095 1247
131096 1246
131097 1246
131098 1247
131099 1247
131100 1247
131101 1247
131102 1247
131103 1247
kernel_count 15806
