0 1253
1 1030
2 1030
3 1030
4 1030
5 1030
6 1030
7 1249
8 1248
9 1249
10 1463
11 1177
12 1463
13 1393
14 1392
15 1248
16 1392
17 1248
18 1391
19 1248
20 1248
21 1249
22 1249
23 1249
24 1106
25 1463
26 1463
27 1175
28 1175
29 1174
30 1245
31 1173
65536 1038
65537 1249
65538 1177
65539 1176
65540 1176
65541 1176
65542 1177
65543 1177
65544 1176
65545 1175
65546 1175
65547 1176
65548 1105
65549 1105
65550 1177
65551 1176
65552 1324
65553 1106
65554 1249
65555 1106
65556 1248
65557 1178
65558 1249
65559 1106
65560 1177
65561 1106
65562 1248
65563 1249
65564 1249
65565 1395
65566 1392
65567 1392
131072 1254
131073 1324
131074 1106
131075 1249
131076 1106
131077 1030
131078 1249
131079 1177
131080 1106
131081 1176
131082 1030
131083 1030
131084 1106
131085 1249
131086 1249
131087 1177
131088 1324
131089 1105
131090 1249
131091 1177
131092 1395
131093 1248
131094 1248
131095 1106
131096 1106
131097 1248
131098 1248
131099 1106
131100 1248
131101 1248
131102 1392
131103 1175
196608 748
196609 747
196610 747
196611 747
196612 747
196613 747
196614 1106
196615 1177
196616 1106
196617 1394
196618 1394
196619 1394
196620 1394
196621 1394
196622 1394
196623 1177
196624 1249
196625 1249
196626 1177
196627 1249
196628 1177
196629 1177
196630 1177
196631 1177
196632 1177
196633 1177
196634 1248
196635 1249
196636 1249
196637 1248
196638 1106
196639 1466
262144 1330
262145 1322
262146 1248
262147 1248
262148 1248
262149 1248
262150 1248
262151 1322
262152 1248
262153 1248
262154 1177
262155 1248
262156 1248
262157 1248
262158 1175
262159 1175
262160 1175
262161 1246
262162 1175
262163 1177
262164 1248
262165 1030
262166 1180
262167 1251
262168 1180
262169 1030
262170 1247
262171 1176
262172 1030
262173 1247
262174 1176
262175 1247
327680 1182
327681 1466
327682 1248
327683 1394
327684 1393
327685 1394
327686 1393
327687 1248
327688 1106
327689 1248
327690 1248
327691 1251
327692 1030
327693 1248
327694 1177
327695 1177
327696 1175
327697 1175
327698 1175
327699 1175
327700 1248
327701 1246
327702 1106
327703 1177
327704 1248
327705 1248
327706 1248
327707 1106
327708 1177
327709 1248
327710 1106
327711 1322
393216 1182
393217 1176
393218 1176
393219 1247
393220 1247
393221 1105
393222 1247
393223 1247
393224 1247
393225 1175
393226 1247
393227 1175
393228 1246
393229 1247
393230 1029
393231 1175
393232 1246
393233 1245
393234 1247
393235 1247
393236 1247
393237 1247
393238 1176
393239 1176
393240 1247
393241 1246
393242 1175
393243 1104
393244 1175
393245 1175
393246 1175
393247 1175
458752 748
458753 1248
458754 1247
458755 1177
458756 1030
458757 1248
458758 1177
458759 1534
458760 1247
458761 1030
458762 1247
458763 1247
458764 1247
458765 1247
458766 1247
458767 1247
458768 1247
458769 1247
458770 1247
458771 1247
458772 1176
458773 1247
458774 1247
458775 1104
458776 1176
458777 1176
458778 1247
458779 1247
458780 1247
458781 1247
458782 1247
458783 1247
524288 1181
524289 1248
524290 1176
524291 1246
524292 1247
524293 1030
524294 1247
524295 1030
524296 1247
524297 1248
524298 1029
524299 1248
524300 1176
524301 1030
524302 1247
524303 1177
524304 1323
524305 1247
524306 1247
524307 1323
524308 1248
524309 1247
524310 1323
524311 1248
524312 1248
524313 1248
524314 1177
524315 1106
524316 1391
524317 1247
524318 1319
524319 1175
589824 1401
589825 1466
589826 1248
589827 1249
589828 1466
589829 1247
589830 1247
589831 1177
589832 1106
589833 1393
589834 1321
589835 1248
589836 1105
589837 1106
589838 1177
589839 1248
589840 1322
589841 1177
589842 1322
589843 1246
589844 1247
589845 1247
589846 1247
589847 1104
589848 1247
589849 1247
589850 1246
589851 1247
589852 1246
589853 1176
589854 1247
589855 1247
655360 1182
655361 1177
655362 1248
655363 1248
655364 808
655365 239
655366 239
655367 239
655368 239
655369 239
655370 239
655371 239
655372 239
655373 239
655374 239
655375 239
655376 239
655377 239
655378 239
655379 239
655380 239
655381 239
655382 239
655383 239
655384 239
655385 239
655386 239
655387 239
655388 239
655389 239
655390 239
655391 239
kernel_count 51932
