0 1688
1 1249
2 1678
3 1176
4 1248
5 1248
6 1249
7 1178
8 1249
9 1177
10 1177
11 1178
12 1177
13 1249
14 1177
15 1177
16 1679
17 1679
18 1678
19 1247
20 1246
21 1246
22 1247
23 1247
24 1176
25 1175
26 1176
27 1247
28 1176
29 1247
30 1175
31 1175
65536 1251
65537 1248
65538 1251
65539 1177
65540 1393
65541 1175
65542 1104
65543 1175
65544 1175
65545 1247
65546 1176
65547 1247
65548 1105
65549 1246
65550 1247
65551 1105
65552 1105
65553 1247
65554 1247
65555 1247
65556 1105
65557 1105
65558 1247
65559 1247
65560 1247
65561 1245
65562 1245
65563 1246
65564 1246
65565 1246
65566 1246
65567 1174
131072 1254
131073 1465
131074 1464
131075 1177
131076 1106
131077 1177
131078 1322
131079 1251
131080 1248
131081 1177
131082 1176
131083 1247
131084 1176
131085 1248
131086 1247
131087 1105
131088 1176
131089 1176
131090 1177
131091 1106
131092 1392
131093 1392
131094 1392
131095 1176
131096 1247
131097 1247
131098 1247
131099 1247
131100 1247
131101 1105
131102 1247
131103 1175
196608 1182
196609 1248
196610 1106
196611 1106
196612 1106
196613 1248
196614 1248
196615 1177
196616 1248
196617 1177
196618 1177
196619 1106
196620 1248
196621 1030
196622 1106
196623 1106
196624 1177
196625 1177
196626 1248
196627 1247
196628 1248
196629 1248
196630 1247
196631 1248
196632 1106
196633 1248
196634 1106
196635 1248
196636 1248
196637 1248
196638 1248
196639 1322
262144 1328
262145 1322
262146 1322
262147 1251
262148 1177
262149 1030
262150 1177
262151 1175
262152 1247
262153 1248
262154 1177
262155 1248
262156 1177
262157 1248
262158 1177
262159 1176
262160 1177
262161 1177
262162 1247
262163 1248
262164 1176
262165 1323
262166 1323
262167 1324
262168 1248
262169 1177
262170 1465
262171 1105
262172 1105
262173 1104
262174 1246
262175 1246
327680 1182
327681 1248
327682 1468
327683 1104
327684 1104
327685 1246
327686 1247
327687 1177
327688 1247
327689 1106
327690 1248
327691 1248
327692 1177
327693 1248
327694 1248
327695 1248
327696 1248
327697 1248
327698 1177
327699 1248
327700 1248
327701 1248
327702 1248
327703 1248
327704 1248
327705 1177
327706 1247
327707 1030
327708 1247
327709 1106
327710 1250
327711 1247
393216 1182
393217 1392
393218 1030
393219 1105
393220 1177
393221 1177
393222 1248
393223 1030
393224 1030
393225 1248
393226 1248
393227 1177
393228 1177
393229 1247
393230 1177
393231 1247
393232 1177
393233 1248
393234 1248
393235 1177
393236 1247
393237 1248
393238 1322
393239 1034
393240 1034
393241 1248
393242 1248
393243 1248
393244 1177
393245 1248
393246 1322
393247 1102
458752 1258
458753 1397
458754 1248
458755 1177
458756 1176
458757 1248
458758 1106
458759 1323
458760 1177
458761 1177
458762 1177
458763 1248
458764 1246
458765 1245
458766 1176
458767 1177
458768 1248
458769 1176
458770 1391
458771 1177
458772 1391
458773 1105
458774 1105
458775 1247
458776 1247
458777 1176
458778 1246
458779 1247
458780 1246
458781 1247
458782 1175
458783 1247
524288 1038
524289 1248
524290 1105
524291 739
524292 739
524293 739
524294 1394
524295 1105
524296 1393
524297 1393
524298 1248
524299 1248
524300 1030
524301 1177
524302 1246
524303 1248
524304 1177
524305 1247
524306 1247
524307 1248
524308 1248
524309 1247
524310 1181
524311 1248
524312 1106
524313 1176
524314 1106
524315 1177
524316 1248
524317 1397
524318 1322
524319 1322
589824 824
589825 822
589826 822
589827 1109
589828 1177
589829 1394
589830 1393
589831 1177
589832 1463
589833 1104
589834 1248
589835 1177
589836 1177
589837 1252
589838 1176
589839 1248
589840 1248
589841 1393
589842 1249
589843 1248
589844 1321
589845 1176
589846 1175
589847 1463
589848 1247
589849 1105
589850 1176
589851 1176
589852 1246
589853 1246
589854 1244
589855 1247
655360 1109
655361 239
655362 239
655363 239
655364 239
655365 239
655366 239
655367 239
655368 239
655369 239
655370 239
655371 239
655372 239
655373 239
655374 239
655375 239
655376 239
655377 239
655378 239
655379 239
655380 239
655381 239
655382 239
655383 239
655384 239
655385 239
655386 239
655387 239
655388 239
655389 239
655390 239
655391 239
kernel_count 51743
