0 1544
1 1536
2 1177
3 1465
4 1249
5 1249
6 1249
7 1465
8 1249
9 1536
10 1536
11 1177
12 1249
13 1465
14 1249
15 1249
16 1465
17 1248
18 1536
19 1247
20 1536
21 1246
22 1247
23 1246
24 1247
25 1176
26 1247
27 1247
28 1247
29 1176
30 1247
31 1175
65536 1182
65537 1175
65538 1176
65539 1176
65540 1175
65541 1175
65542 1247
65543 1247
65544 1247
65545 1247
65546 1246
65547 1247
65548 1247
65549 1246
65550 1246
65551 1105
65552 1247
65553 1246
65554 1246
65555 1246
65556 1246
65557 1247
65558 1247
65559 1247
65560 1246
65561 1247
65562 1247
65563 1247
65564 1247
65565 1247
65566 1175
65567 1171
131072 1254
131073 1248
131074 1248
131075 1392
131076 961
131077 1176
131078 1246
131079 1104
131080 816
131081 816
131082 1176
131083 1176
131084 1246
131085 1247
131086 1246
131087 1246
131088 1247
131089 1247
131090 1175
131091 1245
131092 1176
131093 1247
131094 1247
131095 1245
131096 1247
131097 1176
131098 1174
131099 1031
131100 1174
131101 1175
131102 1174
131103 885
196608 1253
196609 1248
196610 1248
196611 1322
196612 1177
196613 1248
196614 1177
196615 1248
196616 1248
196617 1322
196618 1322
196619 1248
196620 1248
196621 1177
196622 1177
196623 1248
196624 1248
196625 1322
196626 1248
196627 1248
196628 1247
196629 1320
196630 1247
196631 1248
196632 1247
196633 1247
196634 1319
196635 1247
196636 1246
196637 1246
196638 1247
196639 1247
262144 1401
262145 1249
262146 1249
262147 1249
262148 1106
262149 1394
262150 1321
262151 1248
262152 1322
262153 1105
262154 1177
262155 1249
262156 1177
262157 1249
262158 1248
262159 1248
262160 1249
262161 1176
262162 1464
262163 1464
262164 1176
262165 1463
262166 1247
262167 1247
262168 1176
262169 1175
262170 1246
262171 1247
262172 1246
262173 1031
262174 1104
262175 1174
327680 1109
327681 1177
327682 1247
327683 1106
327684 1247
327685 1248
327686 1248
327687 1247
327688 1248
327689 1392
327690 1392
327691 1392
327692 1392
327693 1248
327694 1177
327695 1248
327696 1248
327697 1248
327698 1248
327699 1177
327700 1248
327701 1248
327702 1248
327703 1106
327704 1392
327705 1392
327706 1247
327707 1245
327708 1245
327709 1245
327710 1245
327711 1245
393216 1110
393217 1106
393218 1106
393219 1323
393220 1247
393221 1247
393222 1248
393223 1177
393224 1248
393225 1248
393226 1177
393227 1106
393228 1322
393229 1248
393230 1106
393231 1248
393232 1106
393233 1177
393234 1177
393235 1392
393236 1247
393237 1247
393238 1247
393239 1247
393240 1247
393241 1247
393242 1105
393243 1175
393244 1246
393245 1105
393246 1176
393247 1247
458752 1254
458753 1249
458754 1249
458755 1249
458756 1249
458757 1249
458758 1249
458759 1249
458760 1249
458761 1249
458762 1249
458763 1249
458764 1249
458765 1249
458766 1105
458767 1106
458768 1249
458769 1249
458770 1467
458771 1249
458772 1249
458773 1176
458774 1106
458775 1249
458776 1753
458777 1248
458778 1248
458779 1248
458780 1248
458781 1250
458782 1250
458783 1250
524288 824
524289 822
524290 822
524291 822
524292 822
524293 1249
524294 1465
524295 1248
524296 1393
524297 1393
524298 1249
524299 1249
524300 1248
524301 1249
524302 1248
524303 1249
524304 1248
524305 1465
524306 1249
524307 1175
524308 1176
524309 1249
524310 1248
524311 1465
524312 1248
524313 1175
524314 1177
524315 1177
524316 1175
524317 1175
524318 1175
524319 1322
589824 1109
589825 1102
589826 1247
589827 1248
589828 1465
589829 1248
589830 1465
589831 1248
589832 1177
589833 1323
589834 1252
589835 1106
589836 1251
589837 1321
589838 1322
589839 1251
589840 1322
589841 1247
589842 1247
589843 1322
589844 1323
589845 1247
589846 1323
589847 1323
589848 1323
589849 1323
589850 1248
589851 1392
589852 1177
589853 1392
589854 1392
589855 1103
655360 1110
655361 1106
655362 1106
655363 1249
655364 1466
655365 1248
655366 1030
655367 1247
655368 1248
655369 1248
655370 1247
655371 1247
655372 1176
655373 1177
655374 1176
655375 1248
655376 1248
655377 1248
655378 1177
655379 1247
655380 1248
655381 1397
655382 1248
655383 1177
655384 1177
655385 1177
655386 1392
655387 1177
655388 1177
655389 1248
655390 1392
655391 1175
720896 748
720897 1112
720898 1397
720899 1324
720900 1467
720901 1324
720902 1178
720903 1178
720904 1393
720905 1104
720906 239
720907 239
720908 239
720909 239
720910 239
720911 239
720912 239
720913 239
720914 239
720915 239
720916 239
720917 239
720918 239
720919 239
720920 239
720921 239
720922 239
720923 239
720924 239
720925 239
720926 239
720927 239
kernel_count 59139
