0 1254
1 1323
2 1324
3 1249
4 1248
5 1248
6 1249
7 1324
8 1249
9 1249
10 1249
11 1323
12 1249
13 1106
14 1249
15 1395
16 1106
17 1249
18 1106
19 1394
20 1177
21 1395
22 1106
23 1395
24 1106
25 1249
26 1106
27 1394
28 1177
29 1394
30 1103
31 1103
65536 1330
65537 1249
65538 1249
65539 1177
65540 1248
65541 1466
65542 1248
65543 1248
65544 1322
65545 1106
65546 1247
65547 1248
65548 1248
65549 1247
65550 1322
65551 1393
65552 1248
65553 1393
65554 1248
65555 1392
65556 1248
65557 1392
65558 1106
65559 1106
65560 1180
65561 1247
65562 1247
65563 1247
65564 1392
65565 1247
65566 1248
65567 1392
131072 748
131073 747
131074 822
131075 748
131076 1107
131077 1323
131078 1323
131079 1248
131080 1247
131081 1248
131082 1248
131083 1246
131084 881
131085 239
131086 239
131087 239
131088 239
131089 239
131090 239
131091 239
131092 239
131093 239
131094 239
131095 239
131096 239
131097 239
131098 239
131099 239
131100 239
131101 239
131102 239
131103 239
kernel_count 12826
