0 1182
1 1177
2 1249
3 1177
4 1249
5 1177
6 1177
7 1249
8 1177
9 1177
10 1248
11 1249
12 1248
13 1249
14 1176
15 1249
16 1249
17 1248
18 1249
19 1249
20 1249
21 1249
22 1177
23 1177
24 1177
25 1610
26 1177
27 1248
28 1248
29 1322
30 1247
31 1247
65536 1254
65537 1249
65538 1177
65539 1249
65540 1248
65541 1248
65542 1177
65543 1248
65544 1249
65545 1248
65546 1249
65547 1177
65548 1106
65549 1249
65550 1249
65551 1249
65552 1249
65553 1249
65554 1033
65555 1176
65556 1249
65557 1106
65558 1464
65559 1464
65560 1246
65561 1104
65562 1175
65563 1176
65564 1176
65565 1175
65566 1176
65567 1175
131072 748
131073 747
131074 747
131075 747
131076 1177
131077 1177
131078 1177
131079 1248
131080 1176
131081 1177
131082 1177
131083 1248
131084 1175
131085 1177
131086 1248
131087 1177
131088 1322
131089 1247
131090 1247
131091 1247
131092 1247
131093 1247
131094 1247
131095 1176
131096 1247
131097 1247
131098 1247
131099 1176
131100 1247
131101 1105
131102 1247
131103 1247
196608 1110
196609 1248
196610 1177
196611 1177
196612 1323
196613 1252
196614 1177
196615 1248
196616 1248
196617 1106
196618 1177
196619 1247
196620 1246
196621 1247
196622 1246
196623 1247
196624 1247
196625 1248
196626 1393
196627 1177
196628 1322
196629 1248
196630 1248
196631 1106
196632 1248
196633 1106
196634 1247
196635 1247
196636 1248
196637 1177
196638 1180
196639 1247
262144 965
262145 1177
262146 1248
262147 1106
262148 1249
262149 1325
262150 1106
262151 1030
262152 1249
262153 1249
262154 1393
262155 1248
262156 1248
262157 1034
262158 1177
262159 1248
262160 1248
262161 1106
262162 1030
262163 1248
262164 1177
262165 1247
262166 1246
262167 1246
262168 1175
262169 1535
262170 1033
262171 1175
262172 1176
262173 1247
262174 1245
262175 1246
327680 748
327681 745
327682 746
327683 1175
327684 1105
327685 1175
327686 1104
327687 1248
327688 1322
327689 1175
327690 1175
327691 1247
327692 1322
327693 1322
327694 1247
327695 1324
327696 1249
327697 1249
327698 1249
327699 1249
327700 1249
327701 1394
327702 1248
327703 1249
327704 1249
327705 1250
327706 1105
327707 1248
327708 1248
327709 1249
327710 1249
327711 1394
393216 1254
393217 1249
393218 1248
393219 1178
393220 1249
393221 1249
393222 1177
393223 1104
393224 1104
393225 1104
393226 1104
393227 1104
393228 1104
393229 1104
393230 1176
393231 1248
393232 1248
393233 1249
393234 1399
393235 1325
393236 1248
393237 1249
393238 1610
393239 1466
393240 1247
393241 1035
393242 1177
393243 1248
393244 1251
393245 1105
393246 1247
393247 1174
458752 1472
458753 1249
458754 1467
458755 1248
458756 1249
458757 1249
458758 1249
458759 1249
458760 1325
458761 1031
458762 1031
458763 1177
458764 1177
458765 1177
458766 1177
458767 1680
458768 1249
458769 1249
458770 1249
458771 1680
458772 1680
458773 1248
458774 1248
458775 1323
458776 1392
458777 1392
458778 1393
458779 1105
458780 1105
458781 1247
458782 1246
458783 1247
524288 1254
524289 1249
524290 1248
524291 1248
524292 1248
524293 1106
524294 1470
524295 1178
524296 1324
524297 1177
524298 1106
524299 1249
524300 1030
524301 1106
524302 1249
524303 1030
524304 1106
524305 1249
524306 1106
524307 1248
524308 1324
524309 1106
524310 1249
524311 1249
524312 1249
524313 1249
524314 1249
524315 1249
524316 1249
524317 1249
524318 1464
524319 1247
589824 1257
589825 1177
589826 1249
589827 1325
589828 1106
589829 1324
589830 1325
589831 1249
589832 1249
589833 1324
589834 1249
589835 1249
589836 1248
589837 1394
589838 1612
589839 1467
589840 1468
589841 1467
589842 1466
589843 1467
589844 1323
589845 1896
589846 1248
589847 1246
589848 1394
589849 1535
589850 1176
589851 1246
589852 1247
589853 1105
589854 1175
589855 1246
655360 1254
655361 1107
655362 1402
655363 1399
655364 1249
655365 1400
655366 1177
655367 1402
655368 1400
655369 1249
655370 1326
655371 1615
655372 1392
655373 957
655374 239
655375 239
655376 239
655377 239
655378 239
655379 239
655380 239
655381 239
655382 239
655383 239
655384 239
655385 239
655386 239
655387 239
655388 239
655389 239
655390 239
655391 239
kernel_count 54425
