0 1181
1 1176
2 1249
3 1177
4 1177
5 1176
6 1249
7 1463
8 1247
9 1246
10 1175
11 1247
12 1176
13 1247
14 1176
15 1247
16 1247
17 1176
18 1247
19 1247
20 1176
21 1246
22 1174
23 1247
24 1246
25 1247
26 1105
27 1105
28 1105
29 1246
30 1247
31 1175
65536 1110
65537 1176
65538 1249
65539 1106
65540 1249
65541 1248
65542 1249
65543 1176
65544 1464
65545 1247
65546 1248
65547 1248
65548 1248
65549 1248
65550 1177
65551 1177
65552 1247
65553 1248
65554 1321
65555 1105
65556 1176
65557 1247
65558 1176
65559 1105
65560 1247
65561 1247
65562 1247
65563 1176
65564 1247
65565 1247
65566 1246
65567 1247
131072 1254
131073 1247
131074 1247
131075 1247
131076 1247
131077 1247
131078 1247
131079 1247
131080 1247
131081 1247
131082 1247
131083 1247
131084 1247
131085 1247
131086 1176
131087 1247
131088 1247
131089 1247
131090 1247
131091 1176
131092 1176
131093 1247
131094 1247
131095 1247
131096 1174
131097 1247
131098 1247
131099 1247
131100 1247
131101 1246
131102 1247
131103 1247
196608 1038
196609 1030
196610 1106
196611 1177
196612 1248
196613 1029
196614 1030
196615 1247
196616 1248
196617 1323
196618 1177
196619 1247
196620 1030
196621 1248
196622 1105
196623 1106
196624 1106
196625 1248
196626 1248
196627 1106
196628 1248
196629 1248
196630 1248
196631 1248
196632 1248
196633 1248
196634 1105
196635 1323
196636 1177
196637 1246
196638 1246
196639 1391
262144 1254
262145 1249
262146 1249
262147 1249
262148 1249
262149 1249
262150 1249
262151 1249
262152 1249
262153 1249
262154 1028
262155 1028
262156 1028
262157 1247
262158 1324
262159 1249
262160 1105
262161 1248
262162 1249
262163 1248
262164 1249
262165 1249
262166 1249
262167 1249
262168 1249
262169 1249
262170 1249
262171 1249
262172 1249
262173 1249
262174 1463
262175 1247
327680 1182
327681 1247
327682 1247
327683 1247
327684 1246
327685 1105
327686 1247
327687 1247
327688 1105
327689 1247
327690 1246
327691 1175
327692 1176
327693 1247
327694 1247
327695 1247
327696 1247
327697 1247
327698 1105
327699 1105
327700 1246
327701 1247
327702 1247
327703 1176
327704 1175
327705 1175
327706 1175
327707 1175
327708 1247
327709 1247
327710 1247
327711 1246
393216 1253
393217 1248
393218 1247
393219 1248
393220 1177
393221 1393
393222 1177
393223 1392
393224 1393
393225 1393
393226 1176
393227 1106
393228 1247
393229 1248
393230 1177
393231 1176
393232 1248
393233 1248
393234 1248
393235 1177
393236 1248
393237 1322
393238 1176
393239 1176
393240 1247
393241 1246
393242 1246
393243 1247
393244 1247
393245 1245
393246 1247
393247 1247
458752 1033
458753 1395
458754 1249
458755 1249
458756 1177
458757 1249
458758 1176
458759 1177
458760 1177
458761 1247
458762 1394
458763 1394
458764 1324
458765 1249
458766 1466
458767 1247
458768 1393
458769 1393
458770 1394
458771 1106
458772 1176
458773 1247
458774 1248
458775 1465
458776 1466
458777 1246
458778 1248
458779 1248
458780 1247
458781 1247
458782 1392
458783 1247
524288 1254
524289 1246
524290 1246
524291 1246
524292 1247
524293 1247
524294 1247
524295 1247
524296 1247
524297 1247
524298 960
524299 960
524300 1247
524301 1247
524302 1176
524303 1247
524304 1247
524305 1247
524306 1175
524307 1175
524308 1247
524309 1247
524310 1175
524311 1175
524312 1176
524313 1247
524314 1175
524315 1176
524316 1247
524317 1176
524318 1247
524319 1247
589824 748
589825 747
589826 1177
589827 1248
589828 1248
589829 1246
589830 1247
589831 1323
589832 1106
589833 1177
589834 1248
589835 1247
589836 1177
589837 1247
589838 1177
589839 1177
589840 1177
589841 1248
589842 1248
589843 1248
589844 1177
589845 1248
589846 1248
589847 1247
589848 1246
589849 1323
589850 1175
589851 1175
589852 1248
589853 1106
589854 1177
589855 1396
655360 1253
655361 1176
655362 1176
655363 1248
655364 1247
655365 1247
655366 1247
655367 1247
655368 1392
655369 1248
655370 1248
655371 1248
655372 1247
655373 1176
655374 1248
655375 1248
655376 1392
655377 1392
655378 1247
655379 1247
655380 1246
655381 1247
655382 1176
655383 1174
655384 1175
655385 1105
655386 1176
655387 1104
655388 1176
655389 1103
655390 1103
655391 1245
720896 1257
720897 1250
720898 1250
720899 1250
720900 1249
720901 1249
720902 1254
720903 1250
720904 1250
720905 1395
720906 1466
720907 1249
720908 1322
720909 1323
720910 1249
720911 1249
720912 1248
720913 1178
720914 1323
720915 1178
720916 812
720917 239
720918 239
720919 239
720920 239
720921 239
720922 239
720923 239
720924 239
720925 239
720926 239
720927 239
kernel_count 59900
