0 1254
1 1246
2 1247
3 1247
4 1247
5 1176
6 1247
7 1175
8 1175
9 1176
10 1247
11 1247
12 1247
13 1030
14 1175
15 1247
16 1247
17 1247
18 1247
19 1247
20 1175
21 1247
22 1175
23 1176
24 1247
25 1247
26 1246
27 1247
28 1030
29 1176
30 1247
31 1247
65536 748
65537 1033
65538 1248
65539 1248
65540 1247
65541 1247
65542 1248
65543 1176
65544 1106
65545 1030
65546 1248
65547 1176
65548 1247
65549 1247
65550 1248
65551 1247
65552 1247
65553 1247
65554 1247
65555 1177
65556 1248
65557 1246
65558 1246
65559 1246
65560 1177
65561 1177
65562 1177
65563 1248
65564 1322
65565 1322
65566 1322
65567 1245
131072 1181
131073 1176
131074 1177
131075 1177
131076 1176
131077 1248
131078 1322
131079 1250
131080 1322
131081 1247
131082 1247
131083 1104
131084 1104
131085 1104
131086 1030
131087 1247
131088 1247
131089 1247
131090 1176
131091 1247
131092 1247
131093 1246
131094 1105
131095 1247
131096 1176
131097 1176
131098 1247
131099 1247
131100 1030
131101 1247
131102 1247
131103 1103
196608 1034
196609 1106
196610 1178
196611 1030
196612 1030
196613 1030
196614 1249
196615 1253
196616 1395
196617 1325
196618 1324
196619 1249
196620 1178
196621 1106
196622 1030
196623 1030
196624 1030
196625 1248
196626 1249
196627 1395
196628 1249
196629 1249
196630 1541
196631 1395
196632 1249
196633 1249
196634 1325
196635 1249
196636 1249
196637 1249
196638 1608
196639 1175
262144 1329
262145 1466
262146 1466
262147 1177
262148 1249
262149 1177
262150 1177
262151 1539
262152 1324
262153 1324
262154 1176
262155 1248
262156 1248
262157 1249
262158 1325
262159 1249
262160 1249
262161 1249
262162 1469
262163 1612
262164 1609
262165 1248
262166 1248
262167 1248
262168 1251
262169 1394
262170 1392
262171 1392
262172 1392
262173 1392
262174 1173
262175 1246
327680 1254
327681 1247
327682 1246
327683 1176
327684 1176
327685 1176
327686 1105
327687 1174
327688 1174
327689 1176
327690 1247
327691 1176
327692 1247
327693 1175
327694 1247
327695 1175
327696 1247
327697 1175
327698 1247
327699 1247
327700 1246
327701 1247
327702 1246
327703 1246
327704 1246
327705 1247
327706 1246
327707 1247
327708 1247
327709 1247
327710 1104
327711 1175
393216 1034
393217 958
393218 1175
393219 1175
393220 1106
393221 1248
393222 1177
393223 1248
393224 1247
393225 1248
393226 1248
393227 1248
393228 1248
393229 1106
393230 1106
393231 1177
393232 1394
393233 1177
393234 1394
393235 1248
393236 1177
393237 1175
393238 1248
393239 1248
393240 1248
393241 1176
393242 1248
393243 1248
393244 1176
393245 1396
393246 1247
393247 1175
458752 1182
458753 1177
458754 1106
458755 1248
458756 1248
458757 1030
458758 1248
458759 1030
458760 1248
458761 1247
458762 1248
458763 1248
458764 1247
458765 1248
458766 1250
458767 1247
458768 1245
458769 1247
458770 1176
458771 1247
458772 1176
458773 1176
458774 1105
458775 1176
458776 1247
458777 1176
458778 1247
458779 1176
458780 1176
458781 1247
458782 1245
458783 1247
524288 1254
524289 1177
524290 1392
524291 1320
524292 1032
524293 1105
524294 1105
524295 1176
524296 1105
524297 1176
524298 1032
524299 1247
524300 1247
524301 1247
524302 1247
524303 1247
524304 1030
524305 1247
524306 1105
524307 1247
524308 1176
524309 1105
524310 1105
524311 1247
524312 1176
524313 1176
524314 1176
524315 1247
524316 1175
524317 815
524318 1175
524319 1175
589824 1038
589825 1105
589826 1106
589827 1248
589828 1392
589829 1391
589830 1392
589831 1392
589832 1392
589833 1392
589834 1392
589835 1392
589836 1392
589837 1392
589838 1248
589839 1177
589840 1177
589841 1176
589842 1392
589843 1247
589844 1248
589845 1248
589846 1248
589847 1177
589848 1030
589849 1248
589850 1321
589851 1247
589852 1247
589853 1246
589854 1173
589855 1173
655360 1254
655361 1249
655362 1178
655363 1107
655364 1392
655365 1105
655366 1176
655367 1105
655368 1176
655369 957
655370 1103
655371 1104
655372 814
655373 239
655374 239
655375 239
655376 239
655377 239
655378 239
655379 239
655380 239
655381 239
655382 239
655383 239
655384 239
655385 239
655386 239
655387 239
655388 239
655389 239
655390 239
655391 239
kernel_count 53417
