0 1254
1 1247
2 1247
3 1248
4 1247
5 1248
6 1176
7 1174
8 1247
9 1392
10 1392
11 1248
12 1392
13 1248
14 1392
15 1248
16 1392
17 1248
18 1392
19 1392
20 1248
21 1392
22 1248
23 1392
24 1248
25 1392
26 1176
27 1247
28 1247
29 1247
30 1245
31 1028
65536 1110
65537 1249
65538 1248
65539 1323
65540 1249
65541 1249
65542 1249
65543 1249
65544 1249
65545 1106
65546 1106
65547 1539
65548 1249
65549 1177
65550 1249
65551 1249
65552 1177
65553 1465
65554 1465
65555 1248
65556 1175
65557 1177
65558 1176
65559 1248
65560 1248
65561 1248
65562 1251
65563 1247
65564 1105
65565 1104
65566 1247
65567 1103
131072 1182
131073 1324
131074 1176
131075 1178
131076 1249
131077 1249
131078 1248
131079 1249
131080 1249
131081 1395
131082 1176
131083 1178
131084 1178
131085 1178
131086 1178
131087 1106
131088 1249
131089 1468
131090 1468
131091 1176
131092 1468
131093 1248
131094 1248
131095 1247
131096 1247
131097 1176
131098 1247
131099 1322
131100 1247
131101 1247
131102 1247
131103 1247
196608 1254
196609 1177
196610 1246
196611 1247
196612 1177
196613 1248
196614 1176
196615 1248
196616 1247
196617 1177
196618 1176
196619 1252
196620 1248
196621 1248
196622 1322
196623 1176
196624 1247
196625 1176
196626 1246
196627 1246
196628 1247
196629 1247
196630 1247
196631 1247
196632 1105
196633 1247
196634 1247
196635 1247
196636 1176
196637 1175
196638 1104
196639 1246
262144 1257
262145 1252
262146 1394
262147 1248
262148 1176
262149 1248
262150 1106
262151 1246
262152 1247
262153 1248
262154 1176
262155 1248
262156 1177
262157 1248
262158 1177
262159 1248
262160 1177
262161 1106
262162 1248
262163 1248
262164 1175
262165 1248
262166 1176
262167 1247
262168 1248
262169 1248
262170 1248
262171 1177
262172 1177
262173 1177
262174 1250
262175 1246
327680 1037
327681 1176
327682 1034
327683 1176
327684 1249
327685 1249
327686 1326
327687 1326
327688 1397
327689 1247
327690 1396
327691 1176
327692 1176
327693 1466
327694 1176
327695 1325
327696 1248
327697 1249
327698 1248
327699 1249
327700 1249
327701 1249
327702 1249
327703 1249
327704 1249
327705 1249
327706 1177
327707 1468
327708 1465
327709 1321
327710 1176
327711 1174
393216 1254
393217 1249
393218 1249
393219 1177
393220 1392
393221 1248
393222 1249
393223 1249
393224 1249
393225 1323
393226 1248
393227 1247
393228 1247
393229 1247
393230 1248
393231 1248
393232 1177
393233 1177
393234 1248
393235 1248
393236 1248
393237 1247
393238 239
393239 239
393240 239
393241 239
393242 239
393243 239
393244 239
393245 239
393246 239
393247 239
kernel_count 35118
