0 1253
1 1246
2 1175
3 1176
4 1246
5 1246
6 1175
7 1176
8 1176
9 1176
10 1247
11 1176
12 1247
13 1247
14 1176
15 1247
16 1247
17 1247
18 1247
19 1176
20 1247
21 1247
22 1247
23 1247
24 1176
25 1247
26 1246
27 1247
28 1246
29 1247
30 1246
31 1247
65536 748
65537 747
65538 747
65539 747
65540 1248
65541 1248
65542 1246
65543 1248
65544 1248
65545 1392
65546 1321
65547 1177
65548 1320
65549 1247
65550 1247
65551 1247
65552 1247
65553 1246
65554 1247
65555 1247
65556 1247
65557 1247
65558 1247
65559 1247
65560 1175
65561 1105
65562 1105
65563 1247
65564 1175
65565 1175
65566 1103
65567 1103
131072 1330
131073 1252
131074 746
131075 1247
131076 1322
131077 1251
131078 1248
131079 1175
131080 1248
131081 1175
131082 1249
131083 1248
131084 1249
131085 1249
131086 1249
131087 1249
131088 1249
131089 1249
131090 1249
131091 1249
131092 1177
131093 1176
131094 1249
131095 1030
131096 1105
131097 1177
131098 1249
131099 1249
131100 1464
131101 1247
131102 1175
131103 1174
196608 1254
196609 1249
196610 1967
196611 1249
196612 1249
196613 1395
196614 1394
196615 1322
196616 1465
196617 1322
196618 1248
196619 1106
196620 1248
196621 1247
196622 1248
196623 1176
196624 1176
196625 1176
196626 1176
196627 1176
196628 1176
196629 1176
196630 1176
196631 1177
196632 1322
196633 1247
196634 1246
196635 1247
196636 1174
196637 1175
196638 1175
196639 1246
262144 747
262145 746
262146 1248
262147 1246
262148 1249
262149 1249
262150 1030
262151 1030
262152 1106
262153 886
262154 1249
262155 1249
262156 1249
262157 1106
262158 1105
262159 1175
262160 1612
262161 1826
262162 1248
262163 1827
262164 1030
262165 1030
262166 1176
262167 1247
262168 1246
262169 1246
262170 1247
262171 1247
262172 1246
262173 1174
262174 1104
262175 1175
327680 1254
327681 1248
327682 1248
327683 1248
327684 1248
327685 1177
327686 1177
327687 1247
327688 1248
327689 1248
327690 1177
327691 1248
327692 1177
327693 1176
327694 1248
327695 1177
327696 1248
327697 1248
327698 1248
327699 1322
327700 1248
327701 1248
327702 1177
327703 1177
327704 1177
327705 1177
327706 1106
327707 1248
327708 1248
327709 1322
327710 1322
327711 1247
393216 748
393217 1178
393218 1393
393219 1249
393220 1249
393221 1249
393222 1249
393223 1249
393224 1249
393225 1106
393226 1106
393227 1248
393228 1464
393229 1106
393230 1248
393231 1177
393232 1249
393233 1249
393234 1106
393235 1464
393236 1464
393237 1177
393238 1464
393239 1176
393240 1030
393241 1247
393242 1247
393243 1247
393244 1247
393245 1246
393246 1176
393247 1175
458752 1254
458753 1176
458754 239
458755 239
458756 239
458757 239
458758 239
458759 239
458760 239
458761 239
458762 239
458763 239
458764 239
458765 239
458766 239
458767 239
458768 239
458769 239
458770 239
458771 239
458772 239
458773 239
458774 239
458775 239
458776 239
458777 239
458778 239
458779 239
458780 239
458781 239
458782 239
458783 239
kernel_count 36592
