0 1547
1 1177
2 1105
3 1106
4 1249
5 1248
6 1249
7 1249
8 1249
9 1249
10 1249
11 1465
12 1249
13 1465
14 1248
15 1248
16 1248
17 1248
18 1177
19 1176
20 1248
21 1177
22 1248
23 1248
24 1248
25 1177
26 1323
27 1030
28 1248
29 1248
30 1176
31 1391
65536 962
65537 1106
65538 1248
65539 1393
65540 1247
65541 1177
65542 1323
65543 1248
65544 1030
65545 1029
65546 1247
65547 1323
65548 1248
65549 1181
65550 1247
65551 1106
65552 1323
65553 1248
65554 1181
65555 1323
65556 1106
65557 1248
65558 1247
65559 1176
65560 1177
65561 1391
65562 1177
65563 1391
65564 1177
65565 1391
65566 1176
65567 1247
131072 1330
131073 1393
131074 1248
131075 1322
131076 1247
131077 1176
131078 1247
131079 1246
131080 1030
131081 1029
131082 1030
131083 1030
131084 1030
131085 1246
131086 1030
131087 1246
131088 1247
131089 1247
131090 1247
131091 1247
131092 1246
131093 1246
131094 1029
131095 1030
131096 1030
131097 1030
131098 1246
131099 1030
131100 1246
131101 1247
131102 1246
131103 1247
196608 1182
196609 1031
196610 1107
196611 1466
196612 1253
196613 1466
196614 1249
196615 1252
196616 1177
196617 1106
196618 1247
196619 1247
196620 1247
196621 1106
196622 1106
196623 1248
196624 1248
196625 1248
196626 1248
196627 808
196628 239
196629 239
196630 239
196631 239
196632 239
196633 239
196634 239
196635 239
196636 239
196637 239
196638 239
196639 239
kernel_count 18654
