0 1401
1 1249
2 1249
3 1249
4 1177
5 1465
6 1249
7 1249
8 1249
9 1465
10 1248
11 1177
12 1176
13 1247
14 1248
15 1321
16 1247
17 1177
18 1177
19 1248
20 1177
21 1321
22 1321
23 1176
24 1247
25 1176
26 1247
27 1247
28 1176
29 1175
30 1246
31 1246
65536 824
65537 747
65538 1030
65539 1248
65540 1248
65541 1177
65542 1248
65543 1248
65544 1176
65545 1105
65546 1030
65547 1176
65548 1176
65549 1248
65550 1177
65551 1177
65552 1177
65553 1106
65554 1397
65555 1396
65556 1397
65557 1177
65558 1177
65559 1176
65560 1251
65561 1247
65562 1030
65563 1247
65564 1246
65565 1247
65566 1247
65567 1247
131072 748
131073 1248
131074 1248
131075 1322
131076 1247
131077 1176
131078 1105
131079 1105
131080 1105
131081 1247
131082 1247
131083 1247
131084 1175
131085 1247
131086 1247
131087 1247
131088 1247
131089 1247
131090 1175
131091 1176
131092 1102
131093 1105
131094 1105
131095 1102
131096 1105
131097 1176
131098 1247
131099 1176
131100 1030
131101 1246
131102 1247
131103 1175
196608 1182
196609 1177
196610 1249
196611 1106
196612 1030
196613 1106
196614 1176
196615 1177
196616 1106
196617 1175
196618 1177
196619 1176
196620 1249
196621 1249
196622 1324
196623 1248
196624 1465
196625 1248
196626 1106
196627 1248
196628 1248
196629 1030
196630 1030
196631 1030
196632 1393
196633 1106
196634 1247
196635 1321
196636 1105
196637 1176
196638 1250
196639 1103
262144 1253
262145 1177
262146 1249
262147 1540
262148 1252
262149 1247
262150 1392
262151 1248
262152 1248
262153 1248
262154 1177
262155 1248
262156 1248
262157 1248
262158 1248
262159 1248
262160 1248
262161 1106
262162 1033
262163 1033
262164 1034
262165 1033
262166 1033
262167 1106
262168 1392
262169 1175
262170 1246
262171 1245
262172 1247
262173 1175
262174 1175
262175 1175
327680 1254
327681 1176
327682 1251
327683 1251
327684 1394
327685 1249
327686 1249
327687 1176
327688 1177
327689 1392
327690 1394
327691 1394
327692 1249
327693 1249
327694 1248
327695 1394
327696 1030
327697 1248
327698 1248
327699 1323
327700 1030
327701 959
327702 1248
327703 1248
327704 1392
327705 1246
327706 1247
327707 1246
327708 960
327709 1105
327710 1247
327711 1247
393216 1254
393217 1177
393218 1248
393219 1177
393220 1248
393221 1248
393222 1248
393223 1177
393224 1177
393225 1248
393226 1247
393227 1176
393228 1106
393229 1248
393230 1106
393231 1248
393232 1248
393233 1248
393234 1322
393235 1248
393236 1248
393237 1177
393238 1247
393239 1248
393240 1252
393241 1247
393242 1392
393243 1247
393244 1246
393245 1247
393246 1246
393247 1247
458752 1254
458753 1253
458754 1249
458755 1253
458756 1323
458757 1104
458758 1249
458759 1177
458760 1177
458761 1249
458762 1248
458763 1247
458764 1249
458765 1247
458766 1248
458767 1248
458768 1466
458769 1465
458770 1248
458771 1177
458772 1105
458773 1176
458774 1323
458775 1248
458776 1248
458777 1248
458778 1248
458779 1177
458780 1396
458781 1396
458782 1176
458783 1247
524288 1691
524289 1248
524290 1248
524291 1248
524292 1248
524293 239
524294 239
524295 239
524296 239
524297 239
524298 239
524299 239
524300 239
524301 239
524302 239
524303 239
524304 239
524305 239
524306 239
524307 239
524308 239
524309 239
524310 239
524311 239
524312 239
524313 239
524314 239
524315 239
524316 239
524317 239
524318 239
524319 239
kernel_count 42180
