0 1253
1 1248
2 1393
3 1393
4 1248
5 1248
6 1248
7 1248
8 1248
9 1248
10 1248
11 1247
12 1248
13 1247
14 1248
15 1247
16 1106
17 1248
18 1248
19 1246
20 1180
21 1251
22 1176
23 1247
24 1247
25 1246
26 1247
27 1246
28 1247
29 1176
30 1030
31 1247
65536 1038
65537 1249
65538 1105
65539 1249
65540 1176
65541 1249
65542 1248
65543 1106
65544 1249
65545 1249
65546 1397
65547 1465
65548 1175
65549 1249
65550 1824
65551 1248
65552 1248
65553 1248
65554 1321
65555 1323
65556 1322
65557 1247
65558 1248
65559 1248
65560 1465
65561 1247
65562 1247
65563 1176
65564 1247
65565 1247
65566 1175
65567 1175
131072 1182
131073 1177
131074 1398
131075 1247
131076 1248
131077 1177
131078 1248
131079 1248
131080 1248
131081 1246
131082 1248
131083 1248
131084 1177
131085 1321
131086 1248
131087 1248
131088 1321
131089 1247
131090 1247
131091 1247
131092 1246
131093 1247
131094 1247
131095 1246
131096 1246
131097 1247
131098 1247
131099 1247
131100 1247
131101 1247
131102 1247
131103 1246
196608 1038
196609 1106
196610 1394
196611 1176
196612 1465
196613 1249
196614 1177
196615 1249
196616 1464
196617 1464
196618 1464
196619 1394
196620 1394
196621 1394
196622 1323
196623 1249
196624 1177
196625 1466
196626 1248
196627 886
196628 1247
196629 1247
196630 1176
196631 1247
196632 1248
196633 1106
196634 1106
196635 1106
196636 1177
196637 1392
196638 1392
196639 1392
262144 824
262145 824
262146 1183
262147 824
262148 824
262149 824
262150 824
262151 824
262152 1183
262153 969
262154 1249
262155 1398
262156 1322
262157 1031
262158 1250
262159 1250
262160 1179
262161 1178
262162 1249
262163 1250
262164 1250
262165 1465
262166 1462
262167 239
262168 239
262169 239
262170 239
262171 239
262172 239
262173 239
262174 239
262175 239
kernel_count 24635
