0 1254
1 1177
2 1249
3 1249
4 1538
5 1249
6 1538
7 1247
8 1247
9 1175
10 1247
11 1105
12 1247
13 1247
14 1247
15 1247
16 1247
17 1105
18 1105
19 1104
20 1174
21 1174
22 1174
23 1176
24 1176
25 1174
26 1174
27 1174
28 1247
29 1174
30 1174
31 1175
65536 1180
65537 1177
65538 1248
65539 1177
65540 1029
65541 1248
65542 1248
65543 1248
65544 1322
65545 1247
65546 1247
65547 1176
65548 1176
65549 1176
65550 1030
65551 1176
65552 1247
65553 1104
65554 1105
65555 1245
65556 1245
65557 1247
65558 1105
65559 1105
65560 1030
65561 1030
65562 1176
65563 1176
65564 1175
65565 1176
65566 1105
65567 1247
131072 1182
131073 1247
131074 1176
131075 1247
131076 1247
131077 1105
131078 1105
131079 1176
131080 1175
131081 1176
131082 1176
131083 1030
131084 1176
131085 1176
131086 1246
131087 1247
131088 1247
131089 1176
131090 1175
131091 1247
131092 1176
131093 1176
131094 1247
131095 1176
131096 1247
131097 1176
131098 1105
131099 1247
131100 1247
131101 1247
131102 1247
131103 1247
196608 1254
196609 1178
196610 1249
196611 1323
196612 1177
196613 1248
196614 1249
196615 1464
196616 1247
196617 1175
196618 1246
196619 1246
196620 1247
196621 1030
196622 1246
196623 1247
196624 1105
196625 1246
196626 1247
196627 1246
196628 1247
196629 1247
196630 1247
196631 1247
196632 1175
196633 1175
196634 1175
196635 1247
196636 1247
196637 1246
196638 1247
196639 1247
262144 1254
262145 1249
262146 1177
262147 1248
262148 1248
262149 1248
262150 1248
262151 1176
262152 1248
262153 1248
262154 1248
262155 1248
262156 1177
262157 1249
262158 1249
262159 1177
262160 1248
262161 1398
262162 1177
262163 1249
262164 1177
262165 1249
262166 1106
262167 1177
262168 1177
262169 1178
262170 1393
262171 1177
262172 1248
262173 1463
262174 1463
262175 1464
327680 1254
327681 1249
327682 1177
327683 1106
327684 1030
327685 1463
327686 1106
327687 1463
327688 1392
327689 1248
327690 1177
327691 1176
327692 1249
327693 1106
327694 1249
327695 1249
327696 1393
327697 1105
327698 1393
327699 1393
327700 1249
327701 1249
327702 1248
327703 1462
327704 1247
327705 1176
327706 1247
327707 1247
327708 1176
327709 1247
327710 1246
327711 1028
393216 1110
393217 1249
393218 1249
393219 1178
393220 1248
393221 1249
393222 1177
393223 1104
393224 1249
393225 1177
393226 1463
393227 1247
393228 1030
393229 1245
393230 1030
393231 1175
393232 1030
393233 1175
393234 1246
393235 1174
393236 1246
393237 1246
393238 1247
393239 1247
393240 1247
393241 1176
393242 1175
393243 1176
393244 1176
393245 1246
393246 1030
393247 1245
458752 1471
458753 1248
458754 1323
458755 1029
458756 1177
458757 1248
458758 1248
458759 1248
458760 1248
458761 1248
458762 1177
458763 1177
458764 1248
458765 1248
458766 1248
458767 1248
458768 1177
458769 1248
458770 1248
458771 1248
458772 1248
458773 1248
458774 1177
458775 1105
458776 1392
458777 1393
458778 1322
458779 1105
458780 1176
458781 1247
458782 1246
458783 1245
524288 1181
524289 1248
524290 1393
524291 1248
524292 1393
524293 1393
524294 1322
524295 1247
524296 1248
524297 1247
524298 1248
524299 1248
524300 1248
524301 1248
524302 1248
524303 1246
524304 1105
524305 1176
524306 1106
524307 1248
524308 1106
524309 1248
524310 1106
524311 1248
524312 1392
524313 1105
524314 1247
524315 1176
524316 1176
524317 1247
524318 1247
524319 1174
589824 1034
589825 1249
589826 1178
589827 1249
589828 1249
589829 1249
589830 1249
589831 1178
589832 1107
589833 1178
589834 1253
589835 1253
589836 1031
589837 1393
589838 1248
589839 1248
589840 1248
589841 1248
589842 949
589843 239
589844 239
589845 239
589846 239
589847 239
589848 239
589849 239
589850 239
589851 239
589852 239
589853 239
589854 239
589855 239
kernel_count 49116
