0 1254
1 1463
2 1247
3 1248
4 1248
5 1248
6 1248
7 1177
8 1248
9 1248
10 1177
11 1248
12 1177
13 1177
14 1391
15 1248
16 1248
17 1176
18 1175
19 1176
20 1320
21 1176
22 1176
23 1320
24 1176
25 1105
26 1176
27 1319
28 1176
29 1319
30 1175
31 1175
65536 1110
65537 1178
65538 1249
65539 1249
65540 1249
65541 1248
65542 1394
65543 1395
65544 1249
65545 1249
65546 1249
65547 1106
65548 1325
65549 1325
65550 1247
65551 1324
65552 1609
65553 1178
65554 1609
65555 1252
65556 1177
65557 1247
65558 1248
65559 1248
65560 1248
65561 1248
65562 1391
65563 1392
65564 1248
65565 1391
65566 1247
65567 1247
131072 1258
131073 1176
131074 1247
131075 1247
131076 1247
131077 1247
131078 1247
131079 1247
131080 1247
131081 1247
131082 1176
131083 1105
131084 1175
131085 1176
131086 1176
131087 1175
131088 1176
131089 1104
131090 1105
131091 1247
131092 1105
131093 1105
131094 1105
131095 1105
131096 1105
131097 1247
131098 1246
131099 1247
131100 1104
131101 1247
131102 1247
131103 1247
196608 1330
196609 1470
196610 1176
196611 1176
196612 1249
196613 1324
196614 1177
196615 1176
196616 1177
196617 1104
196618 1249
196619 1249
196620 1177
196621 1249
196622 1393
196623 1248
196624 1249
196625 1249
196626 1248
196627 1105
196628 1249
196629 1178
196630 1249
196631 1106
196632 1177
196633 1249
196634 1177
196635 1253
196636 1465
196637 1248
196638 1322
196639 1322
262144 1330
262145 1106
262146 1249
262147 1249
262148 1249
262149 1176
262150 1177
262151 1249
262152 1249
262153 1105
262154 1106
262155 1248
262156 1177
262157 1105
262158 1249
262159 1106
262160 1035
262161 1035
262162 1035
262163 1035
262164 1106
262165 1249
262166 1249
262167 1248
262168 1249
262169 1249
262170 1249
262171 1176
262172 1177
262173 1030
262174 1030
262175 1391
327680 1037
327681 1182
327682 1247
327683 1246
327684 1246
327685 1177
327686 1247
327687 1247
327688 1247
327689 1247
327690 1247
327691 1248
327692 1248
327693 1177
327694 1177
327695 1177
327696 1248
327697 1177
327698 1248
327699 1248
327700 1176
327701 1248
327702 1177
327703 1248
327704 1248
327705 1394
327706 1248
327707 1177
327708 1248
327709 1323
327710 1465
327711 1246
393216 1254
393217 1247
393218 1248
393219 1248
393220 1248
393221 1177
393222 1248
393223 1177
393224 1247
393225 1248
393226 1174
393227 1246
393228 1253
393229 1176
393230 1247
393231 1248
393232 1248
393233 1248
393234 1248
393235 1467
393236 1248
393237 1248
393238 1176
393239 1179
393240 1176
393241 1247
393242 1246
393243 1247
393244 1176
393245 1176
393246 1245
393247 1246
458752 1258
458753 1177
458754 1248
458755 1248
458756 1248
458757 1177
458758 1248
458759 1248
458760 1106
458761 1104
458762 1248
458763 1248
458764 1176
458765 1176
458766 1176
458767 1247
458768 1248
458769 1106
458770 1248
458771 1248
458772 1177
458773 1248
458774 1248
458775 1106
458776 1248
458777 1248
458778 1393
458779 1177
458780 1248
458781 1322
458782 1246
458783 1247
524288 1182
524289 1248
524290 1249
524291 1178
524292 1249
524293 1248
524294 1107
524295 1323
524296 1248
524297 1248
524298 1248
524299 1248
524300 239
524301 239
524302 239
524303 239
524304 239
524305 239
524306 239
524307 239
524308 239
524309 239
524310 239
524311 239
524312 239
524313 239
524314 239
524315 239
524316 239
524317 239
524318 239
524319 239
kernel_count 43525
