0 1254
1 1247
2 1247
3 1176
4 1247
5 1247
6 1247
7 1176
8 1247
9 1247
10 1247
11 1175
12 1176
13 1247
14 1247
15 1175
16 1176
17 1247
18 1247
19 1246
20 1247
21 1247
22 1247
23 1175
24 1247
25 1247
26 1247
27 1175
28 1176
29 1247
30 1247
31 1175
65536 1182
65537 1248
65538 1322
65539 1247
65540 1247
65541 1176
65542 1175
65543 1175
65544 1175
65545 1247
65546 1247
65547 1176
65548 1105
65549 1247
65550 1176
65551 1175
65552 1247
65553 1246
65554 1246
65555 1247
65556 1247
65557 1246
65558 1247
65559 1246
65560 1247
65561 1176
65562 1247
65563 1247
65564 1247
65565 1247
65566 1103
65567 1101
131072 1180
131073 1249
131074 1177
131075 1030
131076 1323
131077 1249
131078 1249
131079 1248
131080 1248
131081 1249
131082 1106
131083 1249
131084 1249
131085 1178
131086 1249
131087 1177
131088 1177
131089 1248
131090 1178
131091 1249
131092 1177
131093 1177
131094 1249
131095 1464
131096 1246
131097 1175
131098 1175
131099 1247
131100 1247
131101 1247
131102 1247
131103 1247
196608 1109
196609 1177
196610 1249
196611 1249
196612 1177
196613 1249
196614 1177
196615 1176
196616 1106
196617 1177
196618 1177
196619 1177
196620 1249
196621 1249
196622 1249
196623 1249
196624 1249
196625 1249
196626 1249
196627 1249
196628 1030
196629 1249
196630 1177
196631 1249
196632 1030
196633 1249
196634 1177
196635 1249
196636 1176
196637 1249
196638 1464
196639 1464
262144 824
262145 1177
262146 1176
262147 1176
262148 1177
262149 1176
262150 1176
262151 1176
262152 1393
262153 1393
262154 1322
262155 1247
262156 1247
262157 1176
262158 1247
262159 1247
262160 1175
262161 1247
262162 1105
262163 1247
262164 1247
262165 1247
262166 1175
262167 1175
262168 1175
262169 1246
262170 1245
262171 1245
262172 1245
262173 1246
262174 1245
262175 1245
327680 746
327681 745
327682 1035
327683 1396
327684 1248
327685 1177
327686 1176
327687 1177
327688 1248
327689 1248
327690 1248
327691 1177
327692 1251
327693 1251
327694 1176
327695 1175
327696 1176
327697 1247
327698 962
327699 1175
327700 1175
327701 1176
327702 1175
327703 1174
327704 1175
327705 1175
327706 1176
327707 1175
327708 1175
327709 1247
327710 1175
327711 1247
393216 1038
393217 1249
393218 1106
393219 1249
393220 1176
393221 1249
393222 1248
393223 1177
393224 1323
393225 1325
393226 1247
393227 1177
393228 1249
393229 1247
393230 1248
393231 962
393232 1248
393233 1104
393234 1248
393235 1607
393236 1463
393237 1245
393238 1246
393239 1176
393240 1247
393241 1247
393242 1247
393243 1105
393244 1105
393245 1030
393246 1176
393247 1245
458752 1254
458753 1247
458754 1393
458755 1105
458756 1321
458757 1247
458758 1247
458759 1247
458760 1247
458761 1246
458762 1104
458763 1246
458764 1321
458765 1247
458766 1246
458767 1246
458768 1105
458769 1322
458770 1175
458771 1104
458772 1101
458773 1246
458774 1105
458775 1246
458776 1247
458777 1245
458778 1246
458779 1246
458780 1247
458781 1247
458782 1247
458783 1247
524288 1037
524289 1107
524290 748
524291 747
524292 748
524293 1035
524294 1248
524295 1249
524296 1393
524297 1249
524298 1248
524299 1107
524300 1249
524301 1178
524302 1248
524303 1249
524304 1107
524305 1249
524306 1249
524307 1249
524308 1249
524309 1107
524310 1392
524311 1177
524312 1176
524313 1105
524314 1177
524315 1177
524316 1247
524317 239
524318 239
524319 239
kernel_count 44947
