0 1181
1 1245
2 1175
3 1246
4 1245
5 1246
6 1247
7 1247
8 1247
9 1247
10 1246
11 1246
12 1247
13 1247
14 1247
15 1247
16 1246
17 1246
18 1174
19 1175
20 1245
21 1245
22 1247
23 1246
24 1247
25 1247
26 1247
27 1246
28 1247
29 1247
30 1247
31 1103
65536 1110
65537 1176
65538 1176
65539 1246
65540 1247
65541 1246
65542 1246
65543 1247
65544 1246
65545 1247
65546 1247
65547 1176
65548 1176
65549 1247
65550 1247
65551 1176
65552 1246
65553 1246
65554 1246
65555 1246
65556 1246
65557 1246
65558 1246
65559 1246
65560 1247
65561 1175
65562 1247
65563 1247
65564 1176
65565 1176
65566 1247
65567 1175
131072 1181
131073 1248
131074 1177
131075 1322
131076 1322
131077 1247
131078 1247
131079 1176
131080 1175
131081 1247
131082 1247
131083 1247
131084 1247
131085 1176
131086 1247
131087 1246
131088 1105
131089 1247
131090 1247
131091 1175
131092 1033
131093 1247
131094 1247
131095 1176
131096 1247
131097 1176
131098 1247
131099 1176
131100 1176
131101 1176
131102 1247
131103 1175
196608 748
196609 1106
196610 1324
196611 1249
196612 1468
196613 1247
196614 1249
196615 1249
196616 1248
196617 1249
196618 1249
196619 1249
196620 1249
196621 1249
196622 1249
196623 1249
196624 1249
196625 1324
196626 1177
196627 1249
196628 1178
196629 1177
196630 1324
196631 1177
196632 1249
196633 1249
196634 1248
196635 1249
196636 1177
196637 1249
196638 1464
196639 1246
262144 1110
262145 822
262146 747
262147 747
262148 747
262149 747
262150 822
262151 892
262152 1176
262153 1105
262154 1104
262155 1104
262156 1248
262157 1105
262158 1106
262159 1248
262160 1248
262161 1248
262162 1248
262163 1323
262164 1176
262165 1248
262166 1323
262167 1106
262168 1106
262169 1247
262170 1106
262171 1248
262172 1247
262173 1248
262174 1466
262175 1247
327680 1333
327681 1175
327682 1247
327683 1247
327684 1247
327685 1247
327686 1177
327687 1248
327688 1247
327689 1177
327690 1247
327691 1177
327692 1177
327693 1177
327694 1246
327695 1248
327696 1176
327697 1031
327698 1031
327699 1031
327700 1031
327701 1104
327702 1105
327703 1105
327704 1106
327705 1245
327706 1248
327707 1322
327708 1105
327709 1246
327710 1247
327711 1103
393216 1185
393217 1106
393218 747
393219 747
393220 1180
393221 1105
393222 1247
393223 1105
393224 1247
393225 1105
393226 1247
393227 1105
393228 1247
393229 1105
393230 1247
393231 1176
393232 1176
393233 1246
393234 1246
393235 1247
393236 1247
393237 1247
393238 1246
393239 1247
393240 1176
393241 1105
393242 1247
393243 1247
393244 1105
393245 1247
393246 1175
393247 1103
458752 1110
458753 747
458754 747
458755 747
458756 747
458757 1106
458758 1176
458759 1177
458760 1176
458761 1106
458762 1252
458763 1248
458764 1030
458765 1248
458766 1030
458767 1106
458768 1177
458769 1106
458770 1106
458771 1249
458772 1249
458773 1180
458774 1177
458775 1393
458776 1249
458777 1177
458778 1106
458779 1463
458780 1176
458781 1247
458782 1246
458783 1247
524288 1110
524289 1249
524290 1248
524291 1249
524292 1248
524293 1249
524294 1464
524295 1177
524296 1248
524297 1177
524298 1248
524299 1322
524300 1177
524301 1177
524302 1177
524303 1177
524304 1322
524305 1247
524306 1245
524307 1247
524308 1176
524309 1247
524310 1176
524311 1176
524312 1176
524313 1176
524314 1176
524315 1246
524316 1176
524317 1176
524318 1247
524319 1247
589824 1254
589825 1177
589826 1247
589827 1248
589828 1177
589829 1176
589830 1248
589831 1248
589832 1177
589833 1248
589834 1248
589835 1103
589836 1177
589837 1177
589838 1248
589839 1248
589840 1248
589841 1248
589842 1248
589843 1177
589844 1104
589845 1176
589846 1396
589847 1326
589848 1176
589849 1397
589850 1247
589851 1392
589852 1392
589853 1247
589854 1247
589855 1247
655360 1254
655361 1249
655362 1176
655363 1249
655364 1249
655365 1178
655366 1249
655367 1176
655368 959
655369 1249
655370 1035
655371 1249
655372 1249
655373 1246
655374 1246
655375 1249
655376 1248
655377 1249
655378 1467
655379 1394
655380 1248
655381 1464
655382 1248
655383 1466
655384 1245
655385 1176
655386 1176
655387 1247
655388 1247
655389 1104
655390 1175
655391 1247
720896 1110
720897 1178
720898 1466
720899 1249
720900 1249
720901 1176
720902 1176
720903 1106
720904 1538
720905 1539
720906 1249
720907 1249
720908 1249
720909 1247
720910 1466
720911 1106
720912 1249
720913 1248
720914 1249
720915 1249
720916 1396
720917 1177
720918 1030
720919 1106
720920 1248
720921 1324
720922 1105
720923 1176
720924 1323
720925 1175
720926 1463
720927 1175
786432 1405
786433 1398
786434 1177
786435 964
786436 1035
786437 1249
786438 1248
786439 1177
786440 1177
786441 1250
786442 1177
786443 239
786444 239
786445 239
786446 239
786447 239
786448 239
786449 239
786450 239
786451 239
786452 239
786453 239
786454 239
786455 239
786456 239
786457 239
786458 239
786459 239
786460 239
786461 239
786462 239
786463 239
kernel_count 62623
