0 1253
1 1246
2 1247
3 1246
4 1246
5 1246
6 1246
7 1246
8 1246
9 1246
10 1246
11 1246
12 1246
13 1246
14 1246
15 1246
16 1246
17 1246
18 1246
19 1246
20 1246
21 1246
22 1247
23 1247
24 1246
25 1247
26 1246
27 1247
28 1247
29 1247
30 1175
31 1175
65536 1182
65537 1177
65538 1248
65539 1248
65540 1104
65541 1177
65542 1177
65543 1248
65544 1030
65545 1177
65546 1106
65547 1176
65548 1176
65549 1176
65550 1176
65551 1106
65552 1177
65553 1177
65554 1248
65555 1248
65556 1247
65557 1248
65558 1248
65559 1247
65560 1248
65561 1247
65562 1322
65563 1322
65564 1322
65565 1322
65566 1246
65567 1322
131072 1254
131073 1249
131074 1178
131075 1394
131076 1248
131077 1249
131078 1030
131079 1029
131080 1028
131081 1176
131082 1029
131083 1028
131084 1176
131085 1029
131086 1028
131087 1176
131088 1105
131089 1182
131090 1182
131091 1679
131092 1249
131093 1466
131094 1322
131095 1247
131096 1247
131097 1176
131098 1105
131099 1104
131100 1029
131101 1247
131102 1247
131103 1247
196608 1254
196609 1248
196610 1177
196611 1176
196612 1248
196613 1246
196614 1246
196615 1246
196616 1247
196617 1106
196618 1105
196619 1105
196620 1105
196621 1105
196622 1105
196623 669
196624 1105
196625 1248
196626 1177
196627 1248
196628 1177
196629 1177
196630 1394
196631 1248
196632 1248
196633 1398
196634 1397
196635 1248
196636 1248
196637 1392
196638 1392
196639 1246
262144 1254
262145 1609
262146 1249
262147 1249
262148 1176
262149 1610
262150 1327
262151 1105
262152 1609
262153 1537
262154 1252
262155 1247
262156 1176
262157 1608
262158 1177
262159 1176
262160 1030
262161 1249
262162 1105
262163 1249
262164 1176
262165 1177
262166 1177
262167 1249
262168 1249
262169 1249
262170 1105
262171 1249
262172 1249
262173 1249
262174 1464
262175 1247
327680 1186
327681 747
327682 821
327683 747
327684 1180
327685 746
327686 746
327687 1105
327688 1176
327689 1247
327690 1247
327691 1247
327692 1175
327693 1175
327694 1176
327695 1176
327696 1247
327697 1176
327698 1247
327699 1247
327700 1175
327701 1247
327702 1176
327703 1176
327704 1175
327705 1175
327706 1175
327707 1175
327708 1247
327709 1246
327710 1247
327711 1103
393216 1254
393217 1248
393218 1249
393219 1249
393220 1249
393221 1324
393222 1395
393223 1322
393224 1248
393225 1248
393226 1248
393227 1247
393228 1248
393229 1248
393230 1177
393231 1247
393232 1248
393233 1248
393234 1176
393235 1177
393236 239
393237 239
393238 239
393239 239
393240 239
393241 239
393242 239
393243 239
393244 239
393245 239
393246 239
393247 239
kernel_count 33882
