0 1254
1 1247
2 1247
3 1247
4 1247
5 1247
6 1247
7 1247
8 1247
9 1247
10 1176
11 1247
12 1247
13 1247
14 1176
15 1247
16 1247
17 1247
18 1176
19 1247
20 1247
21 1247
22 1247
23 1247
24 1246
25 1176
26 1176
27 1176
28 1176
29 1176
30 1104
31 1247
65536 1182
65537 1105
65538 1249
65539 1177
65540 1393
65541 1393
65542 1249
65543 1249
65544 1249
65545 1249
65546 1249
65547 1249
65548 1463
65549 1249
65550 1247
65551 1249
65552 1106
65553 1106
65554 1030
65555 1106
65556 1464
65557 1247
65558 1247
65559 1105
65560 1176
65561 1247
65562 1247
65563 1176
65564 1247
65565 1176
65566 1175
65567 1247
131072 1254
131073 1466
131074 1176
131075 1177
131076 1248
131077 1248
131078 1105
131079 1247
131080 1247
131081 1106
131082 1248
131083 1322
131084 1247
131085 1106
131086 1248
131087 1247
131088 1250
131089 1322
131090 1176
131091 1177
131092 1177
131093 1177
131094 1248
131095 1321
131096 1177
131097 1177
131098 1177
131099 1248
131100 1322
131101 1247
131102 1247
131103 1175
196608 1182
196609 1177
196610 1248
196611 1323
196612 1177
196613 1176
196614 1176
196615 1248
196616 1248
196617 1248
196618 1176
196619 1176
196620 1177
196621 1248
196622 1176
196623 1106
196624 1106
196625 1247
196626 1247
196627 1176
196628 1177
196629 1247
196630 1177
196631 1247
196632 1177
196633 1176
196634 1248
196635 1106
196636 1323
196637 1466
196638 1247
196639 1175
262144 1182
262145 1321
262146 1248
262147 1247
262148 1248
262149 1248
262150 1248
262151 1177
262152 1247
262153 1247
262154 1248
262155 1248
262156 1248
262157 1177
262158 1248
262159 1248
262160 1248
262161 1248
262162 1247
262163 1251
262164 1247
262165 1247
262166 1246
262167 1246
262168 1175
262169 1175
262170 1175
262171 1175
262172 1245
262173 1247
262174 1176
262175 1247
327680 1257
327681 1030
327682 1030
327683 1034
327684 1246
327685 1175
327686 1246
327687 1246
327688 1104
327689 1245
327690 1245
327691 1104
327692 1245
327693 1247
327694 1175
327695 1177
327696 1246
327697 1177
327698 1248
327699 1176
327700 1175
327701 1175
327702 1175
327703 1175
327704 1175
327705 1247
327706 1175
327707 1176
327708 1177
327709 1176
327710 1322
327711 1175
393216 1254
393217 1323
393218 1247
393219 1248
393220 1247
393221 1248
393222 1247
393223 1246
393224 1323
393225 1248
393226 1248
393227 1106
393228 1176
393229 1176
393230 1248
393231 1176
393232 1177
393233 1248
393234 1248
393235 1247
393236 1247
393237 1106
393238 1177
393239 1106
393240 1177
393241 1106
393242 745
393243 1104
393244 1393
393245 1391
393246 1177
393247 1393
458752 1402
458753 1248
458754 1254
458755 1248
458756 1392
458757 1175
458758 1175
458759 1247
458760 1247
458761 1247
458762 1247
458763 1176
458764 1247
458765 1176
458766 1246
458767 1246
458768 1246
458769 1176
458770 1247
458771 1246
458772 1175
458773 1175
458774 1246
458775 1176
458776 1247
458777 1246
458778 1175
458779 1246
458780 1176
458781 1247
458782 1171
458783 1171
524288 1108
524289 1325
524290 1251
524291 1248
524292 1247
524293 1176
524294 1176
524295 1393
524296 1247
524297 1176
524298 1176
524299 1177
524300 1248
524301 1106
524302 1177
524303 1176
524304 1248
524305 1247
524306 1248
524307 1176
524308 1248
524309 1248
524310 1248
524311 1106
524312 1030
524313 1177
524314 1177
524315 1177
524316 1177
524317 1251
524318 1245
524319 1028
589824 1110
589825 1177
589826 1030
589827 1248
589828 1248
589829 1248
589830 1248
589831 1106
589832 1106
589833 1177
589834 1248
589835 1177
589836 1248
589837 1177
589838 1248
589839 1248
589840 1177
589841 1248
589842 1177
589843 1248
589844 1248
589845 1248
589846 1466
589847 1180
589848 1105
589849 1247
589850 1246
589851 1247
589852 1247
589853 1246
589854 1247
589855 1247
655360 1181
655361 1106
655362 1106
655363 1176
655364 1248
655365 1248
655366 1177
655367 1248
655368 1106
655369 1106
655370 1397
655371 1396
655372 1468
655373 1397
655374 1396
655375 1468
655376 1396
655377 1396
655378 1324
655379 1396
655380 1467
655381 1248
655382 1248
655383 1248
655384 1245
655385 1032
655386 1177
655387 1247
655388 1246
655389 1391
655390 1391
655391 1246
720896 1472
720897 1396
720898 1325
720899 1250
720900 1250
720901 1250
720902 1250
720903 1250
720904 1178
720905 1250
720906 1250
720907 1250
720908 1396
720909 1178
720910 1249
720911 1250
720912 1177
720913 1177
720914 1250
720915 1107
720916 1467
720917 1470
720918 1467
720919 1466
720920 1319
720921 667
720922 239
720923 239
720924 239
720925 239
720926 239
720927 239
kernel_count 60716
