0 1253
1 1249
2 1249
3 1249
4 1248
5 1248
6 1248
7 1248
8 1248
9 1248
10 1248
11 1249
12 1248
13 1248
14 1249
15 1249
16 1249
17 1248
18 1249
19 1249
20 1248
21 1248
22 1248
23 1248
24 1249
25 1249
26 1249
27 1249
28 1106
29 1463
30 1247
31 1247
65536 1110
65537 1175
65538 1246
65539 1248
65540 1322
65541 1246
65542 1246
65543 1246
65544 1246
65545 1247
65546 1247
65547 1246
65548 1105
65549 1247
65550 1247
65551 1247
65552 1247
65553 1247
65554 1247
65555 1176
65556 1247
65557 1175
65558 1246
65559 1247
65560 1247
65561 1247
65562 1246
65563 1175
65564 1247
65565 1247
65566 1247
65567 1245
131072 1181
131073 1248
131074 1248
131075 1248
131076 1177
131077 1245
131078 1248
131079 1248
131080 1248
131081 1248
131082 1248
131083 1248
131084 1322
131085 1248
131086 1177
131087 1177
131088 1322
131089 1322
131090 1176
131091 1176
131092 1247
131093 1175
131094 1247
131095 1247
131096 1246
131097 1247
131098 1247
131099 1247
131100 1247
131101 1247
131102 1176
131103 1245
196608 1110
196609 1106
196610 1106
196611 1176
196612 1249
196613 1249
196614 1248
196615 1249
196616 1249
196617 1249
196618 1249
196619 1248
196620 1248
196621 1249
196622 1248
196623 1177
196624 1177
196625 1249
196626 1248
196627 1249
196628 1177
196629 1466
196630 1105
196631 1247
196632 1247
196633 1247
196634 1247
196635 1176
196636 1175
196637 1176
196638 1176
196639 1247
262144 1182
262145 1177
262146 1466
262147 1177
262148 1466
262149 1177
262150 1248
262151 1538
262152 1538
262153 1177
262154 1177
262155 1106
262156 1176
262157 1248
262158 1248
262159 1176
262160 1247
262161 1248
262162 1106
262163 1248
262164 1248
262165 1177
262166 1106
262167 1177
262168 1175
262169 1176
262170 1176
262171 1322
262172 1247
262173 1246
262174 1104
262175 1175
327680 1253
327681 1324
327682 1251
327683 1106
327684 1393
327685 1247
327686 1248
327687 1248
327688 1323
327689 1248
327690 1247
327691 1250
327692 1105
327693 1249
327694 1252
327695 1465
327696 1248
327697 1248
327698 1177
327699 1248
327700 1392
327701 1248
327702 1248
327703 1323
327704 1248
327705 1177
327706 1248
327707 1247
327708 1248
327709 1247
327710 1392
327711 1246
393216 1328
393217 1248
393218 1322
393219 1248
393220 1537
393221 1248
393222 1394
393223 1324
393224 1325
393225 1105
393226 1177
393227 1247
393228 1106
393229 1106
393230 1248
393231 1248
393232 1248
393233 1248
393234 1248
393235 1248
393236 1248
393237 1248
393238 1248
393239 1324
393240 1324
393241 1247
393242 1247
393243 1397
393244 1248
393245 1396
393246 1320
393247 1392
458752 1181
458753 1248
458754 1248
458755 1249
458756 1107
458757 1249
458758 1249
458759 1177
458760 1178
458761 1249
458762 1251
458763 1248
458764 1323
458765 1029
458766 1030
458767 239
458768 239
458769 239
458770 239
458771 239
458772 239
458773 239
458774 239
458775 239
458776 239
458777 239
458778 239
458779 239
458780 239
458781 239
458782 239
458783 239
kernel_count 39213
