0 1034
1 1247
2 1176
3 1248
4 1248
5 1105
6 1106
7 958
8 1248
9 1248
10 1248
11 1106
12 1029
13 1106
14 1106
15 1106
16 1105
17 1248
18 1392
19 1247
20 1247
21 1247
22 1175
23 1246
24 1247
25 1247
26 1247
27 1176
28 1247
29 1030
30 1176
31 1247
65536 1038
65537 1249
65538 1248
65539 1253
65540 1106
65541 1249
65542 1178
65543 1177
65544 1248
65545 1249
65546 1177
65547 1249
65548 1249
65549 1249
65550 1248
65551 1249
65552 1469
65553 1468
65554 1248
65555 1248
65556 1248
65557 1248
65558 1391
65559 1248
65560 1248
65561 1248
65562 1248
65563 1391
65564 1247
65565 1247
65566 1247
65567 1247
131072 823
131073 747
131074 747
131075 892
131076 1391
131077 1177
131078 1323
131079 1247
131080 1247
131081 1323
131082 1392
131083 1392
131084 1321
131085 1175
131086 1175
131087 1247
131088 1176
131089 1246
131090 1176
131091 1246
131092 1105
131093 1176
131094 1176
131095 1246
131096 1246
131097 1247
131098 1247
131099 1247
131100 1176
131101 1176
131102 1176
131103 1247
196608 1110
196609 1106
196610 1249
196611 1177
196612 1249
196613 1249
196614 1249
196615 1394
196616 1178
196617 1249
196618 1249
196619 1177
196620 1106
196621 1106
196622 1248
196623 1105
196624 1249
196625 1248
196626 1323
196627 1106
196628 1322
196629 1249
196630 1177
196631 1177
196632 1249
196633 1177
196634 1249
196635 1462
196636 1247
196637 1246
196638 1175
196639 1103
262144 1110
262145 1178
262146 1248
262147 1248
262148 1248
262149 1176
262150 1464
262151 1249
262152 1249
262153 1249
262154 1106
262155 1177
262156 1106
262157 1612
262158 1178
262159 1249
262160 1249
262161 1249
262162 1248
262163 1248
262164 1249
262165 1538
262166 1248
262167 1176
262168 1178
262169 1104
262170 1178
262171 1249
262172 1106
262173 1175
262174 1104
262175 1175
327680 1254
327681 1176
327682 1105
327683 1248
327684 1249
327685 1249
327686 1248
327687 1249
327688 1248
327689 1248
327690 1178
327691 1248
327692 1248
327693 1248
327694 1396
327695 1465
327696 1180
327697 1248
327698 1177
327699 1322
327700 1105
327701 1247
327702 1176
327703 1176
327704 1176
327705 1176
327706 1247
327707 1175
327708 1176
327709 1176
327710 1176
327711 1175
393216 1401
393217 1394
393218 1323
393219 1177
393220 1177
393221 1177
393222 1106
393223 1250
393224 1321
393225 1322
393226 1248
393227 1177
393228 1248
393229 1250
393230 1250
393231 1247
393232 1246
393233 1175
393234 1176
393235 1247
393236 1175
393237 1176
393238 1176
393239 1247
393240 1247
393241 1247
393242 1175
393243 1176
393244 1175
393245 1247
393246 1247
393247 1245
458752 1330
458753 1107
458754 1248
458755 1034
458756 1107
458757 1394
458758 1248
458759 1177
458760 1178
458761 1249
458762 1249
458763 1178
458764 1252
458765 1177
458766 1248
458767 1248
458768 1177
458769 1248
458770 1249
458771 239
458772 239
458773 239
458774 239
458775 239
458776 239
458777 239
458778 239
458779 239
458780 239
458781 239
458782 239
458783 239
kernel_count 39008
