0 1033
1 1246
2 1390
3 1246
4 1391
5 1176
6 1247
7 1248
8 1177
9 1177
10 1177
11 1248
12 1177
13 1248
14 1248
15 1248
16 1177
17 1248
18 1177
19 1248
20 1248
21 1246
22 1246
23 1248
24 1246
25 1246
26 1390
27 1246
28 1391
29 1175
30 1246
31 1247
65536 1110
65537 1248
65538 1248
65539 1248
65540 1248
65541 1248
65542 1248
65543 1248
65544 1248
65545 1247
65546 1247
65547 1247
65548 1393
65549 1394
65550 1104
65551 1246
65552 1246
65553 1246
65554 1246
65555 1246
65556 1246
65557 1247
65558 1247
65559 1030
65560 1246
65561 1247
65562 1247
65563 1176
65564 1175
65565 1246
65566 1176
65567 1247
131072 1110
131073 1105
131074 1106
131075 1248
131076 1106
131077 1248
131078 1177
131079 1177
131080 1248
131081 1248
131082 1322
131083 1248
131084 1248
131085 1248
131086 1248
131087 1247
131088 1247
131089 1177
131090 1177
131091 1248
131092 1106
131093 1248
131094 1106
131095 1248
131096 1248
131097 1248
131098 1177
131099 1176
131100 1248
131101 1247
131102 1464
131103 1247
196608 1254
196609 1393
196610 1248
196611 1248
196612 1248
196613 1248
196614 1248
196615 1248
196616 1248
196617 1247
196618 1177
196619 1248
196620 1248
196621 1248
196622 1248
196623 1247
196624 1247
196625 1176
196626 1176
196627 1176
196628 1247
196629 1248
196630 1248
196631 1248
196632 1248
196633 1030
196634 1177
196635 1248
196636 1248
196637 1248
196638 1251
196639 1246
262144 1182
262145 1176
262146 1395
262147 1395
262148 1249
262149 1249
262150 1176
262151 1248
262152 1249
262153 1249
262154 1248
262155 1248
262156 1177
262157 1249
262158 1248
262159 1249
262160 1325
262161 1249
262162 1175
262163 1176
262164 1249
262165 1249
262166 1247
262167 1247
262168 1248
262169 1678
262170 1246
262171 1175
262172 1246
262173 1178
262174 1174
262175 1247
327680 1254
327681 1248
327682 1246
327683 1177
327684 1176
327685 1177
327686 1177
327687 1177
327688 1247
327689 1248
327690 1248
327691 1248
327692 1105
327693 1106
327694 1106
327695 1106
327696 1106
327697 1106
327698 1105
327699 1106
327700 1106
327701 1106
327702 1248
327703 1322
327704 1322
327705 1248
327706 1248
327707 1034
327708 1034
327709 1322
327710 1322
327711 1175
393216 1182
393217 1247
393218 1176
393219 1248
393220 1177
393221 1248
393222 1247
393223 1247
393224 1248
393225 1177
393226 1248
393227 1248
393228 1106
393229 1106
393230 1176
393231 1106
393232 1106
393233 1177
393234 1248
393235 1106
393236 1248
393237 1248
393238 1251
393239 1246
393240 1247
393241 1176
393242 1247
393243 1247
393244 1247
393245 1247
393246 1105
393247 1245
458752 1182
458753 1178
458754 1176
458755 1246
458756 1176
458757 1248
458758 1248
458759 1248
458760 1105
458761 1609
458762 1464
458763 1609
458764 1464
458765 1249
458766 1325
458767 1248
458768 1249
458769 1609
458770 1464
458771 1246
458772 1175
458773 1176
458774 1248
458775 1030
458776 1247
458777 1029
458778 1323
458779 1396
458780 1395
458781 1247
458782 1247
458783 1175
524288 1253
524289 1249
524290 1249
524291 1249
524292 1248
524293 1249
524294 1249
524295 1249
524296 1249
524297 1031
524298 1248
524299 1178
524300 1178
524301 1107
524302 1248
524303 1178
524304 1178
524305 1248
524306 1178
524307 1178
524308 1107
524309 1249
524310 1393
524311 1248
524312 1248
524313 1247
524314 1247
524315 1249
524316 239
524317 239
524318 239
524319 239
kernel_count 45773
