0 1110
1 1106
2 1106
3 1106
4 1106
5 1106
6 1177
7 1248
8 1248
9 1248
10 1248
11 1106
12 1177
13 1177
14 1177
15 1177
16 1248
17 1106
18 1248
19 1248
20 1248
21 1247
22 1247
23 1177
24 1248
25 1321
26 1176
27 1105
28 1247
29 1176
30 1173
31 1028
65536 1181
65537 1248
65538 1248
65539 1248
65540 1248
65541 1105
65542 1177
65543 1248
65544 1176
65545 1248
65546 1248
65547 1176
65548 1248
65549 1106
65550 1248
65551 1248
65552 1248
65553 1176
65554 1029
65555 1392
65556 1393
65557 1248
65558 1248
65559 1392
65560 1106
65561 1248
65562 1248
65563 1177
65564 1322
65565 1247
65566 1247
65567 1247
131072 1254
131073 1248
131074 1177
131075 1248
131076 1323
131077 1247
131078 1182
131079 1249
131080 1177
131081 1177
131082 1104
131083 1249
131084 1177
131085 1106
131086 1249
131087 1106
131088 1249
131089 1106
131090 1249
131091 1106
131092 1249
131093 1249
131094 1106
131095 1105
131096 1249
131097 958
131098 815
131099 1325
131100 1465
131101 1248
131102 1536
131103 1247
196608 894
196609 1466
196610 1177
196611 1248
196612 1106
196613 1247
196614 1248
196615 1247
196616 1247
196617 1247
196618 1177
196619 1323
196620 1323
196621 1248
196622 1247
196623 1176
196624 1247
196625 1248
196626 1248
196627 1247
196628 1246
196629 1176
196630 1176
196631 1395
196632 1324
196633 1394
196634 1325
196635 1247
196636 1176
196637 1175
196638 1395
196639 1246
262144 1472
262145 1177
262146 1105
262147 1249
262148 1177
262149 1249
262150 1176
262151 1177
262152 1248
262153 1177
262154 1249
262155 1177
262156 1394
262157 1249
262158 1248
262159 1249
262160 1324
262161 1249
262162 1324
262163 1249
262164 1177
262165 1324
262166 1324
262167 1463
262168 1248
262169 1247
262170 1247
262171 1247
262172 1247
262173 1323
262174 1323
262175 1392
327680 1254
327681 1249
327682 1248
327683 1106
327684 1249
327685 1249
327686 1106
327687 1029
327688 1463
327689 1463
327690 1105
327691 1247
327692 1176
327693 1176
327694 1247
327695 1247
327696 1246
327697 1247
327698 1176
327699 1103
327700 1104
327701 1247
327702 1247
327703 1247
327704 1246
327705 1247
327706 1176
327707 1246
327708 1176
327709 1105
327710 1247
327711 1247
393216 748
393217 1177
393218 1248
393219 1248
393220 1176
393221 1248
393222 1248
393223 1249
393224 1249
393225 1248
393226 1177
393227 1105
393228 1249
393229 1177
393230 1176
393231 1176
393232 1325
393233 1327
393234 1398
393235 1249
393236 1327
393237 1177
393238 1181
393239 1250
393240 1464
393241 1251
393242 1248
393243 1322
393244 1247
393245 1176
393246 1247
393247 1246
458752 1110
458753 747
458754 746
458755 1106
458756 1252
458757 1247
458758 1247
458759 1177
458760 1323
458761 1248
458762 1248
458763 1177
458764 1246
458765 1399
458766 1248
458767 1246
458768 1248
458769 1248
458770 1248
458771 1247
458772 1246
458773 1399
458774 1247
458775 1247
458776 1248
458777 1248
458778 1177
458779 1247
458780 1246
458781 1246
458782 1320
458783 1249
524288 1181
524289 1105
524290 1034
524291 1246
524292 1247
524293 1321
524294 1321
524295 1250
524296 1033
524297 1176
524298 1105
524299 1033
524300 1033
524301 1176
524302 1105
524303 1033
524304 1033
524305 1176
524306 1105
524307 1247
524308 1248
524309 1248
524310 1177
524311 1248
524312 1248
524313 1177
524314 1322
524315 1245
524316 1246
524317 1103
524318 1247
524319 1247
589824 1254
589825 1176
589826 1249
589827 1177
589828 1177
589829 1249
589830 1106
589831 1177
589832 1249
589833 1177
589834 1249
589835 1248
589836 1106
589837 1177
589838 1177
589839 1323
589840 1176
589841 1177
589842 1177
589843 1106
589844 1177
589845 1106
589846 1176
589847 1177
589848 1249
589849 1249
589850 1177
589851 1394
589852 1176
589853 1176
589854 1247
589855 1247
655360 1182
655361 1247
655362 1177
655363 1248
655364 1106
655365 1034
655366 1177
655367 1105
655368 1177
655369 1248
655370 1248
655371 1177
655372 1248
655373 1248
655374 1177
655375 1177
655376 1247
655377 1392
655378 1392
655379 1105
655380 1105
655381 1105
655382 1105
655383 1030
655384 1030
655385 1247
655386 1105
655387 1247
655388 1176
655389 1247
655390 1247
655391 1247
720896 748
720897 1250
720898 1107
720899 1107
720900 1106
720901 1106
720902 1250
720903 1250
720904 1177
720905 1250
720906 1250
720907 1178
720908 1179
720909 1178
720910 1398
720911 1398
720912 1540
720913 1326
720914 1105
720915 1396
720916 1178
720917 1399
720918 1398
720919 1539
720920 1325
720921 1105
720922 1395
720923 1465
720924 1248
720925 1248
720926 1176
720927 1177
kernel_count 61237
