0 1181
1 1248
2 1248
3 1248
4 1247
5 1247
6 1248
7 1247
8 1247
9 1248
10 1391
11 1105
12 1246
13 1246
14 1105
15 1246
16 1246
17 1245
18 1247
19 1105
20 1246
21 1105
22 1105
23 1246
24 1246
25 1247
26 1105
27 1246
28 1176
29 1105
30 1246
31 1174
65536 1254
65537 1249
65538 1249
65539 1177
65540 1249
65541 1106
65542 1106
65543 1249
65544 1249
65545 1249
65546 1105
65547 1463
65548 1464
65549 1176
65550 1104
65551 1104
65552 1104
65553 1105
65554 1247
65555 1247
65556 1247
65557 1247
65558 1247
65559 1247
65560 1246
65561 1246
65562 1247
65563 1247
65564 1247
65565 1246
65566 1175
65567 1247
131072 748
131073 1246
131074 1247
131075 1104
131076 1247
131077 1246
131078 1246
131079 1246
131080 1246
131081 1246
131082 1246
131083 1247
131084 1247
131085 1246
131086 1104
131087 1246
131088 1105
131089 1175
131090 1175
131091 1247
131092 1176
131093 1247
131094 1176
131095 1247
131096 1247
131097 1246
131098 1176
131099 1246
131100 1246
131101 1247
131102 1247
131103 1103
196608 1254
196609 1176
196610 1176
196611 1247
196612 1176
196613 1176
196614 1105
196615 1176
196616 1105
196617 1247
196618 1176
196619 1176
196620 1247
196621 1246
196622 1246
196623 1247
196624 1247
196625 1175
196626 1247
196627 1246
196628 1247
196629 1246
196630 1247
196631 1247
196632 1247
196633 1247
196634 1176
196635 1176
196636 1247
196637 1247
196638 1175
196639 1174
262144 747
262145 746
262146 746
262147 746
262148 746
262149 1106
262150 746
262151 746
262152 746
262153 746
262154 1106
262155 746
262156 746
262157 746
262158 746
262159 746
262160 963
262161 1322
262162 1248
262163 1248
262164 1248
262165 1248
262166 1177
262167 1248
262168 1247
262169 1248
262170 1247
262171 1248
262172 1248
262173 1106
262174 1248
262175 1250
327680 1330
327681 1249
327682 1252
327683 1177
327684 1252
327685 1177
327686 1252
327687 1249
327688 1248
327689 1248
327690 1248
327691 1248
327692 1105
327693 1247
327694 1104
327695 1175
327696 1176
327697 1248
327698 1463
327699 1246
327700 1175
327701 1103
327702 1105
327703 1105
327704 1246
327705 1245
327706 1245
327707 1246
327708 1247
327709 1247
327710 1247
327711 1247
393216 1038
393217 747
393218 1106
393219 1177
393220 1248
393221 1248
393222 1247
393223 1247
393224 1250
393225 1176
393226 1247
393227 1247
393228 1180
393229 1176
393230 1105
393231 1105
393232 1247
393233 1104
393234 1102
393235 1100
393236 1029
393237 1102
393238 1102
393239 1104
393240 1104
393241 1246
393242 1246
393243 1246
393244 1246
393245 1175
393246 1175
393247 1174
458752 1035
458753 745
458754 745
458755 744
458756 745
458757 745
458758 746
458759 746
458760 1034
458761 1106
458762 1176
458763 1176
458764 1323
458765 1106
458766 1175
458767 1249
458768 1249
458769 1249
458770 1249
458771 1248
458772 1248
458773 1248
458774 1177
458775 1249
458776 1176
458777 1249
458778 1249
458779 1248
458780 1249
458781 1394
458782 1176
458783 1247
524288 1253
524289 1182
524290 1106
524291 1177
524292 1249
524293 1249
524294 1177
524295 1177
524296 1248
524297 1249
524298 1249
524299 1249
524300 1247
524301 1249
524302 1249
524303 1538
524304 1106
524305 1030
524306 1247
524307 1248
524308 1391
524309 1247
524310 1248
524311 1248
524312 1248
524313 1106
524314 1248
524315 1391
524316 1176
524317 1176
524318 1247
524319 1247
589824 748
589825 1104
589826 1105
589827 239
589828 239
589829 239
589830 239
589831 239
589832 239
589833 239
589834 239
589835 239
589836 239
589837 239
589838 239
589839 239
589840 239
589841 239
589842 239
589843 239
589844 239
589845 239
589846 239
589847 239
589848 239
589849 239
589850 239
589851 239
589852 239
589853 239
589854 239
589855 239
kernel_count 45088
