0 1182
1 1177
2 1106
3 1106
4 1177
5 1106
6 1035
7 1251
8 1247
9 1322
10 1177
11 1321
12 1251
13 1247
14 1322
15 1106
16 1321
17 1251
18 1247
19 1176
20 1247
21 1034
22 959
23 1247
24 1176
25 1176
26 1030
27 1247
28 1176
29 1176
30 1176
31 1247
65536 1254
65537 1177
65538 1248
65539 1248
65540 1248
65541 1177
65542 1106
65543 1176
65544 1248
65545 1248
65546 1248
65547 1177
65548 1248
65549 1248
65550 1177
65551 1252
65552 1247
65553 1106
65554 1106
65555 1247
65556 1251
65557 1247
65558 1393
65559 1247
65560 1247
65561 1322
65562 1251
65563 1174
65564 1103
65565 1103
65566 1104
65567 1246
131072 747
131073 747
131074 1111
131075 1467
131076 1466
131077 1248
131078 1248
131079 1248
131080 1249
131081 1824
131082 1248
131083 1823
131084 1248
131085 1249
131086 1823
131087 1247
131088 1246
131089 1246
131090 1247
131091 1247
131092 1247
131093 1246
131094 1106
131095 1177
131096 1248
131097 1393
131098 1248
131099 1248
131100 1248
131101 1177
131102 1322
131103 1246
196608 1181
196609 1392
196610 1248
196611 1252
196612 1247
196613 1246
196614 1248
196615 1248
196616 1247
196617 1104
196618 1392
196619 1248
196620 1248
196621 1248
196622 1248
196623 1392
196624 1252
196625 1393
196626 1246
196627 959
196628 1030
196629 1177
196630 1176
196631 1176
196632 1176
196633 1176
196634 1176
196635 1176
196636 1176
196637 1176
196638 1248
196639 1322
262144 1110
262145 1248
262146 1248
262147 1248
262148 1248
262149 1177
262150 1248
262151 1177
262152 1248
262153 1177
262154 1106
262155 1248
262156 961
262157 1248
262158 1248
262159 1393
262160 1392
262161 1248
262162 1392
262163 1392
262164 1247
262165 1393
262166 1246
262167 1176
262168 1034
262169 1247
262170 1247
262171 1246
262172 1105
262173 1176
262174 1247
262175 1247
327680 748
327681 747
327682 1035
327683 1248
327684 1106
327685 1396
327686 1248
327687 1106
327688 1248
327689 1325
327690 1247
327691 1247
327692 1246
327693 1176
327694 1176
327695 1247
327696 1247
327697 1246
327698 1176
327699 1247
327700 1247
327701 1246
327702 1247
327703 1247
327704 1246
327705 1247
327706 1247
327707 1247
327708 1247
327709 1247
327710 1247
327711 1247
393216 747
393217 1034
393218 1105
393219 1247
393220 1247
393221 1248
393222 1106
393223 1106
393224 1248
393225 1321
393226 1177
393227 1248
393228 1248
393229 1247
393230 1248
393231 1248
393232 1248
393233 1248
393234 1247
393235 1247
393236 1248
393237 1177
393238 1177
393239 1248
393240 1247
393241 1247
393242 1248
393243 1251
393244 1247
393245 1247
393246 1176
393247 1247
458752 748
458753 1248
458754 1105
458755 1248
458756 1176
458757 1027
458758 239
458759 239
458760 239
458761 239
458762 239
458763 239
458764 239
458765 239
458766 239
458767 239
458768 239
458769 239
458770 239
458771 239
458772 239
458773 239
458774 239
458775 239
458776 239
458777 239
458778 239
458779 239
458780 239
458781 239
458782 239
458783 239
kernel_count 37143
