0 1253
1 1248
2 1248
3 1248
4 1463
5 1105
6 1249
7 1247
8 1248
9 1248
10 1463
11 1106
12 1249
13 1248
14 1247
15 1248
16 1463
17 1249
18 1248
19 1248
20 1248
21 1463
22 1105
23 1249
24 1248
25 1248
26 1248
27 1463
28 1175
29 1246
30 1246
31 1246
65536 747
65537 820
65538 747
65539 747
65540 746
65541 746
65542 820
65543 1248
65544 1247
65545 1248
65546 1177
65547 1177
65548 1177
65549 1177
65550 1177
65551 1177
65552 1177
65553 1248
65554 1248
65555 1248
65556 1247
65557 1248
65558 1106
65559 1248
65560 1248
65561 1248
65562 1248
65563 1248
65564 1321
65565 1322
65566 1322
65567 1175
131072 1110
131073 1177
131074 1178
131075 1248
131076 1249
131077 1248
131078 1249
131079 1177
131080 1248
131081 1249
131082 1176
131083 1106
131084 1249
131085 1249
131086 1106
131087 1177
131088 1105
131089 1249
131090 1106
131091 1249
131092 1177
131093 1177
131094 1178
131095 1030
131096 1181
131097 1249
131098 1248
131099 1249
131100 1463
131101 1247
131102 1246
131103 1102
196608 1254
196609 1246
196610 1246
196611 1321
196612 1177
196613 1248
196614 1248
196615 1247
196616 1177
196617 1177
196618 1176
196619 1247
196620 1177
196621 1177
196622 1248
196623 1177
196624 1248
196625 1247
196626 1248
196627 1177
196628 1177
196629 1248
196630 1248
196631 1177
196632 1177
196633 1248
196634 1247
196635 1251
196636 1105
196637 1247
196638 1247
196639 1031
262144 1254
262145 1177
262146 1248
262147 1248
262148 1177
262149 1248
262150 1177
262151 1247
262152 1248
262153 1247
262154 1248
262155 1177
262156 1106
262157 1177
262158 1177
262159 1177
262160 1177
262161 1248
262162 1177
262163 1247
262164 1177
262165 1177
262166 1106
262167 1248
262168 1101
262169 239
262170 239
262171 239
262172 239
262173 239
262174 239
262175 239
kernel_count 24187
