0 1253
1 1176
2 1176
3 1247
4 1247
5 1247
6 1246
7 1246
8 1176
9 1176
10 1246
11 1247
12 1247
13 1247
14 1246
15 1246
16 1176
17 1176
18 1247
19 1247
20 1247
21 1246
22 1246
23 1247
24 1176
25 1104
26 1247
27 1247
28 1176
29 1246
30 1174
31 1173
65536 1182
65537 1176
65538 1246
65539 1247
65540 1247
65541 1246
65542 1175
65543 1247
65544 1176
65545 1247
65546 1247
65547 1246
65548 1246
65549 1247
65550 1247
65551 1246
65552 1105
65553 1247
65554 1247
65555 1247
65556 1247
65557 1105
65558 1246
65559 1247
65560 1176
65561 1247
65562 1247
65563 1246
65564 1247
65565 1247
65566 1103
65567 1175
131072 1254
131073 955
131074 1247
131075 1247
131076 1176
131077 1247
131078 1248
131079 1248
131080 1106
131081 1248
131082 1248
131083 1248
131084 1106
131085 1106
131086 1321
131087 1105
131088 1247
131089 1247
131090 1247
131091 1247
131092 1176
131093 1247
131094 1176
131095 1247
131096 1247
131097 1176
131098 1176
131099 1247
131100 1247
131101 1246
131102 1246
131103 1175
196608 1254
196609 1247
196610 1248
196611 1248
196612 1248
196613 1248
196614 1247
196615 1177
196616 1392
196617 1247
196618 1245
196619 1175
196620 1247
196621 1247
196622 1246
196623 1247
196624 1246
196625 1176
196626 1246
196627 1247
196628 1246
196629 1247
196630 1247
196631 1246
196632 1175
196633 1175
196634 1175
196635 1175
196636 1176
196637 1247
196638 1175
196639 1175
262144 1254
262145 1104
262146 1105
262147 1247
262148 1247
262149 1246
262150 1247
262151 1104
262152 1176
262153 1176
262154 1247
262155 1176
262156 1247
262157 1174
262158 1245
262159 1174
262160 1246
262161 1246
262162 1247
262163 1247
262164 1247
262165 1247
262166 1247
262167 1105
262168 1247
262169 1246
262170 1247
262171 1105
262172 1176
262173 1247
262174 1247
262175 1247
327680 748
327681 1106
327682 1247
327683 1247
327684 1177
327685 1248
327686 1247
327687 1248
327688 1248
327689 1248
327690 1248
327691 1248
327692 1247
327693 1177
327694 1176
327695 1177
327696 1247
327697 1247
327698 1320
327699 1321
327700 1247
327701 1247
327702 1176
327703 1245
327704 1033
327705 1174
327706 1175
327707 1247
327708 1174
327709 1103
327710 1174
327711 1174
393216 747
393217 746
393218 1176
393219 1247
393220 1248
393221 1247
393222 1248
393223 1252
393224 1248
393225 1247
393226 1248
393227 1248
393228 1248
393229 1248
393230 1247
393231 1248
393232 1247
393233 1248
393234 1248
393235 1247
393236 1247
393237 1177
393238 1248
393239 1391
393240 1105
393241 1249
393242 1104
393243 1104
393244 1176
393245 1176
393246 1246
393247 1175
458752 747
458753 1177
458754 1248
458755 1247
458756 1248
458757 1176
458758 1322
458759 1247
458760 1247
458761 1247
458762 1247
458763 1247
458764 1247
458765 1176
458766 1176
458767 1246
458768 1176
458769 1175
458770 1175
458771 1247
458772 1247
458773 1246
458774 1176
458775 959
458776 1105
458777 1105
458778 1176
458779 1247
458780 1247
458781 1176
458782 1247
458783 1247
524288 1182
524289 1248
524290 1393
524291 1248
524292 1248
524293 1248
524294 1248
524295 1176
524296 1247
524297 1248
524298 1469
524299 1393
524300 1177
524301 1323
524302 1248
524303 1177
524304 1322
524305 1247
524306 1248
524307 1248
524308 1248
524309 1322
524310 1321
524311 1177
524312 1177
524313 1177
524314 1248
524315 1250
524316 1030
524317 1246
524318 1246
524319 1247
589824 1182
589825 1248
589826 1248
589827 1247
589828 1248
589829 1248
589830 1248
589831 1248
589832 1029
589833 239
589834 239
589835 239
589836 239
589837 239
589838 239
589839 239
589840 239
589841 239
589842 239
589843 239
589844 239
589845 239
589846 239
589847 239
589848 239
589849 239
589850 239
589851 239
589852 239
589853 239
589854 239
589855 239
kernel_count 47441
