0 1330
1 1322
2 1322
3 1322
4 1322
5 1322
6 1035
7 1248
8 1247
9 1322
10 1321
11 1177
12 1247
13 1322
14 1322
15 1322
16 1322
17 1322
18 1322
19 1322
20 1247
21 1248
22 1248
23 1248
24 1321
25 1106
26 1248
27 1322
28 1321
29 1247
30 1176
31 1247
65536 748
65537 1034
65538 747
65539 747
65540 1177
65541 1177
65542 1177
65543 1177
65544 1177
65545 1247
65546 1248
65547 1106
65548 1247
65549 1248
65550 1252
65551 1251
65552 1251
65553 1248
65554 1248
65555 1248
65556 1248
65557 1248
65558 1248
65559 1177
65560 1248
65561 1177
65562 1106
65563 1106
65564 1105
65565 1392
65566 1247
65567 1175
131072 747
131073 1177
131074 1249
131075 239
131076 239
131077 239
131078 239
131079 239
131080 239
131081 239
131082 239
131083 239
131084 239
131085 239
131086 239
131087 239
131088 239
131089 239
131090 239
131091 239
131092 239
131093 239
131094 239
131095 239
131096 239
131097 239
131098 239
131099 239
131100 239
131101 239
131102 239
131103 239
kernel_count 11288
