0 1038
1 1034
2 1105
3 1246
4 1246
5 1105
6 1246
7 1246
8 1246
9 1247
10 1247
11 1247
12 1247
13 1247
14 1176
15 1247
16 1247
17 1247
18 1176
19 1104
20 1104
21 1247
22 1247
23 1247
24 1247
25 1247
26 1247
27 1247
28 1247
29 1247
30 1247
31 1247
65536 1038
65537 959
65538 959
65539 1177
65540 1176
65541 1176
65542 1176
65543 1391
65544 1391
65545 1247
65546 1105
65547 1105
65548 1176
65549 1176
65550 1247
65551 1247
65552 1247
65553 1105
65554 1105
65555 1176
65556 1247
65557 1247
65558 1176
65559 1247
65560 1247
65561 1175
65562 1175
65563 1176
65564 958
65565 1247
65566 1247
65567 1246
131072 1254
131073 1246
131074 1247
131075 1247
131076 1247
131077 1247
131078 1247
131079 1176
131080 1247
131081 1174
131082 1246
131083 1247
131084 1176
131085 1176
131086 1247
131087 1176
131088 1175
131089 1175
131090 1247
131091 1245
131092 1245
131093 1247
131094 1104
131095 1175
131096 1105
131097 1105
131098 1246
131099 1247
131100 1175
131101 1247
131102 1246
131103 1247
196608 1258
196609 1106
196610 1252
196611 1252
196612 1249
196613 1106
196614 1249
196615 1249
196616 1249
196617 1106
196618 1249
196619 1249
196620 1393
196621 1393
196622 1177
196623 1249
196624 1249
196625 1177
196626 1249
196627 1393
196628 1177
196629 1249
196630 1249
196631 1177
196632 1248
196633 1177
196634 1248
196635 1248
196636 1177
196637 1463
196638 1176
196639 1247
262144 1254
262145 1249
262146 1249
262147 1249
262148 1465
262149 1177
262150 1248
262151 1248
262152 1248
262153 1248
262154 1248
262155 1248
262156 1392
262157 1321
262158 1247
262159 1247
262160 1248
262161 1323
262162 1323
262163 1106
262164 1248
262165 1248
262166 1323
262167 1177
262168 1394
262169 1103
262170 1029
262171 1175
262172 1029
262173 1029
262174 1104
262175 1175
327680 1181
327681 1176
327682 1106
327683 1246
327684 1175
327685 1246
327686 1251
327687 1247
327688 1322
327689 1105
327690 1247
327691 1322
327692 1246
327693 1248
327694 1320
327695 1320
327696 1248
327697 1248
327698 1177
327699 1176
327700 1177
327701 1176
327702 1105
327703 1177
327704 1176
327705 1177
327706 1180
327707 1176
327708 1247
327709 1028
327710 1104
327711 1175
393216 1400
393217 1248
393218 1180
393219 1176
393220 1031
393221 1175
393222 1247
393223 1247
393224 1247
393225 1175
393226 1322
393227 1322
393228 1322
393229 1105
393230 1246
393231 1176
393232 1102
393233 1177
393234 1176
393235 1176
393236 1247
393237 1321
393238 1106
393239 1248
393240 1248
393241 1321
393242 1104
393243 1247
393244 1176
393245 1030
393246 1030
393247 1245
458752 1254
458753 1251
458754 1248
458755 1030
458756 1030
458757 1247
458758 1248
458759 1248
458760 1248
458761 1248
458762 1322
458763 1248
458764 1248
458765 1322
458766 1179
458767 1247
458768 1176
458769 1176
458770 1247
458771 1177
458772 1176
458773 1177
458774 1322
458775 1247
458776 1246
458777 1176
458778 1105
458779 1176
458780 1105
458781 1247
458782 1247
458783 1028
524288 1182
524289 1178
524290 1178
524291 1178
524292 1249
524293 1324
524294 1249
524295 1249
524296 1249
524297 1177
524298 1178
524299 1393
524300 1106
524301 1176
524302 1248
524303 959
524304 1030
524305 1174
524306 1104
524307 1104
524308 1029
524309 1030
524310 239
524311 239
524312 239
524313 239
524314 239
524315 239
524316 239
524317 239
524318 239
524319 239
kernel_count 44031
