0 962
1 959
2 1106
3 1322
4 1248
5 1322
6 1248
7 1106
8 1321
9 1177
10 1322
11 1248
12 1322
13 1248
14 1322
15 1248
16 1106
17 1322
18 1248
19 1248
20 1248
21 1177
22 1248
23 1248
24 1247
25 1177
26 1248
27 1248
28 1322
29 1174
30 1175
31 1175
65536 748
65537 1176
65538 1247
65539 1245
65540 1245
65541 1245
65542 1247
65543 1103
65544 1246
65545 1245
65546 1246
65547 1247
65548 1247
65549 1247
65550 1175
65551 1247
65552 1247
65553 1247
65554 1175
65555 1247
65556 1247
65557 1247
65558 1247
65559 1247
65560 1247
65561 1247
65562 1176
65563 1176
65564 1247
65565 1246
65566 1247
65567 1103
131072 1037
131073 1542
131074 1249
131075 1678
131076 1249
131077 1249
131078 1249
131079 1106
131080 887
131081 1106
131082 1466
131083 1248
131084 1176
131085 1248
131086 1248
131087 1105
131088 1106
131089 1247
131090 1247
131091 1248
131092 1247
131093 1177
131094 1248
131095 1323
131096 1465
131097 1105
131098 1321
131099 1248
131100 1177
131101 1248
131102 1322
131103 1247
196608 1110
196609 1177
196610 1177
196611 1324
196612 1323
196613 1106
196614 1393
196615 1393
196616 1177
196617 1030
196618 1177
196619 1249
196620 1321
196621 1249
196622 1106
196623 1030
196624 1106
196625 1177
196626 1249
196627 1249
196628 1249
196629 1249
196630 1177
196631 1393
196632 1391
196633 1393
196634 1464
196635 1464
196636 1174
196637 1247
196638 1105
196639 1247
262144 1254
262145 1178
262146 1107
262147 1107
262148 1249
262149 1178
262150 1249
262151 1249
262152 1178
262153 1107
262154 1323
262155 1394
262156 1248
262157 1107
262158 1394
262159 1394
262160 1178
262161 1248
262162 1251
262163 1251
262164 1110
262165 1177
262166 1177
262167 1248
262168 1177
262169 1177
262170 1248
262171 1248
262172 1248
262173 1248
262174 1104
262175 239
kernel_count 25563
