0 1254
1 1177
2 1176
3 1176
4 1248
5 1176
6 1176
7 1177
8 1034
9 1034
10 1034
11 1034
12 1034
13 1034
14 1034
15 1177
16 1248
17 1248
18 1247
19 1106
20 1248
21 1248
22 1248
23 1177
24 1321
25 1105
26 1247
27 1176
28 1247
29 1247
30 1247
31 1247
65536 1109
65537 1177
65538 1177
65539 1322
65540 1323
65541 1322
65542 1030
65543 1323
65544 1323
65545 1322
65546 1252
65547 1322
65548 1248
65549 1177
65550 1176
65551 1177
65552 1248
65553 1248
65554 1246
65555 1246
65556 1106
65557 1106
65558 1106
65559 1247
65560 1392
65561 1105
65562 1248
65563 1248
65564 1177
65565 1248
65566 1321
65567 1175
131072 1254
131073 1106
131074 1247
131075 1393
131076 1393
131077 1393
131078 1394
131079 1248
131080 1248
131081 1248
131082 1392
131083 1105
131084 1246
131085 1247
131086 1247
131087 1247
131088 1247
131089 1247
131090 1247
131091 1247
131092 1247
131093 1246
131094 1176
131095 1247
131096 1247
131097 1247
131098 1246
131099 1247
131100 1247
131101 1176
131102 1247
131103 1247
196608 1254
196609 1035
196610 1106
196611 1248
196612 1393
196613 1177
196614 1030
196615 1247
196616 1177
196617 1176
196618 1177
196619 1248
196620 1247
196621 1248
196622 1248
196623 1248
196624 1106
196625 1248
196626 1247
196627 1248
196628 1248
196629 1248
196630 1106
196631 1248
196632 1248
196633 1321
196634 1322
196635 1105
196636 1247
196637 1247
196638 1176
196639 1247
262144 1110
262145 1177
262146 1247
262147 1248
262148 1177
262149 1106
262150 1248
262151 1251
262152 1247
262153 1247
262154 1247
262155 1247
262156 1247
262157 1175
262158 1175
262159 1030
262160 1030
262161 1030
262162 1247
262163 1176
262164 1247
262165 1176
262166 1176
262167 1247
262168 1175
262169 1247
262170 1105
262171 1247
262172 1247
262173 1246
262174 1174
262175 1246
327680 1330
327681 1321
327682 1176
327683 1175
327684 1104
327685 1176
327686 1176
327687 1174
327688 1174
327689 1030
327690 1176
327691 1175
327692 1246
327693 1176
327694 1105
327695 1247
327696 1246
327697 1246
327698 1247
327699 1245
327700 1247
327701 1247
327702 1246
327703 1247
327704 1247
327705 1246
327706 1247
327707 1246
327708 1176
327709 1247
327710 1247
327711 1247
393216 1254
393217 1248
393218 1248
393219 1248
393220 1248
393221 1247
393222 1247
393223 1247
393224 1176
393225 1248
393226 1177
393227 1177
393228 1030
393229 1030
393230 1394
393231 1248
393232 1394
393233 1248
393234 1176
393235 1248
393236 1248
393237 1248
393238 1248
393239 1247
393240 1394
393241 1177
393242 1177
393243 1106
393244 1248
393245 1177
393246 1323
393247 1395
458752 1253
458753 1176
458754 1176
458755 1396
458756 1177
458757 1396
458758 1248
458759 1249
458760 1177
458761 1176
458762 1176
458763 1105
458764 1176
458765 1324
458766 1177
458767 1106
458768 1325
458769 1177
458770 1249
458771 1253
458772 1325
458773 1248
458774 1249
458775 1248
458776 1538
458777 1250
458778 1250
458779 1322
458780 1247
458781 1247
458782 1247
458783 1174
524288 1181
524289 1247
524290 1247
524291 1247
524292 1247
524293 1246
524294 1247
524295 1177
524296 1177
524297 1248
524298 1177
524299 1247
524300 1393
524301 1248
524302 1248
524303 1248
524304 1248
524305 1177
524306 1246
524307 1247
524308 1177
524309 1322
524310 1177
524311 1177
524312 1248
524313 1176
524314 1322
524315 1321
524316 1247
524317 1247
524318 1248
524319 1322
589824 823
589825 747
589826 1250
589827 1395
589828 1395
589829 1248
589830 1539
589831 1395
589832 1178
589833 1179
589834 1466
589835 1395
589836 1539
589837 1176
589838 1175
589839 1176
589840 1176
589841 239
589842 239
589843 239
589844 239
589845 239
589846 239
589847 239
589848 239
589849 239
589850 239
589851 239
589852 239
589853 239
589854 239
589855 239
kernel_count 49136
