0 1110
1 1247
2 1247
3 1177
4 1248
5 1248
6 1248
7 1248
8 1248
9 1248
10 1248
11 1248
12 1248
13 1248
14 1246
15 1248
16 1248
17 1176
18 1176
19 1176
20 1177
21 1176
22 1247
23 1247
24 1391
25 1030
26 1030
27 1246
28 1247
29 1247
30 1247
31 1247
65536 1254
65537 1251
65538 1322
65539 1322
65540 1034
65541 1248
65542 1177
65543 1248
65544 1176
65545 1248
65546 1248
65547 1248
65548 1248
65549 1248
65550 1248
65551 1393
65552 1177
65553 1322
65554 1177
65555 1248
65556 1248
65557 1105
65558 1177
65559 1322
65560 1322
65561 1175
65562 1322
65563 1322
65564 1175
65565 1322
65566 1322
65567 1246
131072 747
131073 1106
131074 1029
131075 1030
131076 1249
131077 1249
131078 1249
131079 1248
131080 1248
131081 1248
131082 1248
131083 1249
131084 1030
131085 1177
131086 1249
131087 1249
131088 1178
131089 1106
131090 1249
131091 1176
131092 1177
131093 1106
131094 1177
131095 1177
131096 1177
131097 1464
131098 1181
131099 1392
131100 1392
131101 1248
131102 1392
131103 1392
196608 1253
196609 1247
196610 1323
196611 1323
196612 1248
196613 1248
196614 1248
196615 1248
196616 1248
196617 1248
196618 1322
196619 1248
196620 1248
196621 1393
196622 1393
196623 1393
196624 1248
196625 1247
196626 1251
196627 1322
196628 1248
196629 1393
196630 1248
196631 1247
196632 1247
196633 1323
196634 1248
196635 1392
196636 1247
196637 1247
196638 1245
196639 1245
262144 824
262145 747
262146 821
262147 747
262148 747
262149 747
262150 1180
262151 1249
262152 1249
262153 1249
262154 1177
262155 1177
262156 1177
262157 1177
262158 1177
262159 1176
262160 1177
262161 1177
262162 1249
262163 1394
262164 1247
262165 1247
262166 1175
262167 891
262168 1246
262169 1246
262170 1246
262171 1176
262172 1175
262173 1246
262174 1246
262175 1247
327680 1254
327681 1177
327682 1105
327683 1248
327684 1247
327685 1106
327686 1177
327687 1106
327688 959
327689 1030
327690 1034
327691 1029
327692 1177
327693 1248
327694 1106
327695 1106
327696 1106
327697 1248
327698 1248
327699 1248
327700 1322
327701 1322
327702 1322
327703 1247
327704 1246
327705 1247
327706 1246
327707 1247
327708 1176
327709 1247
327710 1246
327711 1247
393216 1254
393217 1325
393218 1249
393219 1249
393220 1249
393221 1249
393222 1249
393223 1177
393224 1394
393225 1030
393226 1248
393227 1249
393228 1248
393229 1249
393230 1249
393231 1106
393232 1249
393233 1177
393234 1177
393235 1177
393236 1249
393237 1607
393238 1607
393239 1175
393240 1175
393241 1175
393242 1176
393243 1105
393244 1247
393245 1030
393246 1104
393247 1175
458752 1034
458753 1249
458754 1177
458755 1249
458756 1249
458757 1324
458758 1249
458759 1106
458760 1248
458761 1248
458762 1249
458763 1248
458764 1177
458765 1248
458766 1177
458767 1105
458768 1034
458769 1036
458770 1036
458771 1036
458772 1179
458773 1179
458774 1323
458775 1248
458776 1464
458777 1464
458778 1464
458779 1104
458780 1175
458781 1175
458782 1175
458783 1174
524288 1182
524289 1178
524290 1249
524291 1249
524292 1325
524293 1325
524294 1537
524295 1248
524296 1397
524297 1397
524298 1248
524299 1248
524300 1176
524301 1106
524302 1176
524303 1176
524304 1248
524305 1393
524306 1393
524307 1177
524308 1248
524309 1105
524310 1247
524311 1106
524312 1177
524313 1322
524314 1247
524315 1176
524316 1247
524317 1176
524318 1247
524319 1247
589824 1472
589825 1175
589826 1176
589827 1177
589828 1247
589829 1030
589830 1247
589831 1106
589832 1177
589833 1247
589834 1030
589835 1177
589836 1248
589837 1177
589838 1248
589839 1177
589840 1177
589841 1392
589842 1248
589843 1248
589844 1106
589845 1176
589846 1248
589847 1248
589848 1392
589849 1248
589850 1392
589851 1247
589852 1248
589853 1248
589854 1392
589855 1247
655360 1182
655361 1250
655362 1250
655363 1250
655364 1250
655365 1178
655366 1178
655367 1250
655368 1464
655369 1248
655370 952
655371 239
655372 239
655373 239
655374 239
655375 239
655376 239
655377 239
655378 239
655379 239
655380 239
655381 239
655382 239
655383 239
655384 239
655385 239
655386 239
655387 239
655388 239
655389 239
655390 239
655391 239
kernel_count 53252
