0 1254
1 1176
2 1247
3 1247
4 1247
5 1247
6 1247
7 1247
8 1247
9 1247
10 1247
11 1247
12 1030
13 1247
14 1030
15 1247
16 1030
17 1247
18 1176
19 1246
20 1175
21 1105
22 1247
23 1246
24 1175
25 1105
26 1247
27 1247
28 1175
29 1176
30 1247
31 1247
65536 1181
65537 1248
65538 1248
65539 1176
65540 1176
65541 1246
65542 1177
65543 1248
65544 1247
65545 1248
65546 1177
65547 1248
65548 1248
65549 1248
65550 1248
65551 1106
65552 1322
65553 1248
65554 1322
65555 1247
65556 1247
65557 1176
65558 1246
65559 1247
65560 1247
65561 1247
65562 1246
65563 1247
65564 1247
65565 1247
65566 1246
65567 1247
131072 1254
131073 1248
131074 1247
131075 1248
131076 1248
131077 1248
131078 1322
131079 1105
131080 1247
131081 1247
131082 1247
131083 1247
131084 1247
131085 1247
131086 1105
131087 1247
131088 1247
131089 1247
131090 1247
131091 1105
131092 1247
131093 1247
131094 1247
131095 1103
131096 1104
131097 1104
131098 1104
131099 1105
131100 1176
131101 1175
131102 1175
131103 1246
196608 1254
196609 1249
196610 1249
196611 1249
196612 1249
196613 1177
196614 1177
196615 1249
196616 1249
196617 1394
196618 1249
196619 1394
196620 1394
196621 1252
196622 1181
196623 1029
196624 1030
196625 1178
196626 1178
196627 1176
196628 1179
196629 1248
196630 1248
196631 1248
196632 1248
196633 1249
196634 1464
196635 1249
196636 1464
196637 1176
196638 1392
196639 1247
262144 1254
262145 1248
262146 1248
262147 1248
262148 1248
262149 1247
262150 1177
262151 1176
262152 1176
262153 1106
262154 1248
262155 1248
262156 1248
262157 1394
262158 1323
262159 1248
262160 1177
262161 1106
262162 1030
262163 1176
262164 1248
262165 1248
262166 1248
262167 1248
262168 1248
262169 1391
262170 1247
262171 1391
262172 1392
262173 1175
262174 1247
262175 1102
327680 1181
327681 1176
327682 1030
327683 1248
327684 1248
327685 1182
327686 1469
327687 1248
327688 1395
327689 1396
327690 1247
327691 1248
327692 1246
327693 1246
327694 1176
327695 1105
327696 1105
327697 1176
327698 1247
327699 1247
327700 1248
327701 1175
327702 1175
327703 1175
327704 1104
327705 1176
327706 1247
327707 1247
327708 1250
327709 1250
327710 1321
327711 1245
393216 1254
393217 1248
393218 1177
393219 1106
393220 1248
393221 1248
393222 1248
393223 1248
393224 1104
393225 1248
393226 1106
393227 1176
393228 1247
393229 1106
393230 1247
393231 1248
393232 1176
393233 1105
393234 1390
393235 1247
393236 1247
393237 1248
393238 1175
393239 1246
393240 1390
393241 1246
393242 1246
393243 1247
393244 1247
393245 1102
393246 1103
393247 1103
458752 966
458753 887
458754 887
458755 1248
458756 1106
458757 1176
458758 1030
458759 1322
458760 1248
458761 1248
458762 1248
458763 1030
458764 1176
458765 1248
458766 1106
458767 1246
458768 1248
458769 1177
458770 1248
458771 1248
458772 1248
458773 1176
458774 1106
458775 1106
458776 1247
458777 1394
458778 1176
458779 1176
458780 1030
458781 1180
458782 1247
458783 1247
524288 1253
524289 1248
524290 1248
524291 1247
524292 1253
524293 1246
524294 1324
524295 1177
524296 1247
524297 1247
524298 1176
524299 1106
524300 1248
524301 1247
524302 1394
524303 1248
524304 1247
524305 1106
524306 1177
524307 1248
524308 1248
524309 1247
524310 1030
524311 1397
524312 1393
524313 1177
524314 1248
524315 1248
524316 1393
524317 1177
524318 1394
524319 1245
589824 1254
589825 1107
589826 1106
589827 1107
589828 1107
589829 1249
589830 1249
589831 1178
589832 1105
589833 1248
589834 1249
589835 1249
589836 1249
589837 1249
589838 1249
589839 1249
589840 1248
589841 1397
589842 1253
589843 1322
589844 1177
589845 1248
589846 957
589847 952
589848 239
589849 239
589850 239
589851 239
589852 239
589853 239
589854 239
589855 239
kernel_count 49823
