0 1110
1 1394
2 1464
3 958
4 958
5 958
6 958
7 958
8 958
9 1248
10 1248
11 1248
12 1177
13 1177
14 1177
15 1177
16 1248
17 1247
18 1177
19 1248
20 1322
21 1322
22 1248
23 1248
24 1322
25 1322
26 1247
27 1247
28 1247
29 1247
30 1247
31 1175
65536 748
65537 1178
65538 1106
65539 1106
65540 1249
65541 1249
65542 1177
65543 1249
65544 1177
65545 1106
65546 1030
65547 1176
65548 1175
65549 1249
65550 1177
65551 1177
65552 1177
65553 1177
65554 1106
65555 1249
65556 1248
65557 1464
65558 1177
65559 1177
65560 1248
65561 1248
65562 1393
65563 1394
65564 1246
65565 1247
65566 1247
65567 1246
131072 1182
131073 1249
131074 1249
131075 1249
131076 1249
131077 1249
131078 1248
131079 1177
131080 1178
131081 1249
131082 1324
131083 1248
131084 1249
131085 1249
131086 1249
131087 1249
131088 1249
131089 1249
131090 1106
131091 1105
131092 1106
131093 1106
131094 1249
131095 1249
131096 1176
131097 1324
131098 1251
131099 1249
131100 1248
131101 1249
131102 1463
131103 1174
196608 1182
196609 1249
196610 1249
196611 1106
196612 1106
196613 1248
196614 1249
196615 1178
196616 1106
196617 1249
196618 1249
196619 1249
196620 1248
196621 1249
196622 1249
196623 1248
196624 1249
196625 1249
196626 1249
196627 1324
196628 1394
196629 1251
196630 1465
196631 1249
196632 1249
196633 1177
196634 1463
196635 1248
196636 1248
196637 1177
196638 1322
196639 1247
262144 1253
262145 1177
262146 1248
262147 1247
262148 1247
262149 1248
262150 1248
262151 1106
262152 1248
262153 1248
262154 1175
262155 1248
262156 1322
262157 1176
262158 1247
262159 1247
262160 1246
262161 1246
262162 1247
262163 1247
262164 1247
262165 1105
262166 1247
262167 1247
262168 1029
262169 1246
262170 1247
262171 1247
262172 1247
262173 1247
262174 1247
262175 1173
327680 748
327681 891
327682 1029
327683 959
327684 1106
327685 1106
327686 1248
327687 1252
327688 1247
327689 1250
327690 1322
327691 1247
327692 1247
327693 1248
327694 1247
327695 1105
327696 1247
327697 1247
327698 1247
327699 1247
327700 1248
327701 1248
327702 1246
327703 1248
327704 1248
327705 1247
327706 1248
327707 1251
327708 1246
327709 1176
327710 1246
327711 1246
393216 1182
393217 1105
393218 1248
393219 1248
393220 1176
393221 1248
393222 1248
393223 1248
393224 1176
393225 1248
393226 1248
393227 1106
393228 1248
393229 1248
393230 1248
393231 1248
393232 1106
393233 1106
393234 1106
393235 1248
393236 1392
393237 1391
393238 1392
393239 1248
393240 1321
393241 1177
393242 1248
393243 1248
393244 1248
393245 1248
393246 1104
393247 1247
458752 1110
458753 1247
458754 1176
458755 1472
458756 1249
458757 1106
458758 1176
458759 1463
458760 1248
458761 1465
458762 1176
458763 1106
458764 1106
458765 1248
458766 1246
458767 1247
458768 1248
458769 1247
458770 1248
458771 1247
458772 1248
458773 1391
458774 1392
458775 1177
458776 1177
458777 1248
458778 1248
458779 1467
458780 1465
458781 1465
458782 1246
458783 1247
524288 1110
524289 1177
524290 1177
524291 1106
524292 1248
524293 1247
524294 1176
524295 1248
524296 1248
524297 1247
524298 1246
524299 1176
524300 1247
524301 1248
524302 1248
524303 1248
524304 1106
524305 1324
524306 1177
524307 1248
524308 1177
524309 1247
524310 1394
524311 1248
524312 1248
524313 1394
524314 1394
524315 1248
524316 1181
524317 1248
524318 1177
524319 1396
589824 1254
589825 1249
589826 1249
589827 1249
589828 1178
589829 1178
589830 967
589831 1248
589832 1248
589833 1248
589834 1248
589835 1177
589836 1248
589837 811
589838 239
589839 239
589840 239
589841 239
589842 239
589843 239
589844 239
589845 239
589846 239
589847 239
589848 239
589849 239
589850 239
589851 239
589852 239
589853 239
589854 239
589855 239
kernel_count 48727
