0 1254
1 1175
2 1249
3 1175
4 1249
5 1607
6 1106
7 1607
8 1105
9 1247
10 1247
11 1104
12 1247
13 1247
14 1176
15 1176
16 1174
17 1175
18 1176
19 1174
20 1175
21 1034
22 1033
23 1033
24 1033
25 1176
26 1033
27 1033
28 1033
29 1176
30 1247
31 1028
65536 1182
65537 1248
65538 1176
65539 1177
65540 1177
65541 1248
65542 1247
65543 1177
65544 1247
65545 1177
65546 1177
65547 1176
65548 1248
65549 1106
65550 1030
65551 1252
65552 1325
65553 1395
65554 1176
65555 1176
65556 1177
65557 1177
65558 1030
65559 1177
65560 1177
65561 1106
65562 1322
65563 1247
65564 1247
65565 1247
65566 1247
65567 1246
131072 1033
131073 1029
131074 1180
131075 1106
131076 1180
131077 1106
131078 1175
131079 1248
131080 1248
131081 1248
131082 1248
131083 1034
131084 962
131085 1248
131086 1251
131087 1246
131088 1175
131089 1105
131090 1247
131091 1105
131092 1247
131093 1246
131094 1247
131095 1247
131096 1247
131097 1247
131098 1246
131099 1247
131100 1247
131101 1176
131102 1103
131103 1175
196608 1110
196609 1249
196610 1249
196611 1248
196612 1177
196613 1249
196614 1177
196615 1249
196616 1248
196617 1177
196618 1249
196619 1248
196620 1324
196621 1248
196622 1322
196623 1249
196624 1249
196625 1030
196626 1249
196627 1249
196628 1175
196629 1465
196630 1106
196631 1248
196632 1247
196633 1248
196634 1320
196635 1321
196636 1247
196637 1247
196638 1247
196639 1103
262144 1182
262145 1033
262146 1177
262147 962
262148 1177
262149 1105
262150 1177
262151 1105
262152 1106
262153 1177
262154 1105
262155 1177
262156 1033
262157 1177
262158 1248
262159 1248
262160 1248
262161 1322
262162 1245
262163 1246
262164 1176
262165 1105
262166 1247
262167 1247
262168 1247
262169 1176
262170 1175
262171 1247
262172 1176
262173 1246
262174 1247
262175 1247
327680 1110
327681 747
327682 747
327683 1106
327684 892
327685 1106
327686 1249
327687 1178
327688 1249
327689 1106
327690 1106
327691 1175
327692 1030
327693 1176
327694 1030
327695 1176
327696 1248
327697 1248
327698 1249
327699 1249
327700 1249
327701 1249
327702 1249
327703 1249
327704 1248
327705 1249
327706 1176
327707 1249
327708 1608
327709 1247
327710 1247
327711 1175
393216 1034
393217 1106
393218 1106
393219 1248
393220 1248
393221 1175
393222 1248
393223 1247
393224 1248
393225 1177
393226 1030
393227 1177
393228 1247
393229 1247
393230 1248
393231 1177
393232 1106
393233 1394
393234 1247
393235 1392
393236 1248
393237 1392
393238 1247
393239 1029
393240 1245
393241 1176
393242 1033
393243 1175
393244 1176
393245 1247
393246 1174
393247 1175
458752 1182
458753 1248
458754 1106
458755 1248
458756 1248
458757 1248
458758 1177
458759 1248
458760 1248
458761 1248
458762 1248
458763 1247
458764 1248
458765 1176
458766 1248
458767 1248
458768 1245
458769 1248
458770 1248
458771 1247
458772 1247
458773 1248
458774 1248
458775 1248
458776 1035
458777 1393
458778 1468
458779 1392
458780 1176
458781 1177
458782 1318
458783 1391
524288 1110
524289 1248
524290 1248
524291 1249
524292 1248
524293 1249
524294 1248
524295 1177
524296 1249
524297 1177
524298 1178
524299 1249
524300 1249
524301 1248
524302 1177
524303 1177
524304 1465
524305 1249
524306 1248
524307 1030
524308 1106
524309 1681
524310 1248
524311 1176
524312 1251
524313 1251
524314 1244
524315 1246
524316 1247
524317 1247
524318 1176
524319 1247
589824 1110
589825 1250
589826 1250
589827 1250
589828 1177
589829 1250
589830 1395
589831 1248
589832 1248
589833 1248
589834 1248
589835 1177
589836 1248
589837 1248
589838 1248
589839 1248
589840 1248
589841 1248
589842 1105
589843 239
589844 239
589845 239
589846 239
589847 239
589848 239
589849 239
589850 239
589851 239
589852 239
589853 239
589854 239
589855 239
kernel_count 48628
