0 1254
1 1248
2 1248
3 1177
4 1177
5 1248
6 1247
7 1248
8 1247
9 1248
10 1248
11 1248
12 1248
13 1177
14 1106
15 1248
16 1248
17 1248
18 1177
19 1177
20 1106
21 1248
22 1248
23 1248
24 1177
25 1248
26 1248
27 1248
28 1248
29 1177
30 1322
31 1247
65536 1254
65537 1248
65538 1248
65539 1177
65540 1177
65541 1177
65542 1393
65543 1247
65544 1177
65545 1177
65546 1247
65547 1248
65548 1247
65549 1248
65550 1177
65551 1248
65552 1326
65553 1392
65554 1246
65555 1248
65556 1106
65557 1248
65558 1322
65559 1105
65560 1175
65561 1176
65562 1176
65563 1176
65564 1175
65565 1246
65566 1102
65567 1101
131072 1036
131073 1249
131074 1177
131075 1176
131076 1177
131077 1463
131078 1248
131079 1248
131080 1248
131081 1248
131082 1247
131083 1247
131084 1176
131085 1177
131086 1248
131087 1248
131088 1177
131089 1176
131090 1248
131091 1106
131092 1030
131093 1248
131094 1248
131095 1248
131096 1248
131097 1248
131098 1177
131099 1322
131100 1322
131101 1176
131102 1247
131103 1175
196608 748
196609 747
196610 1035
196611 1177
196612 1249
196613 1248
196614 1249
196615 1248
196616 1247
196617 1249
196618 1249
196619 1249
196620 1249
196621 1249
196622 1177
196623 1177
196624 1176
196625 1247
196626 1175
196627 1177
196628 1106
196629 1679
196630 1249
196631 1680
196632 1248
196633 1248
196634 1248
196635 1248
196636 1247
196637 1394
196638 1247
196639 1247
262144 747
262145 1176
262146 1176
262147 1176
262148 1176
262149 1176
262150 1176
262151 1176
262152 1177
262153 1176
262154 1176
262155 1176
262156 1247
262157 1177
262158 1105
262159 1248
262160 1248
262161 1247
262162 1248
262163 1247
262164 1248
262165 1248
262166 1176
262167 1177
262168 1247
262169 1248
262170 1392
262171 1321
262172 1248
262173 1321
262174 1247
262175 1247
327680 1254
327681 1248
327682 1106
327683 1177
327684 1247
327685 1177
327686 1324
327687 1247
327688 1176
327689 1175
327690 1322
327691 1105
327692 1251
327693 1248
327694 1393
327695 1392
327696 1391
327697 1246
327698 1176
327699 1175
327700 1176
327701 1248
327702 1248
327703 1248
327704 1177
327705 1176
327706 1393
327707 1106
327708 1030
327709 1177
327710 1466
327711 1174
393216 1182
393217 1176
393218 1177
393219 1105
393220 1247
393221 1247
393222 1034
393223 1104
393224 1177
393225 1034
393226 1034
393227 1176
393228 1322
393229 1177
393230 1176
393231 1248
393232 1034
393233 1034
393234 1105
393235 1395
393236 1396
393237 1032
393238 1248
393239 1251
393240 1103
393241 1176
393242 1175
393243 1176
393244 1175
393245 1175
393246 1175
393247 1247
458752 1110
458753 1248
458754 1249
458755 1464
458756 1248
458757 1247
458758 1177
458759 1248
458760 1247
458761 1247
458762 1106
458763 1248
458764 1176
458765 1247
458766 1248
458767 1248
458768 1322
458769 1177
458770 1177
458771 1248
458772 1247
458773 1248
458774 1323
458775 1177
458776 1177
458777 1248
458778 1392
458779 1320
458780 1392
458781 1247
458782 1246
458783 1247
524288 1110
524289 747
524290 1106
524291 1248
524292 1248
524293 1176
524294 1029
524295 239
524296 239
524297 239
524298 239
524299 239
524300 239
524301 239
524302 239
524303 239
524304 239
524305 239
524306 239
524307 239
524308 239
524309 239
524310 239
524311 239
524312 239
524313 239
524314 239
524315 239
524316 239
524317 239
524318 239
524319 239
kernel_count 42316
