0 817
1 1248
2 1394
3 1322
4 1322
5 1247
6 1029
7 1105
8 1247
9 1247
10 1247
11 1246
12 1245
13 1247
14 1247
15 1246
16 1247
17 1247
18 1246
19 1247
20 1247
21 1246
22 1247
23 1247
24 1247
25 1247
26 1247
27 1247
28 1175
29 1174
30 1247
31 1247
65536 1110
65537 1248
65538 1248
65539 1248
65540 1030
65541 1248
65542 1396
65543 1396
65544 1175
65545 1248
65546 1177
65547 1247
65548 1248
65549 1248
65550 1177
65551 1106
65552 1177
65553 1177
65554 1322
65555 1248
65556 1322
65557 1247
65558 1177
65559 1248
65560 1177
65561 1322
65562 1250
65563 1176
65564 1176
65565 1030
65566 1247
65567 1175
131072 1254
131073 1177
131074 1248
131075 1247
131076 1248
131077 1248
131078 1248
131079 1248
131080 1248
131081 1248
131082 1177
131083 1393
131084 1248
131085 1248
131086 1248
131087 1177
131088 1248
131089 1248
131090 1248
131091 1106
131092 1106
131093 1106
131094 1105
131095 1248
131096 1247
131097 1245
131098 1245
131099 1248
131100 1177
131101 1322
131102 1322
131103 1247
196608 1253
196609 1248
196610 1249
196611 1249
196612 1394
196613 1178
196614 1394
196615 1249
196616 1249
196617 1249
196618 1465
196619 1248
196620 1175
196621 815
196622 1248
196623 1248
196624 1248
196625 1248
196626 1248
196627 1252
196628 1248
196629 1248
196630 1248
196631 1248
196632 1248
196633 1248
196634 1248
196635 1392
196636 1176
196637 1246
196638 1174
196639 1174
262144 747
262145 1323
262146 1177
262147 1106
262148 1397
262149 1248
262150 1247
262151 1177
262152 1393
262153 1248
262154 1177
262155 1248
262156 1029
262157 1030
262158 1029
262159 1030
262160 1030
262161 1029
262162 1030
262163 1030
262164 1176
262165 1177
262166 1177
262167 1106
262168 1106
262169 1177
262170 1177
262171 1248
262172 1323
262173 1248
262174 1321
262175 1320
327680 1254
327681 1248
327682 1177
327683 1248
327684 1248
327685 1248
327686 1248
327687 1177
327688 1323
327689 1247
327690 1177
327691 1248
327692 1248
327693 1030
327694 1247
327695 1248
327696 1177
327697 1177
327698 1177
327699 1392
327700 1246
327701 1176
327702 1247
327703 1103
327704 1175
327705 1175
327706 1105
327707 1174
327708 1246
327709 1247
327710 1104
327711 1247
393216 1254
393217 1392
393218 1106
393219 1030
393220 1177
393221 1177
393222 1177
393223 1175
393224 1246
393225 1248
393226 1248
393227 1248
393228 1248
393229 1392
393230 1247
393231 1104
393232 1247
393233 1176
393234 1247
393235 1175
393236 1175
393237 1247
393238 1030
393239 1176
393240 1176
393241 1247
393242 1247
393243 1176
393244 1030
393245 1247
393246 1246
393247 1103
458752 1254
458753 1249
458754 1105
458755 1106
458756 1249
458757 1175
458758 1247
458759 1248
458760 1249
458761 1395
458762 1248
458763 1249
458764 1249
458765 1249
458766 1249
458767 1465
458768 1248
458769 1105
458770 1249
458771 1249
458772 1177
458773 1176
458774 1394
458775 1248
458776 1249
458777 1249
458778 1607
458779 1177
458780 1248
458781 1392
458782 1249
458783 1464
524288 1182
524289 1248
524290 1248
524291 1248
524292 1248
524293 1247
524294 1247
524295 1247
524296 1247
524297 1248
524298 1325
524299 1325
524300 1325
524301 1396
524302 1247
524303 1247
524304 1247
524305 1247
524306 1105
524307 1246
524308 1105
524309 1247
524310 1245
524311 1246
524312 1176
524313 1105
524314 1247
524315 1175
524316 1105
524317 1246
524318 1247
524319 1246
589824 1253
589825 1247
589826 1105
589827 1034
589828 746
589829 1247
589830 1176
589831 1248
589832 1177
589833 1177
589834 1247
589835 1247
589836 1176
589837 1248
589838 1248
589839 1248
589840 1176
589841 1248
589842 1248
589843 1031
589844 239
589845 239
589846 239
589847 239
589848 239
589849 239
589850 239
589851 239
589852 239
589853 239
589854 239
589855 239
kernel_count 49277
