0 1182
1 1106
2 1177
3 1177
4 1106
5 1177
6 1177
7 1176
8 1177
9 1247
10 1177
11 1177
12 1248
13 1248
14 1248
15 1106
16 1106
17 1030
18 1177
19 1177
20 1248
21 1322
22 1247
23 1177
24 1248
25 1322
26 1247
27 1248
28 1248
29 1251
30 1247
31 1247
65536 748
65537 1106
65538 1393
65539 1392
65540 1247
65541 1248
65542 1247
65543 1248
65544 1106
65545 1248
65546 1106
65547 1248
65548 1177
65549 1248
65550 1251
65551 1034
65552 1251
65553 1033
65554 1247
65555 1176
65556 1176
65557 1105
65558 1176
65559 959
65560 1247
65561 1247
65562 1247
65563 1247
65564 1176
65565 1176
65566 1247
65567 1247
131072 748
131073 1105
131074 1247
131075 1246
131076 1174
131077 1247
131078 1247
131079 1176
131080 1247
131081 1175
131082 1247
131083 1176
131084 1176
131085 1247
131086 1246
131087 1247
131088 1247
131089 1247
131090 1247
131091 1247
131092 1247
131093 1247
131094 1247
131095 1246
131096 1247
131097 1245
131098 1247
131099 1246
131100 1247
131101 1246
131102 1246
131103 1102
196608 1254
196609 1248
196610 1248
196611 1248
196612 1177
196613 1176
196614 1248
196615 1248
196616 1248
196617 1105
196618 1248
196619 1248
196620 1248
196621 1392
196622 1246
196623 1247
196624 1246
196625 1247
196626 1105
196627 1104
196628 1247
196629 1105
196630 1030
196631 1246
196632 1246
196633 1246
196634 1246
196635 1247
196636 1247
196637 1175
196638 1175
196639 1175
262144 1405
262145 1176
262146 1249
262147 1177
262148 1248
262149 1248
262150 1248
262151 1320
262152 1177
262153 1248
262154 1249
262155 1249
262156 1249
262157 1249
262158 1177
262159 1176
262160 1248
262161 1248
262162 1249
262163 1249
262164 1249
262165 1249
262166 1248
262167 1463
262168 1464
262169 1392
262170 1245
262171 1247
262172 1176
262173 1247
262174 1174
262175 1175
327680 1254
327681 1106
327682 1249
327683 1178
327684 1106
327685 1106
327686 1325
327687 1177
327688 1249
327689 1249
327690 1249
327691 1248
327692 1249
327693 1248
327694 1323
327695 1324
327696 1249
327697 1248
327698 1248
327699 1178
327700 1248
327701 1248
327702 1178
327703 1466
327704 1609
327705 1249
327706 1247
327707 1247
327708 1247
327709 1247
327710 2259
327711 1175
393216 1252
393217 1033
393218 1104
393219 1175
393220 1247
393221 1321
393222 1248
393223 1248
393224 1176
393225 1248
393226 1320
393227 1176
393228 1176
393229 1248
393230 1247
393231 1248
393232 1251
393233 1248
393234 1105
393235 1177
393236 1106
393237 1104
393238 1248
393239 1248
393240 1248
393241 1248
393242 1176
393243 1248
393244 1248
393245 1248
393246 1248
393247 1249
458752 1254
458753 1251
458754 1248
458755 1248
458756 1176
458757 1324
458758 1252
458759 1248
458760 1464
458761 1176
458762 1247
458763 1247
458764 1173
458765 1246
458766 1176
458767 1030
458768 1104
458769 1176
458770 1247
458771 1247
458772 1247
458773 1247
458774 1247
458775 1247
458776 1105
458777 1175
458778 1247
458779 1175
458780 1246
458781 1176
458782 1246
458783 1247
524288 2051
524289 1248
524290 1248
524291 1248
524292 1248
524293 1396
524294 1247
524295 1247
524296 1030
524297 1105
524298 1175
524299 1176
524300 1175
524301 1105
524302 1176
524303 1105
524304 1247
524305 1247
524306 1176
524307 1105
524308 1175
524309 1176
524310 1247
524311 1247
524312 1246
524313 1247
524314 1247
524315 1247
524316 1176
524317 1175
524318 1176
524319 1245
589824 1254
589825 1248
589826 1030
589827 1248
589828 1247
589829 1247
589830 1030
589831 1177
589832 1247
589833 1176
589834 1247
589835 1248
589836 1247
589837 1030
589838 1395
589839 1248
589840 1248
589841 1177
589842 1177
589843 1248
589844 1247
589845 1323
589846 1467
589847 1247
589848 1247
589849 1247
589850 1176
589851 1247
589852 1247
589853 1247
589854 1247
589855 1247
655360 1254
655361 1248
655362 1397
655363 1247
655364 1107
655365 1322
655366 1026
655367 808
655368 239
655369 239
655370 239
655371 239
655372 239
655373 239
655374 239
655375 239
655376 239
655377 239
655378 239
655379 239
655380 239
655381 239
655382 239
655383 239
655384 239
655385 239
655386 239
655387 239
655388 239
655389 239
655390 239
655391 239
kernel_count 52933
