0 1253
1 1323
2 1248
3 1323
4 1323
5 1391
6 1391
7 1247
8 1391
9 1391
10 1247
11 1391
12 1391
13 1247
14 1392
15 1248
16 1248
17 1391
18 1247
19 1391
20 1391
21 1247
22 1391
23 1391
24 1247
25 1391
26 1391
27 1247
28 1391
29 1391
30 1247
31 1391
65536 823
65537 746
65538 820
65539 820
65540 746
65541 820
65542 962
65543 1176
65544 1321
65545 1322
65546 1177
65547 1106
65548 1322
65549 1251
65550 1320
65551 1176
65552 1176
65553 1176
65554 1176
65555 1176
65556 1105
65557 1105
65558 1105
65559 1105
65560 1246
65561 1246
65562 1175
65563 1176
65564 1244
65565 1246
65566 1247
65567 1247
131072 1254
131073 1248
131074 1248
131075 1248
131076 1106
131077 963
131078 1177
131079 1248
131080 1248
131081 1247
131082 1105
131083 1320
131084 1176
131085 1175
131086 1247
131087 1247
131088 1176
131089 1175
131090 1176
131091 1176
131092 1104
131093 1247
131094 1176
131095 1104
131096 1247
131097 1176
131098 1174
131099 1176
131100 1245
131101 1244
131102 1244
131103 1245
196608 1405
196609 1394
196610 1177
196611 1394
196612 1326
196613 1176
196614 1324
196615 1249
196616 1249
196617 1249
196618 1249
196619 1177
196620 1249
196621 1249
196622 1106
196623 1249
196624 1249
196625 1177
196626 1177
196627 1177
196628 1177
196629 1177
196630 1249
196631 1249
196632 1106
196633 1465
196634 1247
196635 1248
196636 1392
196637 1176
196638 1247
196639 1246
262144 1254
262145 1248
262146 1248
262147 1247
262148 1106
262149 1247
262150 1177
262151 1247
262152 1176
262153 1247
262154 1247
262155 1176
262156 1247
262157 1247
262158 1247
262159 1247
262160 1247
262161 1247
262162 1177
262163 1248
262164 1248
262165 1106
262166 1396
262167 1248
262168 1248
262169 1247
262170 1325
262171 1247
262172 1325
262173 1247
262174 1324
262175 1175
327680 1254
327681 1247
327682 1247
327683 1246
327684 1247
327685 1247
327686 1247
327687 1247
327688 1176
327689 962
327690 1030
327691 1247
327692 1247
327693 1175
327694 1247
327695 1175
327696 1105
327697 1247
327698 1176
327699 889
327700 1105
327701 1105
327702 1105
327703 1247
327704 1247
327705 1247
327706 1247
327707 1247
327708 1246
327709 1246
327710 1247
327711 1247
393216 748
393217 1105
393218 747
393219 1106
393220 1248
393221 1177
393222 1177
393223 1248
393224 1392
393225 1321
393226 1105
393227 1175
393228 1247
393229 1175
393230 1247
393231 1247
393232 1247
393233 1176
393234 1247
393235 1176
393236 1247
393237 1247
393238 1105
393239 1176
393240 1104
393241 1032
393242 1032
393243 1247
393244 1176
393245 1176
393246 1247
393247 1247
458752 1181
458753 1106
458754 1247
458755 1248
458756 1393
458757 1324
458758 1248
458759 1393
458760 1248
458761 1106
458762 1177
458763 1248
458764 1177
458765 1248
458766 1247
458767 1248
458768 1248
458769 1106
458770 1252
458771 1253
458772 1323
458773 1324
458774 1394
458775 1394
458776 1248
458777 1469
458778 1469
458779 1469
458780 1469
458781 1469
458782 1469
458783 1469
524288 900
524289 897
524290 897
524291 1181
524292 1248
524293 1248
524294 1030
524295 1177
524296 1248
524297 1176
524298 1176
524299 1030
524300 1248
524301 1247
524302 1247
524303 1247
524304 1248
524305 1248
524306 1248
524307 1248
524308 1248
524309 1248
524310 1248
524311 1323
524312 1177
524313 1177
524314 1177
524315 1321
524316 1176
524317 1176
524318 1173
524319 1245
589824 824
589825 1322
589826 1248
589827 1393
589828 1392
589829 1248
589830 1176
589831 1248
589832 1247
589833 1393
589834 1392
589835 1248
589836 1247
589837 1248
589838 1247
589839 1248
589840 1322
589841 1177
589842 1106
589843 1176
589844 1030
589845 1247
589846 1323
589847 1322
589848 1248
589849 1247
589850 1322
589851 1248
589852 1322
589853 1248
589854 1247
589855 1322
655360 748
655361 822
655362 1177
655363 1248
655364 949
655365 239
655366 239
655367 239
655368 239
655369 239
655370 239
655371 239
655372 239
655373 239
655374 239
655375 239
655376 239
655377 239
655378 239
655379 239
655380 239
655381 239
655382 239
655383 239
655384 239
655385 239
655386 239
655387 239
655388 239
655389 239
655390 239
655391 239
kernel_count 52457
