0 1033
1 1029
2 1177
3 1249
4 1030
5 1248
6 1464
7 1249
8 1249
9 1177
10 1030
11 1463
12 1249
13 1249
14 1249
15 1177
16 1030
17 1464
18 1247
19 1247
20 1247
21 1247
22 1247
23 1247
24 1247
25 1247
26 1247
27 1247
28 1247
29 1247
30 1247
31 1246
65536 1254
65537 1248
65538 1176
65539 1248
65540 1247
65541 1177
65542 1177
65543 1177
65544 1248
65545 1248
65546 1248
65547 1248
65548 1248
65549 1247
65550 1248
65551 1248
65552 1246
65553 1247
65554 1248
65555 1246
65556 1247
65557 1248
65558 1106
65559 1248
65560 1248
65561 1323
65562 1248
65563 1177
65564 1248
65565 1248
65566 1392
65567 1247
131072 1254
131073 1249
131074 1249
131075 1249
131076 1176
131077 1177
131078 1176
131079 1464
131080 1177
131081 1176
131082 1177
131083 1249
131084 1177
131085 1249
131086 1249
131087 1249
131088 1249
131089 1106
131090 1106
131091 1249
131092 1178
131093 1251
131094 1322
131095 1249
131096 1249
131097 1249
131098 1394
131099 1176
131100 1247
131101 1247
131102 1247
131103 1175
196608 1182
196609 1106
196610 747
196611 1177
196612 1248
196613 1177
196614 1177
196615 1249
196616 1177
196617 1249
196618 1177
196619 1249
196620 1176
196621 1248
196622 1248
196623 1248
196624 1106
196625 1249
196626 1105
196627 1249
196628 1249
196629 1106
196630 1106
196631 1106
196632 1176
196633 1249
196634 1176
196635 1248
196636 1537
196637 1538
196638 1538
196639 1538
262144 1254
262145 1247
262146 1247
262147 1248
262148 962
262149 1392
262150 1248
262151 1248
262152 1248
262153 1248
262154 1176
262155 1392
262156 1248
262157 1248
262158 959
262159 1248
262160 1247
262161 1321
262162 1247
262163 1247
262164 1247
262165 1176
262166 1176
262167 1247
262168 1247
262169 1033
262170 1174
262171 1247
262172 1246
262173 1246
262174 1246
262175 1247
327680 748
327681 1106
327682 1175
327683 1177
327684 747
327685 1106
327686 1175
327687 1467
327688 1248
327689 1248
327690 1248
327691 1248
327692 1248
327693 1248
327694 1177
327695 1392
327696 1248
327697 1247
327698 1321
327699 1247
327700 1247
327701 1247
327702 1246
327703 1246
327704 1246
327705 1246
327706 1246
327707 1248
327708 1391
327709 1246
327710 1032
327711 1028
393216 1254
393217 1393
393218 1393
393219 1248
393220 1248
393221 1393
393222 1536
393223 1536
393224 1247
393225 1247
393226 1176
393227 1176
393228 1247
393229 1176
393230 1176
393231 1176
393232 1175
393233 1176
393234 1176
393235 1247
393236 1176
393237 1176
393238 1176
393239 1175
393240 1176
393241 1175
393242 1174
393243 1247
393244 1247
393245 1247
393246 1247
393247 1247
458752 748
458753 747
458754 747
458755 747
458756 1177
458757 1106
458758 1324
458759 1324
458760 1324
458761 1177
458762 1177
458763 892
458764 815
458765 1177
458766 1252
458767 1249
458768 1249
458769 1249
458770 1247
458771 1249
458772 1249
458773 1248
458774 1249
458775 1249
458776 956
458777 1249
458778 1105
458779 1028
458780 1249
458781 1463
458782 1247
458783 1247
524288 1182
524289 1250
524290 1250
524291 1107
524292 1250
524293 1178
524294 1539
524295 1539
524296 1249
524297 1107
524298 1178
524299 1249
524300 1249
524301 1248
524302 1178
524303 1248
524304 1107
524305 1248
524306 1178
524307 1249
524308 1249
524309 1249
524310 1249
524311 1322
524312 1248
524313 1248
524314 1106
524315 1176
524316 1106
524317 1176
524318 1177
524319 1248
kernel_count 45860
