0 1253
1 1247
2 1247
3 1248
4 1248
5 1177
6 1247
7 1177
8 1176
9 1247
10 1177
11 1247
12 1247
13 1248
14 1248
15 1248
16 1248
17 1248
18 1248
19 1028
20 1248
21 1248
22 1248
23 1248
24 1248
25 1392
26 1321
27 1391
28 1247
29 1246
30 1247
31 1175
65536 1253
65537 1176
65538 1248
65539 1248
65540 1248
65541 1248
65542 1248
65543 1248
65544 958
65545 1248
65546 1248
65547 1177
65548 1106
65549 1177
65550 1392
65551 1176
65552 1176
65553 1392
65554 1248
65555 1176
65556 1248
65557 1106
65558 1247
65559 1247
65560 1248
65561 1248
65562 1030
65563 1248
65564 1392
65565 1321
65566 1247
65567 1174
131072 748
131073 1105
131074 1248
131075 1248
131076 1248
131077 1248
131078 1248
131079 1248
131080 1247
131081 1248
131082 1248
131083 1248
131084 1246
131085 1248
131086 1247
131087 1247
131088 1247
131089 1246
131090 1246
131091 1245
131092 1247
131093 1247
131094 1247
131095 1247
131096 1247
131097 1105
131098 1247
131099 1246
131100 1247
131101 1176
131102 1246
131103 1247
196608 1253
196609 892
196610 747
196611 1247
196612 1247
196613 1248
196614 1177
196615 1248
196616 1248
196617 1248
196618 1177
196619 1030
196620 1106
196621 1029
196622 1248
196623 1248
196624 1392
196625 1248
196626 1248
196627 1176
196628 1248
196629 1247
196630 1176
196631 815
196632 1177
196633 1247
196634 1248
196635 1176
196636 1105
196637 1392
196638 1176
196639 1247
262144 1110
262145 1105
262146 1249
262147 1249
262148 1248
262149 1249
262150 1249
262151 1105
262152 1249
262153 1248
262154 1248
262155 1249
262156 1249
262157 1030
262158 1248
262159 1247
262160 1249
262161 1249
262162 1177
262163 1395
262164 1395
262165 1248
262166 1248
262167 1395
262168 1177
262169 1323
262170 1248
262171 1106
262172 1176
262173 1106
262174 1469
262175 1462
327680 1036
327681 1246
327682 1247
327683 1247
327684 1247
327685 1246
327686 1246
327687 1246
327688 1175
327689 1177
327690 1176
327691 1247
327692 1247
327693 1247
327694 1246
327695 1175
327696 889
327697 1246
327698 889
327699 1245
327700 1246
327701 1176
327702 1248
327703 1247
327704 1177
327705 1321
327706 1247
327707 1248
327708 1247
327709 1322
327710 1175
327711 1247
393216 1254
393217 1176
393218 1176
393219 1177
393220 1177
393221 1249
393222 1254
393223 1247
393224 1176
393225 962
393226 1176
393227 1324
393228 1249
393229 1323
393230 1248
393231 1249
393232 1176
393233 1325
393234 1325
393235 1253
393236 1249
393237 1106
393238 1249
393239 1106
393240 1249
393241 1106
393242 1249
393243 1249
393244 1679
393245 1322
393246 1174
393247 1103
458752 1254
458753 1176
458754 1248
458755 1249
458756 1106
458757 1106
458758 1249
458759 1393
458760 1248
458761 1249
458762 1392
458763 1676
458764 1246
458765 1246
458766 1246
458767 1247
458768 1175
458769 1247
458770 1246
458771 1246
458772 1176
458773 1246
458774 1247
458775 1247
458776 1247
458777 1247
458778 1247
458779 1247
458780 1247
458781 1246
458782 1247
458783 1247
524288 1400
524289 1249
524290 1249
524291 1249
524292 1248
524293 1178
524294 1031
524295 1248
524296 1249
524297 1178
524298 1107
524299 1249
524300 1393
524301 1248
524302 1249
524303 1249
524304 1249
524305 1249
524306 1249
524307 1249
524308 1178
524309 1249
524310 1249
524311 1107
524312 1393
524313 1322
524314 1322
524315 1246
524316 1174
524317 239
524318 239
524319 239
kernel_count 45718
