0 1034
1 1175
2 1247
3 1246
4 1246
5 1247
6 1176
7 1175
8 1175
9 1247
10 1247
11 1247
12 1247
13 1030
14 1175
15 1247
16 1247
17 1246
18 1247
19 1247
20 1176
21 1247
22 1247
23 1247
24 1176
25 1176
26 1176
27 1176
28 1176
29 1105
30 1176
31 1175
65536 1110
65537 1176
65538 1253
65539 1175
65540 1249
65541 1249
65542 1248
65543 1177
65544 1177
65545 1177
65546 1177
65547 1176
65548 1249
65549 1249
65550 1465
65551 1248
65552 1248
65553 1249
65554 1465
65555 1247
65556 1247
65557 1248
65558 1177
65559 1106
65560 1247
65561 1176
65562 1248
65563 1248
65564 1248
65565 1248
65566 1396
65567 1247
131072 1254
131073 1249
131074 1249
131075 1248
131076 1249
131077 1106
131078 1249
131079 1249
131080 1106
131081 1249
131082 1176
131083 1249
131084 1249
131085 1106
131086 1249
131087 1249
131088 1249
131089 1249
131090 1177
131091 1106
131092 1398
131093 1176
131094 1249
131095 1393
131096 1248
131097 1247
131098 1248
131099 1106
131100 1247
131101 1248
131102 1248
131103 1322
196608 1182
196609 1247
196610 1176
196611 1177
196612 1177
196613 1248
196614 1247
196615 1030
196616 1106
196617 1248
196618 1247
196619 1396
196620 1396
196621 1396
196622 1177
196623 1248
196624 1248
196625 1248
196626 1106
196627 1177
196628 1177
196629 1248
196630 1106
196631 1248
196632 1251
196633 1251
196634 1106
196635 1251
196636 1106
196637 1251
196638 1251
196639 1247
262144 1109
262145 1106
262146 1105
262147 1177
262148 1177
262149 1176
262150 1177
262151 1325
262152 1177
262153 1106
262154 1249
262155 1106
262156 1248
262157 1248
262158 1395
262159 1393
262160 1248
262161 1247
262162 1177
262163 1249
262164 1248
262165 1249
262166 1177
262167 1248
262168 1247
262169 1176
262170 1538
262171 1323
262172 1248
262173 1248
262174 1249
262175 1394
327680 1182
327681 1248
327682 1248
327683 1248
327684 1465
327685 1324
327686 1324
327687 1248
327688 1248
327689 1248
327690 1247
327691 1248
327692 1248
327693 1177
327694 1248
327695 1176
327696 1248
327697 1247
327698 1246
327699 1394
327700 1323
327701 1248
327702 1609
327703 1610
327704 1391
327705 1320
327706 1391
327707 1320
327708 1320
327709 1321
327710 1247
327711 1173
393216 1181
393217 1175
393218 1248
393219 1248
393220 1248
393221 1248
393222 1248
393223 1177
393224 1248
393225 1248
393226 1248
393227 1176
393228 1322
393229 1247
393230 1245
393231 1247
393232 1176
393233 1176
393234 1176
393235 1176
393236 1176
393237 1176
393238 1176
393239 1176
393240 1176
393241 1176
393242 1247
393243 1245
393244 1247
393245 1175
393246 1175
393247 1175
458752 748
458753 747
458754 747
458755 1035
458756 1105
458757 1177
458758 1105
458759 1249
458760 1395
458761 1399
458762 1249
458763 1249
458764 1247
458765 1249
458766 1610
458767 1247
458768 1247
458769 1247
458770 1246
458771 1246
458772 1247
458773 1246
458774 1246
458775 1246
458776 1246
458777 1033
458778 745
458779 1247
458780 1105
458781 745
458782 1033
458783 1247
524288 1254
524289 1249
524290 1249
524291 1394
524292 1394
524293 1249
524294 1249
524295 1177
524296 1177
524297 1177
524298 1249
524299 1249
524300 1249
524301 1249
524302 1106
524303 1324
524304 1248
524305 1394
524306 1249
524307 1177
524308 1248
524309 1105
524310 1249
524311 1394
524312 1324
524313 1465
524314 1177
524315 1322
524316 1246
524317 1030
524318 1246
524319 1175
589824 1254
589825 1323
589826 1248
589827 1177
589828 1247
589829 1247
589830 1176
589831 1177
589832 239
589833 239
589834 239
589835 239
589836 239
589837 239
589838 239
589839 239
589840 239
589841 239
589842 239
589843 239
589844 239
589845 239
589846 239
589847 239
589848 239
589849 239
589850 239
589851 239
589852 239
589853 239
589854 239
589855 239
kernel_count 48054
