0 1182
1 1246
2 1175
3 1176
4 1246
5 1175
6 1176
7 1247
8 1247
9 1247
10 1247
11 1176
12 1247
13 1247
14 1246
15 1176
16 1247
17 1175
18 1176
19 1247
20 1175
21 1176
22 1247
23 1247
24 1247
25 1247
26 1176
27 1247
28 1247
29 1246
30 1247
31 1247
65536 747
65537 747
65538 747
65539 1177
65540 1248
65541 1176
65542 1176
65543 1106
65544 1248
65545 1248
65546 1248
65547 1248
65548 1248
65549 1176
65550 1248
65551 1248
65552 1247
65553 1176
65554 1176
65555 1177
65556 1248
65557 1248
65558 1248
65559 1248
65560 1248
65561 1248
65562 1248
65563 1247
65564 1322
65565 1322
65566 1247
65567 1175
131072 1253
131073 1249
131074 1175
131075 1175
131076 1175
131077 1249
131078 1249
131079 1177
131080 1249
131081 1249
131082 1249
131083 1248
131084 1323
131085 1251
131086 1249
131087 1248
131088 1176
131089 1467
131090 1467
131091 1177
131092 1249
131093 1248
131094 1249
131095 1249
131096 1324
131097 1249
131098 1248
131099 1539
131100 1248
131101 1106
131102 1322
131103 1103
196608 1254
196609 1249
196610 1249
196611 1249
196612 1248
196613 1106
196614 1249
196615 1106
196616 1177
196617 1394
196618 1395
196619 1249
196620 1395
196621 1394
196622 1395
196623 1249
196624 1610
196625 1395
196626 1248
196627 1177
196628 1249
196629 1249
196630 1105
196631 1249
196632 1395
196633 1249
196634 1610
196635 1393
196636 1248
196637 1177
196638 1177
196639 1466
262144 1116
262145 1110
262146 1175
262147 1396
262148 1110
262149 1110
262150 1253
262151 1324
262152 1110
262153 1396
262154 1035
262155 895
262156 1110
262157 1110
262158 1105
262159 1251
262160 1322
262161 1247
262162 1247
262163 1247
262164 1248
262165 1248
262166 1248
262167 1248
262168 1176
262169 1105
262170 1248
262171 1177
262172 1105
262173 1248
262174 1247
262175 1322
327680 1903
327681 1324
327682 1177
327683 1176
327684 1110
327685 1324
327686 1324
327687 1106
327688 1248
327689 1248
327690 1177
327691 1106
327692 1247
327693 1536
327694 1247
327695 1320
327696 1248
327697 1248
327698 1177
327699 1251
327700 1248
327701 1248
327702 1177
327703 1322
327704 1248
327705 1248
327706 1248
327707 1248
327708 1106
327709 1251
327710 1247
327711 1247
393216 1254
393217 1249
393218 1248
393219 1177
393220 1177
393221 1249
393222 1249
393223 1607
393224 1608
393225 1106
393226 1248
393227 1177
393228 1177
393229 1106
393230 1106
393231 1177
393232 1177
393233 1106
393234 1248
393235 1248
393236 1248
393237 1248
393238 1248
393239 1248
393240 1247
393241 1247
393242 1030
393243 816
393244 1248
393245 1247
393246 1391
393247 1246
458752 1254
458753 1466
458754 1106
458755 1541
458756 1248
458757 1248
458758 1248
458759 1177
458760 1247
458761 1247
458762 1248
458763 1176
458764 1248
458765 1248
458766 1248
458767 1248
458768 1322
458769 1246
458770 1320
458771 1321
458772 1248
458773 1248
458774 1106
458775 1248
458776 958
458777 1246
458778 1392
458779 1247
458780 1247
458781 1247
458782 1174
458783 1175
524288 1182
524289 1181
524290 1177
524291 1248
524292 1177
524293 1105
524294 1106
524295 1323
524296 1177
524297 1177
524298 1177
524299 1248
524300 1248
524301 1248
524302 1248
524303 1248
524304 1248
524305 1176
524306 1247
524307 1177
524308 1248
524309 1177
524310 1177
524311 1177
524312 1106
524313 1248
524314 1106
524315 1247
524316 1392
524317 1244
524318 1245
524319 1244
589824 1256
589825 1248
589826 1029
589827 1178
589828 1248
589829 1029
589830 1326
589831 1463
589832 1178
589833 1322
589834 1177
589835 1177
589836 1249
589837 1177
589838 1249
589839 1177
589840 1249
589841 1249
589842 1177
589843 1106
589844 1249
589845 1249
589846 1249
589847 1248
589848 1249
589849 1177
589850 1395
589851 1464
589852 1324
589853 1466
589854 1247
589855 1103
655360 1330
655361 1393
655362 1177
655363 1249
655364 1175
655365 1249
655366 1392
655367 1393
655368 1249
655369 1248
655370 1176
655371 1249
655372 1248
655373 1249
655374 1249
655375 1176
655376 1249
655377 1106
655378 1177
655379 1249
655380 1249
655381 1249
655382 1249
655383 1177
655384 1106
655385 1177
655386 1393
655387 1176
655388 1105
655389 1177
655390 1249
655391 1462
720896 1254
720897 1249
720898 1249
720899 1251
720900 1107
720901 1248
720902 1249
720903 1249
720904 1177
720905 1178
720906 1248
720907 1394
720908 1249
720909 1178
720910 1177
720911 1324
720912 1251
720913 1393
720914 1323
720915 1251
720916 1394
720917 1248
720918 1249
720919 239
720920 239
720921 239
720922 239
720923 239
720924 239
720925 239
720926 239
720927 239
kernel_count 60960
