0 1253
1 1395
2 1249
3 1249
4 1177
5 1177
6 1249
7 1249
8 1249
9 1248
10 1249
11 1030
12 1106
13 1030
14 1030
15 1248
16 1248
17 1611
18 1106
19 1392
20 1248
21 1106
22 1392
23 1030
24 1174
25 1247
26 1247
27 1245
28 1247
29 1247
30 1104
31 1175
65536 1330
65537 1323
65538 1177
65539 1324
65540 1249
65541 1249
65542 1177
65543 1252
65544 1177
65545 1252
65546 1177
65547 1248
65548 1249
65549 1248
65550 1249
65551 1249
65552 1248
65553 1248
65554 1106
65555 1106
65556 1106
65557 1321
65558 1322
65559 1105
65560 1322
65561 1394
65562 1394
65563 1248
65564 1394
65565 1247
65566 1247
65567 1322
131072 824
131073 747
131074 1248
131075 1248
131076 1177
131077 1248
131078 1176
131079 1248
131080 1248
131081 1248
131082 1176
131083 1248
131084 1177
131085 1177
131086 1177
131087 1251
131088 1176
131089 1247
131090 1247
131091 1246
131092 1247
131093 1247
131094 1247
131095 1176
131096 1247
131097 1030
131098 1247
131099 1176
131100 1030
131101 1247
131102 1173
131103 1028
196608 748
196609 671
196610 1178
196611 1395
196612 1176
196613 1248
196614 1106
196615 1175
196616 1394
196617 1249
196618 1106
196619 1324
196620 1249
196621 1248
196622 1175
196623 1248
196624 2042
196625 1176
196626 1248
196627 1248
196628 1029
196629 1394
196630 1248
196631 1248
196632 1248
196633 1469
196634 1247
196635 1247
196636 1176
196637 1246
196638 1104
196639 1175
262144 1472
262145 1610
262146 1253
262147 1106
262148 1248
262149 1248
262150 1248
262151 1395
262152 1249
262153 1178
262154 1106
262155 1176
262156 1248
262157 1246
262158 1248
262159 1177
262160 1177
262161 1249
262162 1325
262163 1249
262164 1325
262165 959
262166 1249
262167 1325
262168 1249
262169 1253
262170 1106
262171 1177
262172 1106
262173 1178
262174 1464
262175 1394
327680 824
327681 897
327682 1030
327683 1248
327684 1248
327685 1248
327686 1106
327687 1393
327688 1177
327689 1248
327690 1248
327691 1248
327692 1248
327693 1248
327694 1248
327695 1176
327696 1177
327697 1177
327698 1248
327699 1176
327700 1177
327701 1248
327702 1030
327703 1393
327704 1248
327705 1323
327706 1252
327707 1393
327708 1106
327709 1321
327710 1175
327711 1103
393216 1182
393217 1250
393218 1177
393219 1035
393220 1035
393221 1107
393222 1107
393223 1107
393224 1107
393225 1107
393226 1107
393227 1177
393228 1249
393229 1464
393230 1177
393231 1177
393232 1177
393233 1248
393234 1177
393235 1248
393236 1248
393237 1248
393238 1246
393239 1248
393240 1248
393241 1246
393242 1247
393243 1177
393244 1246
393245 1106
393246 1249
393247 239
kernel_count 35559
