0 1110
1 1323
2 1396
3 1396
4 1248
5 1248
6 1177
7 1248
8 1248
9 1248
10 1248
11 1106
12 1106
13 1323
14 1325
15 1396
16 1248
17 1248
18 1248
19 1248
20 1248
21 1248
22 1247
23 1248
24 1106
25 1323
26 1252
27 1396
28 1396
29 1247
30 1247
31 1247
65536 748
65537 746
65538 1104
65539 1175
65540 1247
65541 1247
65542 1175
65543 1246
65544 1247
65545 1176
65546 1247
65547 1247
65548 1246
65549 1030
65550 1176
65551 1176
65552 1247
65553 1247
65554 1247
65555 1247
65556 1247
65557 1247
65558 1246
65559 1246
65560 1176
65561 1247
65562 1247
65563 1175
65564 1175
65565 1247
65566 1175
65567 1175
131072 1254
131073 1248
131074 1393
131075 1393
131076 1177
131077 1177
131078 1177
131079 1251
131080 1030
131081 1248
131082 1106
131083 1177
131084 1321
131085 1248
131086 1177
131087 1177
131088 1177
131089 1177
131090 1106
131091 1248
131092 1177
131093 1247
131094 1248
131095 1247
131096 1247
131097 1106
131098 1106
131099 1106
131100 1176
131101 1322
131102 1322
131103 1247
196608 1182
196609 1248
196610 1177
196611 1177
196612 1030
196613 1177
196614 1247
196615 1176
196616 1247
196617 1246
196618 1177
196619 1251
196620 1245
196621 1029
196622 1247
196623 1247
196624 1247
196625 1246
196626 1247
196627 1246
196628 1246
196629 1246
196630 1246
196631 1247
196632 1176
196633 1105
196634 1247
196635 1176
196636 1247
196637 1175
196638 1033
196639 1175
262144 1038
262145 1248
262146 1106
262147 1248
262148 1248
262149 1176
262150 1248
262151 1248
262152 1177
262153 1176
262154 1105
262155 1106
262156 1105
262157 1105
262158 1176
262159 1247
262160 1247
262161 1248
262162 1323
262163 1247
262164 1323
262165 1248
262166 1106
262167 1248
262168 1176
262169 1177
262170 1176
262171 1106
262172 1247
262173 1391
262174 1392
262175 1392
327680 1254
327681 1247
327682 1247
327683 1247
327684 1245
327685 1105
327686 1246
327687 1247
327688 1247
327689 1247
327690 1247
327691 1247
327692 1247
327693 1176
327694 1247
327695 1247
327696 1247
327697 1247
327698 1247
327699 1030
327700 1247
327701 1247
327702 1247
327703 1247
327704 1247
327705 1247
327706 1246
327707 1176
327708 1175
327709 1246
327710 1174
327711 1174
393216 1253
393217 1249
393218 1249
393219 1249
393220 1393
393221 1176
393222 1177
393223 1249
393224 1249
393225 1609
393226 1250
393227 1176
393228 1247
393229 1248
393230 1035
393231 1392
393232 1247
393233 1247
393234 1175
393235 1176
393236 1247
393237 1176
393238 1247
393239 1175
393240 1176
393241 1247
393242 1176
393243 1247
393244 1175
393245 1176
393246 1176
393247 1247
458752 1110
458753 1395
458754 1249
458755 1249
458756 1249
458757 1606
458758 1179
458759 1105
458760 1248
458761 1248
458762 1248
458763 1176
458764 1248
458765 1177
458766 1177
458767 1106
458768 1177
458769 1177
458770 1248
458771 1248
458772 1248
458773 1322
458774 1105
458775 1247
458776 1247
458777 1173
458778 1247
458779 1247
458780 1176
458781 1176
458782 1247
458783 1247
524288 1254
524289 1249
524290 1178
524291 1606
524292 1680
524293 1177
524294 1248
524295 1106
524296 1177
524297 1177
524298 1247
524299 1248
524300 1248
524301 1322
524302 1322
524303 1322
524304 1106
524305 1248
524306 1177
524307 1248
524308 1248
524309 1248
524310 1248
524311 1251
524312 1248
524313 1248
524314 1248
524315 1248
524316 1322
524317 1246
524318 1104
524319 1175
589824 1109
589825 1324
589826 1324
589827 1249
589828 1393
589829 1393
589830 1177
589831 1177
589832 1248
589833 1248
589834 1248
589835 956
589836 239
589837 239
589838 239
589839 239
589840 239
589841 239
589842 239
589843 239
589844 239
589845 239
589846 239
589847 239
589848 239
589849 239
589850 239
589851 239
589852 239
589853 239
589854 239
589855 239
kernel_count 48414
