0 1182
1 1176
2 1247
3 1105
4 1247
5 1247
6 1246
7 1105
8 1247
9 1246
10 1176
11 1246
12 1247
13 1247
14 1247
15 1176
16 1246
17 1105
18 1247
19 1247
20 1247
21 1245
22 1246
23 1246
24 1246
25 1105
26 1247
27 1247
28 1247
29 1247
30 1247
31 1247
65536 748
65537 746
65538 746
65539 745
65540 746
65541 747
65542 747
65543 747
65544 747
65545 746
65546 747
65547 1393
65548 1247
65549 1248
65550 1105
65551 1105
65552 1105
65553 1248
65554 1248
65555 1248
65556 1248
65557 1248
65558 1323
65559 1323
65560 1177
65561 1177
65562 1175
65563 1176
65564 1393
65565 1250
65566 1250
65567 1250
131072 824
131073 1177
131074 1177
131075 1177
131076 1249
131077 1394
131078 1394
131079 1177
131080 1177
131081 1106
131082 1394
131083 1393
131084 1247
131085 1247
131086 1246
131087 1246
131088 1246
131089 1246
131090 1246
131091 1247
131092 1247
131093 1175
131094 1176
131095 1105
131096 1176
131097 1247
131098 1176
131099 1176
131100 1247
131101 1247
131102 1105
131103 1247
196608 1110
196609 1176
196610 1177
196611 1177
196612 1248
196613 1249
196614 1249
196615 1249
196616 1249
196617 1249
196618 1035
196619 1465
196620 1249
196621 1177
196622 1323
196623 1323
196624 1249
196625 1249
196626 1249
196627 1249
196628 1394
196629 1178
196630 1248
196631 1249
196632 1249
196633 1394
196634 1176
196635 1246
196636 1176
196637 1176
196638 1247
196639 1247
262144 1182
262145 1248
262146 1177
262147 1178
262148 1106
262149 1249
262150 1249
262151 1248
262152 1177
262153 1249
262154 1177
262155 1249
262156 1177
262157 1394
262158 1177
262159 1394
262160 1249
262161 1249
262162 1247
262163 1247
262164 1249
262165 1249
262166 1249
262167 1249
262168 1678
262169 1175
262170 1176
262171 1247
262172 1247
262173 1105
262174 1105
262175 1247
327680 1254
327681 1106
327682 1106
327683 1249
327684 1252
327685 1249
327686 1248
327687 1248
327688 1248
327689 1249
327690 1248
327691 1247
327692 1176
327693 1322
327694 1034
327695 1248
327696 1248
327697 1322
327698 1250
327699 1108
327700 1392
327701 1321
327702 1248
327703 1177
327704 1246
327705 1175
327706 1177
327707 1250
327708 1249
327709 1174
327710 1246
327711 1246
393216 1328
393217 746
393218 1322
393219 1106
393220 1248
393221 1246
393222 1246
393223 1248
393224 1246
393225 1106
393226 1395
393227 1393
393228 1177
393229 1106
393230 1105
393231 1248
393232 1247
393233 1105
393234 1105
393235 1253
393236 1104
393237 1103
393238 1034
393239 1105
393240 1105
393241 1105
393242 1175
393243 1321
393244 1321
393245 1103
393246 1245
393247 1173
458752 1108
458753 1106
458754 1177
458755 1248
458756 1249
458757 1249
458758 1324
458759 1030
458760 1177
458761 1177
458762 1249
458763 1178
458764 1248
458765 1175
458766 1177
458767 1249
458768 1609
458769 1248
458770 1176
458771 1248
458772 1247
458773 1248
458774 1105
458775 1246
458776 1177
458777 1248
458778 1321
458779 1321
458780 1322
458781 1247
458782 1247
458783 1247
524288 1252
524289 1249
524290 1177
524291 1249
524292 1177
524293 1608
524294 1247
524295 1248
524296 1177
524297 1106
524298 1177
524299 1177
524300 1106
524301 1248
524302 1248
524303 1248
524304 1177
524305 1248
524306 1177
524307 1177
524308 1177
524309 1177
524310 887
524311 1177
524312 1248
524313 1248
524314 1247
524315 1247
524316 1106
524317 1248
524318 1177
524319 1393
589824 1034
589825 1176
589826 1176
589827 1030
589828 239
589829 239
589830 239
589831 239
589832 239
589833 239
589834 239
589835 239
589836 239
589837 239
589838 239
589839 239
589840 239
589841 239
589842 239
589843 239
589844 239
589845 239
589846 239
589847 239
589848 239
589849 239
589850 239
589851 239
589852 239
589853 239
589854 239
589855 239
kernel_count 46522
