0 1253
1 1680
2 1248
3 1247
4 1105
5 1392
6 1248
7 1248
8 1248
9 1248
10 1248
11 1248
12 1105
13 1248
14 1393
15 1392
16 1393
17 1393
18 1248
19 1322
20 1322
21 1322
22 1247
23 1105
24 1246
25 1105
26 1246
27 1176
28 1105
29 1105
30 1247
31 1247
65536 1182
65537 1252
65538 1248
65539 1106
65540 747
65541 747
65542 1248
65543 1106
65544 1177
65545 1248
65546 1248
65547 1248
65548 1248
65549 1248
65550 1177
65551 1248
65552 1248
65553 1248
65554 1248
65555 1177
65556 1248
65557 1248
65558 1248
65559 1248
65560 1252
65561 1466
65562 1247
65563 1247
65564 1247
65565 1247
65566 1247
65567 1103
131072 1401
131073 1248
131074 1177
131075 1177
131076 1176
131077 1105
131078 1177
131079 1249
131080 1249
131081 1325
131082 1249
131083 1248
131084 1249
131085 1249
131086 1177
131087 1105
131088 1610
131089 1609
131090 1610
131091 1249
131092 1249
131093 1613
131094 1248
131095 1613
131096 1395
131097 1248
131098 1613
131099 1246
131100 1030
131101 1104
131102 1247
131103 1245
196608 1182
196609 1323
196610 1106
196611 1106
196612 1322
196613 1177
196614 1247
196615 1247
196616 1247
196617 1248
196618 1247
196619 1105
196620 1248
196621 1177
196622 1106
196623 1175
196624 1467
196625 1325
196626 1105
196627 1248
196628 1248
196629 1247
196630 1322
196631 1248
196632 1250
196633 1246
196634 1247
196635 1104
196636 1177
196637 1248
196638 1322
196639 1247
262144 966
262145 1325
262146 1325
262147 1248
262148 1253
262149 1325
262150 1248
262151 1323
262152 1324
262153 1538
262154 1248
262155 1248
262156 1248
262157 1177
262158 1177
262159 1176
262160 1177
262161 1251
262162 1248
262163 1248
262164 1251
262165 1177
262166 1177
262167 1248
262168 1248
262169 1247
262170 1248
262171 1030
262172 1248
262173 1176
262174 1249
262175 1175
327680 1180
327681 1252
327682 1182
327683 1178
327684 1248
327685 1248
327686 1247
327687 1247
327688 1248
327689 1249
327690 1248
327691 1249
327692 1249
327693 1177
327694 1106
327695 1177
327696 1176
327697 1394
327698 1395
327699 1249
327700 1176
327701 1177
327702 1249
327703 1324
327704 1248
327705 1249
327706 1249
327707 1249
327708 1539
327709 1176
327710 1247
327711 1175
393216 1252
393217 1176
393218 1471
393219 1321
393220 1247
393221 1105
393222 1247
393223 1105
393224 1176
393225 1030
393226 1030
393227 1247
393228 1246
393229 1247
393230 1104
393231 1247
393232 1176
393233 1105
393234 1176
393235 1247
393236 1247
393237 1175
393238 1246
393239 1247
393240 1247
393241 1247
393242 1104
393243 1175
393244 1247
393245 1247
393246 1175
393247 1247
458752 748
458753 747
458754 747
458755 747
458756 747
458757 747
458758 1106
458759 1176
458760 1177
458761 1247
458762 1176
458763 1176
458764 1176
458765 1177
458766 1106
458767 1106
458768 1106
458769 1106
458770 1106
458771 1248
458772 1247
458773 1251
458774 1247
458775 1247
458776 1247
458777 1247
458778 1247
458779 1247
458780 1247
458781 1247
458782 1247
458783 1247
524288 1181
524289 747
524290 747
524291 747
524292 747
524293 747
524294 747
524295 747
524296 1248
524297 1248
524298 1249
524299 239
524300 239
524301 239
524302 239
524303 239
524304 239
524305 239
524306 239
524307 239
524308 239
524309 239
524310 239
524311 239
524312 239
524313 239
524314 239
524315 239
524316 239
524317 239
524318 239
524319 239
kernel_count 42798
