0 1110
1 1106
2 1249
3 1249
4 1249
5 1176
6 1324
7 1106
8 1248
9 1249
10 1106
11 1249
12 1464
13 1248
14 1249
15 1249
16 1249
17 1249
18 1249
19 1464
20 1246
21 1247
22 1247
23 1246
24 1247
25 1176
26 1176
27 1176
28 1175
29 1247
30 1247
31 1247
65536 1254
65537 1249
65538 1249
65539 1177
65540 1249
65541 1249
65542 1249
65543 1177
65544 1249
65545 1249
65546 1248
65547 1394
65548 1177
65549 1394
65550 1177
65551 1106
65552 1399
65553 1399
65554 1399
65555 1249
65556 1177
65557 1249
65558 1249
65559 1463
65560 1249
65561 1396
65562 1541
65563 1177
65564 1541
65565 1106
65566 1321
65567 1250
131072 747
131073 1106
131074 1393
131075 1177
131076 1248
131077 1248
131078 1248
131079 1248
131080 1248
131081 1248
131082 1177
131083 1248
131084 1248
131085 1247
131086 1247
131087 1247
131088 1177
131089 1177
131090 1177
131091 1177
131092 1177
131093 1177
131094 1248
131095 1251
131096 1250
131097 1248
131098 1322
131099 1251
131100 1247
131101 1247
131102 1247
131103 1246
196608 1254
196609 1247
196610 1176
196611 1176
196612 1247
196613 1247
196614 1105
196615 1176
196616 1247
196617 1176
196618 1247
196619 1105
196620 1247
196621 1175
196622 1247
196623 1105
196624 1176
196625 1246
196626 1104
196627 1104
196628 1176
196629 1246
196630 1103
196631 1103
196632 1105
196633 1103
196634 1103
196635 1104
196636 1247
196637 1103
196638 1246
196639 1246
262144 1181
262145 1253
262146 1252
262147 1249
262148 1106
262149 1106
262150 1104
262151 1106
262152 1106
262153 1249
262154 1249
262155 1105
262156 1539
262157 1249
262158 1177
262159 1249
262160 1177
262161 1030
262162 1248
262163 1394
262164 1247
262165 1392
262166 1106
262167 1248
262168 1106
262169 1321
262170 1177
262171 1248
262172 1392
262173 1246
262174 1176
262175 1247
327680 1182
327681 1176
327682 1248
327683 1248
327684 1323
327685 1105
327686 1249
327687 1106
327688 1247
327689 1325
327690 1325
327691 1613
327692 1177
327693 1177
327694 1392
327695 1392
327696 1247
327697 1247
327698 1176
327699 1105
327700 1247
327701 1246
327702 1247
327703 1247
327704 1247
327705 1247
327706 1175
327707 1176
327708 1102
327709 1175
327710 1176
327711 1245
393216 1110
393217 1248
393218 1249
393219 1249
393220 1106
393221 1177
393222 1249
393223 1249
393224 1176
393225 1324
393226 1249
393227 1249
393228 1462
393229 1461
393230 1247
393231 1248
393232 1177
393233 1247
393234 1106
393235 1177
393236 1177
393237 1248
393238 1247
393239 1177
393240 1248
393241 1248
393242 1248
393243 1248
393244 1106
393245 1030
393246 1248
393247 1392
458752 1254
458753 1247
458754 1177
458755 1248
458756 1247
458757 1248
458758 1177
458759 1248
458760 1248
458761 1247
458762 1105
458763 1177
458764 1324
458765 1324
458766 1106
458767 1248
458768 1248
458769 1177
458770 1176
458771 1177
458772 1248
458773 1394
458774 1182
458775 1176
458776 1247
458777 1248
458778 1395
458779 1247
458780 1247
458781 1252
458782 1248
458783 1396
524288 1254
524289 1252
524290 1394
524291 1248
524292 1248
524293 1177
524294 1106
524295 1104
524296 1104
524297 1033
524298 1177
524299 1248
524300 1247
524301 1248
524302 1177
524303 1177
524304 1177
524305 1248
524306 1248
524307 1248
524308 1247
524309 1248
524310 1248
524311 1176
524312 1248
524313 1248
524314 1248
524315 1248
524316 1030
524317 1177
524318 1248
524319 1322
589824 1254
589825 1177
589826 1176
589827 1105
589828 1177
589829 1176
589830 1177
589831 1177
589832 1248
589833 1177
589834 1176
589835 1247
589836 1248
589837 1248
589838 1247
589839 1248
589840 1248
589841 1101
589842 239
589843 239
589844 239
589845 239
589846 239
589847 239
589848 239
589849 239
589850 239
589851 239
589852 239
589853 239
589854 239
589855 239
kernel_count 49450
