0 1108
1 1248
2 1247
3 1248
4 1176
5 1176
6 1106
7 1248
8 1177
9 1247
10 1106
11 1176
12 1030
13 1176
14 1610
15 1177
16 1608
17 1610
18 1177
19 1610
20 1247
21 1176
22 1247
23 1247
24 1247
25 1247
26 1105
27 1247
28 1105
29 1105
30 1105
31 1247
65536 1476
65537 1465
65538 1249
65539 1249
65540 1177
65541 1106
65542 1106
65543 1177
65544 1177
65545 1177
65546 1539
65547 1539
65548 1177
65549 1177
65550 1176
65551 1539
65552 1539
65553 1177
65554 1177
65555 1177
65556 1539
65557 1393
65558 1106
65559 1252
65560 1106
65561 1248
65562 1247
65563 1247
65564 1247
65565 1105
65566 1248
65567 1396
131072 1253
131073 1323
131074 1324
131075 1034
131076 1325
131077 1827
131078 1825
131079 1825
131080 1257
131081 1177
131082 1249
131083 1824
131084 1248
131085 1248
131086 1248
131087 1248
131088 1177
131089 1248
131090 1248
131091 1248
131092 1322
131093 1322
131094 1177
131095 1322
131096 1251
131097 1248
131098 1322
131099 1251
131100 1248
131101 1029
131102 1250
131103 1103
196608 1254
196609 1249
196610 1030
196611 1177
196612 1177
196613 1323
196614 1324
196615 1177
196616 1249
196617 1467
196618 1468
196619 1465
196620 1105
196621 1249
196622 1249
196623 1393
196624 1464
196625 1249
196626 1324
196627 1393
196628 1464
196629 1176
196630 1177
196631 1393
196632 1321
196633 1321
196634 1177
196635 1248
196636 1248
196637 1178
196638 1175
196639 1175
262144 1254
262145 747
262146 747
262147 1249
262148 1540
262149 1393
262150 1253
262151 1253
262152 1248
262153 1248
262154 1249
262155 1398
262156 1465
262157 1106
262158 1105
262159 1177
262160 1106
262161 1249
262162 1249
262163 1395
262164 1395
262165 1177
262166 1177
262167 1248
262168 1255
262169 1249
262170 1255
262171 1249
262172 1030
262173 1464
262174 1104
262175 1175
327680 1109
327681 1398
327682 1401
327683 1249
327684 1324
327685 1247
327686 1177
327687 1249
327688 1176
327689 1248
327690 1324
327691 1249
327692 1324
327693 1247
327694 1249
327695 1176
327696 1249
327697 1249
327698 1251
327699 1393
327700 1177
327701 1176
327702 1177
327703 1248
327704 1248
327705 1321
327706 1248
327707 1177
327708 1248
327709 1248
327710 1322
327711 1322
393216 1181
393217 1251
393218 1177
393219 1247
393220 1248
393221 1106
393222 1105
393223 1106
393224 1030
393225 1177
393226 1322
393227 1322
393228 1176
393229 1246
393230 1247
393231 1247
393232 1247
393233 1104
393234 1175
393235 1176
393236 1176
393237 1176
393238 1175
393239 1246
393240 1105
393241 1247
393242 1175
393243 957
393244 1030
393245 1175
393246 1246
393247 1247
458752 1033
458753 893
458754 1250
458755 1326
458756 1178
458757 1471
458758 1254
458759 1254
458760 1254
458761 1107
458762 1179
458763 1249
458764 1107
458765 1465
458766 1175
458767 1249
458768 1249
458769 1178
458770 1249
458771 1249
458772 1178
458773 1324
458774 1249
458775 1252
458776 1249
458777 1248
458778 1249
458779 1393
458780 1248
458781 1393
458782 1393
458783 812
kernel_count 42050
