0 1400
1 1392
2 1392
3 1392
4 1392
5 1392
6 1248
7 1106
8 1177
9 1248
10 1392
11 1392
12 1392
13 1392
14 1392
15 1392
16 1247
17 1105
18 1105
19 1247
20 1247
21 1247
22 1246
23 1247
24 1247
25 1247
26 1246
27 1247
28 1247
29 1247
30 1247
31 1247
65536 748
65537 747
65538 1248
65539 1248
65540 1177
65541 1248
65542 1248
65543 1247
65544 1322
65545 1176
65546 1247
65547 1246
65548 1247
65549 1247
65550 1247
65551 1105
65552 1246
65553 1246
65554 1247
65555 1247
65556 1247
65557 1105
65558 1246
65559 1246
65560 1176
65561 1247
65562 1175
65563 1246
65564 1247
65565 1247
65566 1246
65567 1246
131072 1400
131073 1249
131074 1177
131075 1464
131076 1248
131077 1106
131078 1177
131079 1248
131080 1177
131081 1247
131082 1247
131083 1247
131084 1247
131085 1248
131086 1248
131087 1248
131088 1392
131089 1247
131090 1176
131091 1176
131092 1247
131093 1247
131094 1176
131095 1247
131096 1247
131097 1247
131098 1176
131099 1247
131100 1247
131101 1176
131102 1105
131103 1247
196608 894
196609 888
196610 1107
196611 1107
196612 1178
196613 1107
196614 1107
196615 1107
196616 1178
196617 1107
196618 1178
196619 1107
196620 1249
196621 1249
196622 1249
196623 1394
196624 1106
196625 1249
196626 1107
196627 1106
196628 1248
196629 1249
196630 1249
196631 1180
196632 239
196633 239
196634 239
196635 239
196636 239
196637 239
196638 239
196639 239
kernel_count 19361
