0 1253
1 1175
2 1246
3 1247
4 1247
5 1175
6 1247
7 1247
8 1247
9 1247
10 1030
11 1246
12 1247
13 1247
14 1175
15 1246
16 1247
17 1247
18 1247
19 1246
20 1175
21 1247
22 1247
23 1247
24 1246
25 1247
26 1247
27 1247
28 1247
29 1247
30 1247
31 1175
65536 1182
65537 1252
65538 1177
65539 1251
65540 1180
65541 1394
65542 1393
65543 1393
65544 1393
65545 1180
65546 1323
65547 1248
65548 1177
65549 1177
65550 1177
65551 1177
65552 1248
65553 1248
65554 1248
65555 1177
65556 1176
65557 1176
65558 1248
65559 1176
65560 1393
65561 1251
65562 1322
65563 1106
65564 1248
65565 1322
65566 1248
65567 1250
131072 1253
131073 1105
131074 1176
131075 1176
131076 1246
131077 1245
131078 1247
131079 1104
131080 1104
131081 1247
131082 1246
131083 1247
131084 1175
131085 1246
131086 1247
131087 1247
131088 815
131089 1245
131090 1245
131091 1174
131092 1175
131093 1176
131094 961
131095 1176
131096 1247
131097 1247
131098 1175
131099 1176
131100 1247
131101 1176
131102 1246
131103 1246
196608 1110
196609 1178
196610 1106
196611 1324
196612 1248
196613 1249
196614 1324
196615 1249
196616 1249
196617 1177
196618 1249
196619 1249
196620 1464
196621 1247
196622 1247
196623 1247
196624 1247
196625 1247
196626 1247
196627 1105
196628 1247
196629 1247
196630 1247
196631 1105
196632 1247
196633 1247
196634 1247
196635 1247
196636 1247
196637 1247
196638 1247
196639 1247
262144 748
262145 1249
262146 1325
262147 1680
262148 1249
262149 1252
262150 1249
262151 1252
262152 1251
262153 1394
262154 1463
262155 1248
262156 1035
262157 1248
262158 1030
262159 1177
262160 1177
262161 1177
262162 1177
262163 1248
262164 1248
262165 1177
262166 1247
262167 1175
262168 1031
262169 1322
262170 1175
262171 1321
262172 1248
262173 1248
262174 1322
262175 1174
327680 1110
327681 1249
327682 1322
327683 1464
327684 1249
327685 1394
327686 1252
327687 1176
327688 1106
327689 1249
327690 1392
327691 1248
327692 1249
327693 1249
327694 1177
327695 1249
327696 1248
327697 1249
327698 1178
327699 1249
327700 1249
327701 1249
327702 1178
327703 1249
327704 1464
327705 1464
327706 1464
327707 1464
327708 1464
327709 1464
327710 1245
327711 1173
393216 962
393217 1248
393218 1249
393219 1324
393220 1030
393221 1106
393222 1249
393223 1106
393224 1177
393225 1249
393226 1249
393227 1249
393228 1249
393229 1249
393230 1249
393231 1324
393232 1104
393233 1249
393234 1249
393235 1177
393236 1248
393237 1030
393238 1106
393239 1106
393240 1248
393241 1611
393242 1249
393243 1249
393244 1106
393245 1249
393246 1247
393247 1612
458752 748
458753 1035
458754 1247
458755 1249
458756 1610
458757 1253
458758 1177
458759 1177
458760 1464
458761 1466
458762 1249
458763 1176
458764 1324
458765 1177
458766 1324
458767 1249
458768 1324
458769 1249
458770 1324
458771 1538
458772 1538
458773 1177
458774 1248
458775 1247
458776 1106
458777 1106
458778 1248
458779 1248
458780 1322
458781 1247
458782 1247
458783 1247
524288 1182
524289 963
524290 1178
524291 1177
524292 963
524293 1178
524294 1177
524295 1470
524296 1470
524297 1399
524298 1249
524299 1177
524300 1248
524301 1249
524302 1249
524303 1106
524304 1248
524305 1466
524306 1465
524307 1249
524308 1395
524309 1466
524310 1466
524311 1248
524312 1251
524313 1247
524314 1247
524315 1247
524316 1247
524317 1248
524318 1397
524319 1469
589824 1253
589825 1177
589826 1105
589827 1326
589828 1177
589829 1249
589830 1249
589831 1249
589832 1177
589833 1393
589834 1177
589835 1177
589836 1176
589837 1392
589838 1249
589839 1248
589840 1106
589841 1249
589842 1249
589843 1249
589844 1249
589845 1249
589846 1249
589847 1249
589848 1249
589849 1106
589850 1394
589851 1324
589852 1030
589853 1035
589854 1322
589855 1463
655360 1547
655361 1106
655362 1248
655363 1248
655364 1248
655365 1176
655366 1248
655367 1105
655368 1247
655369 1248
655370 1248
655371 1177
655372 1176
655373 1177
655374 1247
655375 1247
655376 1177
655377 1248
655378 1248
655379 1247
655380 1248
655381 1247
655382 239
655383 239
655384 239
655385 239
655386 239
655387 239
655388 239
655389 239
655390 239
655391 239
kernel_count 55828
