0 1252
1 1175
2 1175
3 1244
4 1175
5 1247
6 1247
7 1247
8 1247
9 1176
10 1247
11 1246
12 1175
13 1247
14 1247
15 1247
16 1247
17 1176
18 1247
19 1175
20 1174
21 1245
22 1175
23 1175
24 1244
25 1175
26 1247
27 1247
28 1247
29 1247
30 1176
31 1247
65536 747
65537 746
65538 747
65539 1035
65540 1392
65541 1247
65542 1247
65543 1246
65544 1246
65545 1246
65546 1247
65547 1247
65548 1247
65549 1246
65550 1247
65551 1247
65552 1176
65553 1247
65554 1247
65555 1247
65556 1247
65557 1105
65558 1247
65559 1247
65560 1246
65561 1247
65562 1247
65563 1247
65564 1247
65565 1246
65566 1247
65567 1247
131072 748
131073 746
131074 745
131075 746
131076 746
131077 1176
131078 1175
131079 1247
131080 1247
131081 1247
131082 1176
131083 1175
131084 1247
131085 1247
131086 1247
131087 1105
131088 1176
131089 1247
131090 1176
131091 1247
131092 1247
131093 1247
131094 962
131095 1247
131096 1247
131097 1247
131098 1247
131099 1247
131100 1247
131101 1247
131102 1104
131103 1175
196608 748
196609 747
196610 1176
196611 1249
196612 1249
196613 1248
196614 1248
196615 1177
196616 1466
196617 1106
196618 1030
196619 1394
196620 1176
196621 1177
196622 1176
196623 1247
196624 1248
196625 1247
196626 1248
196627 1177
196628 1248
196629 1106
196630 1030
196631 1394
196632 1176
196633 1177
196634 1176
196635 1106
196636 1247
196637 1248
196638 1396
196639 1322
262144 1330
262145 1248
262146 747
262147 747
262148 1398
262149 1248
262150 1467
262151 1248
262152 1248
262153 1105
262154 1177
262155 1247
262156 1393
262157 1176
262158 1248
262159 1105
262160 1034
262161 1034
262162 1106
262163 1176
262164 1176
262165 1176
262166 1246
262167 1248
262168 1248
262169 1323
262170 1323
262171 1393
262172 1321
262173 1321
262174 1175
262175 1245
327680 746
327681 745
327682 745
327683 1247
327684 1246
327685 1106
327686 1249
327687 1249
327688 1249
327689 1249
327690 1249
327691 1176
327692 1177
327693 1248
327694 1249
327695 1249
327696 1249
327697 1104
327698 1249
327699 1252
327700 1252
327701 1178
327702 1105
327703 1106
327704 1176
327705 1464
327706 1173
327707 1172
327708 1172
327709 1174
327710 960
327711 1101
393216 1182
393217 1110
393218 1106
393219 1249
393220 1105
393221 1176
393222 1249
393223 1249
393224 1249
393225 1249
393226 1249
393227 1249
393228 1249
393229 1249
393230 1249
393231 1249
393232 1177
393233 1249
393234 1178
393235 1176
393236 1249
393237 1176
393238 1177
393239 1464
393240 1176
393241 1176
393242 1247
393243 1247
393244 1246
393245 1175
393246 1176
393247 1247
458752 1110
458753 1030
458754 1177
458755 1177
458756 1106
458757 1106
458758 1030
458759 1392
458760 1176
458761 1246
458762 1030
458763 1246
458764 1176
458765 1105
458766 1247
458767 1246
458768 1247
458769 1247
458770 1176
458771 1176
458772 1246
458773 1247
458774 1176
458775 1247
458776 1247
458777 1176
458778 1176
458779 1030
458780 1247
458781 1104
458782 1246
458783 1246
524288 1254
524289 746
524290 746
524291 1248
524292 1248
524293 1392
524294 1392
524295 1392
524296 1392
524297 1105
524298 1105
524299 1104
524300 1176
524301 1247
524302 1247
524303 1105
524304 1104
524305 1176
524306 1247
524307 1030
524308 887
524309 1246
524310 1247
524311 1246
524312 1103
524313 1246
524314 1247
524315 1247
524316 1247
524317 1247
524318 1247
524319 1247
589824 748
589825 1249
589826 1177
589827 1106
589828 1174
589829 1176
589830 962
589831 1176
589832 1177
589833 1394
589834 1394
589835 1177
589836 1249
589837 1177
589838 1031
589839 1105
589840 1177
589841 1248
589842 1178
589843 1248
589844 1249
589845 1249
589846 1464
589847 1608
589848 1464
589849 1608
589850 1392
589851 1248
589852 1391
589853 1176
589854 1247
589855 1175
655360 1182
655361 1177
655362 1397
655363 1247
655364 1177
655365 1397
655366 1249
655367 1175
655368 1176
655369 1177
655370 1177
655371 1177
655372 1464
655373 1248
655374 1248
655375 1247
655376 1106
655377 1106
655378 1106
655379 1106
655380 1177
655381 1177
655382 1248
655383 1030
655384 1392
655385 1247
655386 1247
655387 1246
655388 1175
655389 1176
655390 1247
655391 1175
720896 1254
720897 1178
720898 1249
720899 1322
720900 1248
720901 1177
720902 1247
720903 1248
720904 1248
720905 1248
720906 1248
720907 1248
720908 1248
720909 1247
720910 1177
720911 1248
720912 1248
720913 1177
720914 1248
720915 1106
720916 1176
720917 1106
720918 1176
720919 1177
720920 1247
720921 1248
720922 1176
720923 1030
720924 239
720925 239
720926 239
720927 239
kernel_count 59347
