0 1254
1 1247
2 1247
3 1247
4 1247
5 1176
6 1105
7 1176
8 1247
9 1247
10 1247
11 1247
12 1247
13 1247
14 1247
15 1247
16 1176
17 1105
18 1176
19 1247
20 1247
21 1247
22 1247
23 1247
24 1247
25 1247
26 1175
27 1176
28 1247
29 1247
30 1246
31 1244
65536 1252
65537 1247
65538 1247
65539 1106
65540 1248
65541 1177
65542 1248
65543 1177
65544 1177
65545 1177
65546 1177
65547 1177
65548 1176
65549 1248
65550 1248
65551 1248
65552 1248
65553 1247
65554 1105
65555 1248
65556 1248
65557 1248
65558 1248
65559 1392
65560 1176
65561 1392
65562 1176
65563 1392
65564 1176
65565 1392
65566 1175
65567 1246
131072 1253
131073 1248
131074 1249
131075 1106
131076 1249
131077 1177
131078 1176
131079 1247
131080 1106
131081 1249
131082 1249
131083 1106
131084 1175
131085 1325
131086 1253
131087 1177
131088 1175
131089 1325
131090 1249
131091 1679
131092 1105
131093 1679
131094 1249
131095 1249
131096 1249
131097 1249
131098 1463
131099 1247
131100 1247
131101 1175
131102 812
131103 812
196608 672
196609 671
196610 1253
196611 1249
196612 1177
196613 1248
196614 1177
196615 1249
196616 1323
196617 1177
196618 1466
196619 1248
196620 1177
196621 1176
196622 1177
196623 1175
196624 1177
196625 1248
196626 1248
196627 1247
196628 1248
196629 1177
196630 1467
196631 1246
196632 1323
196633 1246
196634 1246
196635 1176
196636 1176
196637 1176
196638 1247
196639 1175
262144 748
262145 748
262146 1036
262147 1249
262148 1324
262149 1178
262150 1249
262151 1249
262152 1249
262153 1178
262154 1249
262155 1324
262156 1393
262157 1392
262158 1393
262159 1248
262160 1248
262161 1248
262162 1248
262163 1248
262164 1248
262165 1105
262166 239
262167 239
262168 239
262169 239
262170 239
262171 239
262172 239
262173 239
262174 239
262175 239
kernel_count 24124
