0 1471
1 1249
2 1249
3 1248
4 1249
5 1249
6 1248
7 1248
8 1249
9 1248
10 1461
11 1249
12 1249
13 1248
14 1248
15 1249
16 1249
17 1248
18 1248
19 1249
20 1464
21 1249
22 1249
23 1248
24 1248
25 1249
26 1248
27 1248
28 1248
29 1249
30 1463
31 1245
65536 1254
65537 1247
65538 1033
65539 1247
65540 1248
65541 1322
65542 1322
65543 1248
65544 1176
65545 1322
65546 1247
65547 1173
65548 1247
65549 1175
65550 1247
65551 1175
65552 1247
65553 1247
65554 1247
65555 1247
65556 1247
65557 1247
65558 1246
65559 1176
65560 1105
65561 1105
65562 1247
65563 1247
65564 1246
65565 1175
65566 1104
65567 1175
131072 1253
131073 1249
131074 1394
131075 1394
131076 1465
131077 1392
131078 1176
131079 1249
131080 1173
131081 1248
131082 1249
131083 1177
131084 1177
131085 1249
131086 1249
131087 1248
131088 1176
131089 1249
131090 1175
131091 961
131092 1177
131093 1248
131094 1249
131095 1249
131096 1249
131097 1177
131098 1249
131099 1249
131100 1249
131101 1464
131102 1463
131103 1174
196608 1257
196609 1176
196610 1247
196611 1175
196612 816
196613 1034
196614 1247
196615 1246
196616 1246
196617 1247
196618 1247
196619 1245
196620 1246
196621 1175
196622 1175
196623 1247
196624 1247
196625 1247
196626 1176
196627 1247
196628 1247
196629 1104
196630 1247
196631 1247
196632 1247
196633 1247
196634 1247
196635 1246
196636 1176
196637 1105
196638 1105
196639 1246
262144 1330
262145 1176
262146 1248
262147 1248
262148 1248
262149 1323
262150 1248
262151 1247
262152 1177
262153 1252
262154 1248
262155 1248
262156 1248
262157 1248
262158 1393
262159 1248
262160 1106
262161 1248
262162 1393
262163 1393
262164 1248
262165 1106
262166 1248
262167 1248
262168 1247
262169 1247
262170 1323
262171 1252
262172 1394
262173 1394
262174 1394
262175 1394
327680 1109
327681 1105
327682 1611
327683 1469
327684 1247
327685 744
327686 744
327687 1105
327688 1249
327689 1249
327690 1177
327691 1177
327692 1249
327693 1248
327694 1249
327695 1249
327696 1106
327697 1248
327698 1176
327699 1034
327700 1249
327701 1248
327702 1106
327703 1469
327704 1106
327705 1324
327706 1463
327707 1247
327708 1246
327709 1247
327710 1103
327711 1103
393216 1254
393217 1177
393218 1249
393219 1177
393220 1466
393221 1176
393222 1609
393223 1248
393224 1322
393225 1030
393226 1104
393227 1250
393228 1177
393229 1179
393230 1176
393231 1175
393232 1176
393233 1247
393234 1247
393235 1246
393236 1246
393237 1246
393238 1246
393239 1175
393240 1246
393241 1246
393242 1246
393243 1030
393244 1246
393245 1030
393246 1176
393247 1247
458752 1110
458753 746
458754 1106
458755 1325
458756 1249
458757 1249
458758 1249
458759 1248
458760 1177
458761 1249
458762 1249
458763 1249
458764 1249
458765 1249
458766 1249
458767 1177
458768 1249
458769 1248
458770 1247
458771 1106
458772 1249
458773 1106
458774 1182
458775 1249
458776 1176
458777 1176
458778 1609
458779 1325
458780 1177
458781 1248
458782 1610
458783 1322
524288 1110
524289 1247
524290 1030
524291 1030
524292 1030
524293 1030
524294 1106
524295 1176
524296 1030
524297 1106
524298 1029
524299 1247
524300 1030
524301 1395
524302 1253
524303 1394
524304 1247
524305 1251
524306 1248
524307 1323
524308 1247
524309 1177
524310 1176
524311 1323
524312 1396
524313 1247
524314 1396
524315 1248
524316 1323
524317 1396
524318 1247
524319 1396
589824 1182
589825 1247
589826 1247
589827 1323
589828 1323
589829 1177
589830 1177
589831 1177
589832 1248
589833 1248
589834 1177
589835 1247
589836 1392
589837 1248
589838 1321
589839 1248
589840 1392
589841 1106
589842 1248
589843 1248
589844 1246
589845 1246
589846 1246
589847 1246
589848 1177
589849 1106
589850 1177
589851 1392
589852 1247
589853 1103
589854 1029
589855 1103
655360 1472
655361 1176
655362 1394
655363 1248
655364 1394
655365 1394
655366 1249
655367 1248
655368 1249
655369 1249
655370 1249
655371 1395
655372 1249
655373 1248
655374 1249
655375 1253
655376 1249
655377 1177
655378 1177
655379 1323
655380 1465
655381 1323
655382 1247
655383 1248
655384 1247
655385 1106
655386 1177
655387 1248
655388 1466
655389 1247
655390 1247
655391 1247
720896 1189
720897 1249
720898 1106
720899 1248
720900 1752
720901 1394
720902 1249
720903 1249
720904 1249
720905 1248
720906 1324
720907 1324
720908 1249
720909 1177
720910 1252
720911 1324
720912 1248
720913 1249
720914 1249
720915 1249
720916 1393
720917 1181
720918 1252
720919 1177
720920 1465
720921 1465
720922 1249
720923 1323
720924 1462
720925 1462
720926 1246
720927 1246
786432 1254
786433 239
786434 239
786435 239
786436 239
786437 239
786438 239
786439 239
786440 239
786441 239
786442 239
786443 239
786444 239
786445 239
786446 239
786447 239
786448 239
786449 239
786450 239
786451 239
786452 239
786453 239
786454 239
786455 239
786456 239
786457 239
786458 239
786459 239
786460 239
786461 239
786462 239
786463 239
kernel_count 63285
