0 1254
1 1030
2 1105
3 1105
4 1176
5 1176
6 1246
7 1105
8 1175
9 1175
10 1175
11 1174
12 1029
13 1030
14 1104
15 1105
16 1176
17 1176
18 815
19 1105
20 1247
21 1246
22 1176
23 1247
24 1247
25 958
26 958
27 1247
28 890
29 890
30 1174
31 1103
65536 1110
65537 1105
65538 1176
65539 1177
65540 1176
65541 1177
65542 1177
65543 1177
65544 1176
65545 1177
65546 1177
65547 1105
65548 1106
65549 1249
65550 1249
65551 1249
65552 1249
65553 1249
65554 1249
65555 1249
65556 1249
65557 1106
65558 1464
65559 1106
65560 1464
65561 1250
65562 1033
65563 1105
65564 1247
65565 1176
65566 1176
65567 1247
131072 1181
131073 1106
131074 1247
131075 1106
131076 1248
131077 1248
131078 1248
131079 1177
131080 1177
131081 1177
131082 1177
131083 1177
131084 1177
131085 1177
131086 1177
131087 1248
131088 1106
131089 1248
131090 1248
131091 1177
131092 1248
131093 1177
131094 1248
131095 1248
131096 1248
131097 1248
131098 1248
131099 1248
131100 1033
131101 1180
131102 1247
131103 1247
196608 1254
196609 1175
196610 1175
196611 1247
196612 1247
196613 1247
196614 1246
196615 1246
196616 1247
196617 1176
196618 1176
196619 1247
196620 1246
196621 1175
196622 1176
196623 958
196624 1247
196625 958
196626 1175
196627 1105
196628 1247
196629 1247
196630 1247
196631 1247
196632 1247
196633 1247
196634 1246
196635 1247
196636 1176
196637 1247
196638 1246
196639 1247
262144 894
262145 1176
262146 1247
262147 1246
262148 1247
262149 1247
262150 1247
262151 1247
262152 1247
262153 1247
262154 1175
262155 1247
262156 1247
262157 1247
262158 1247
262159 1175
262160 1175
262161 1175
262162 1175
262163 1175
262164 1175
262165 1175
262166 1247
262167 1247
262168 1247
262169 1247
262170 1176
262171 1103
262172 1105
262173 1247
262174 1029
262175 1103
327680 1252
327681 1247
327682 1248
327683 1248
327684 1030
327685 1248
327686 1177
327687 1248
327688 1248
327689 1322
327690 1247
327691 1176
327692 1176
327693 1246
327694 1247
327695 1247
327696 1247
327697 1246
327698 1175
327699 1176
327700 1176
327701 1247
327702 1246
327703 1247
327704 1246
327705 1246
327706 1246
327707 1247
327708 1247
327709 1175
327710 1174
327711 1175
393216 1253
393217 1248
393218 1248
393219 1249
393220 1249
393221 1248
393222 1249
393223 1249
393224 1465
393225 1177
393226 1248
393227 1248
393228 1247
393229 1247
393230 1248
393231 1393
393232 1394
393233 1394
393234 1177
393235 1394
393236 1247
393237 1248
393238 1252
393239 1177
393240 1177
393241 1248
393242 1247
393243 1105
393244 1395
393245 1247
393246 1247
393247 1247
458752 1181
458753 1249
458754 1249
458755 1393
458756 1178
458757 1249
458758 1394
458759 1394
458760 1178
458761 1249
458762 1249
458763 1248
458764 1249
458765 1247
458766 1249
458767 1176
458768 1248
458769 1249
458770 1177
458771 1249
458772 1106
458773 1176
458774 1249
458775 1249
458776 1176
458777 1106
458778 1177
458779 1465
458780 1248
458781 1322
458782 1321
458783 1103
524288 1182
524289 1106
524290 1249
524291 1249
524292 1249
524293 1323
524294 1323
524295 1247
524296 1247
524297 1177
524298 1248
524299 1106
524300 1248
524301 1105
524302 1247
524303 1248
524304 1248
524305 1248
524306 1248
524307 1177
524308 1177
524309 1177
524310 1177
524311 1248
524312 1248
524313 1247
524314 1247
524315 1248
524316 1248
524317 1248
524318 1248
524319 1249
kernel_count 45399
