0 1109
1 1175
2 1105
3 1105
4 1175
5 1105
6 1247
7 1105
8 1247
9 1247
10 1246
11 1246
12 1105
13 1247
14 1105
15 1246
16 1246
17 1104
18 1175
19 1176
20 1104
21 1175
22 1105
23 1247
24 1105
25 1247
26 1247
27 1246
28 1176
29 1105
30 1247
31 1247
65536 748
65537 746
65538 745
65539 1322
65540 1247
65541 1246
65542 1247
65543 1247
65544 1246
65545 1247
65546 1247
65547 1176
65548 1247
65549 1176
65550 1176
65551 1176
65552 1247
65553 1104
65554 1176
65555 1176
65556 1247
65557 1104
65558 1104
65559 1104
65560 1246
65561 1247
65562 1176
65563 1247
65564 1176
65565 1105
65566 1247
65567 1247
131072 1254
131073 1248
131074 1106
131075 1030
131076 1030
131077 1248
131078 1248
131079 1392
131080 1247
131081 1248
131082 1248
131083 1393
131084 1248
131085 1248
131086 1177
131087 1177
131088 1177
131089 1248
131090 1176
131091 1248
131092 1248
131093 1248
131094 1248
131095 1248
131096 1248
131097 1248
131098 1106
131099 1250
131100 1247
131101 1105
131102 1247
131103 1103
196608 1182
196609 1249
196610 1393
196611 1106
196612 1249
196613 1249
196614 1177
196615 1247
196616 1106
196617 1177
196618 1249
196619 1464
196620 1177
196621 1249
196622 1249
196623 1464
196624 1105
196625 1247
196626 1247
196627 1247
196628 1247
196629 1247
196630 1105
196631 1247
196632 1247
196633 1247
196634 1176
196635 1105
196636 1176
196637 1247
196638 1247
196639 1247
262144 748
262145 1106
262146 1247
262147 1248
262148 1248
262149 1248
262150 1248
262151 1246
262152 1323
262153 1248
262154 1467
262155 1105
262156 1248
262157 1247
262158 1248
262159 1248
262160 1177
262161 1248
262162 1248
262163 1247
262164 1393
262165 1393
262166 1252
262167 1175
262168 1177
262169 1248
262170 1538
262171 1248
262172 1248
262173 1247
262174 1396
262175 1322
327680 1254
327681 1249
327682 1177
327683 1177
327684 1106
327685 1176
327686 1464
327687 1253
327688 1034
327689 1253
327690 1247
327691 1176
327692 1105
327693 1176
327694 1247
327695 1176
327696 1105
327697 1247
327698 1246
327699 1246
327700 1246
327701 1246
327702 1246
327703 1246
327704 1175
327705 1247
327706 1247
327707 1104
327708 1105
327709 1176
327710 1247
327711 1246
393216 1109
393217 1177
393218 1177
393219 1177
393220 1177
393221 1248
393222 1248
393223 1247
393224 1030
393225 1248
393226 1247
393227 1030
393228 1247
393229 1247
393230 1248
393231 1176
393232 1248
393233 1177
393234 1106
393235 1177
393236 1177
393237 1248
393238 1177
393239 1176
393240 1248
393241 1176
393242 1177
393243 1248
393244 1248
393245 1394
393246 1105
393247 1395
458752 1182
458753 1247
458754 1393
458755 1248
458756 1248
458757 1177
458758 1397
458759 1176
458760 1176
458761 1248
458762 1392
458763 1247
458764 1247
458765 1247
458766 1105
458767 1105
458768 1176
458769 1247
458770 1247
458771 1176
458772 1176
458773 1030
458774 1105
458775 1246
458776 1247
458777 1247
458778 1247
458779 1176
458780 1176
458781 1176
458782 1247
458783 1247
524288 1254
524289 892
524290 1248
524291 1106
524292 1248
524293 1177
524294 1322
524295 1248
524296 1106
524297 1177
524298 1248
524299 1248
524300 1248
524301 1177
524302 1248
524303 1106
524304 1248
524305 1250
524306 1247
524307 1247
524308 1247
524309 1176
524310 1105
524311 1247
524312 1105
524313 1104
524314 1176
524315 1175
524316 1175
524317 1246
524318 1175
524319 1028
589824 1110
589825 747
589826 671
589827 1106
589828 1683
589829 1324
589830 1324
589831 1176
589832 1176
589833 1177
589834 1249
589835 1177
589836 1176
589837 1176
589838 1177
589839 1249
589840 1249
589841 1176
589842 1249
589843 1396
589844 1249
589845 1176
589846 1177
589847 1248
589848 1249
589849 1752
589850 1248
589851 1392
589852 1320
589853 1392
589854 1175
589855 1175
655360 1254
655361 1248
655362 1106
655363 1248
655364 1392
655365 1392
655366 1321
655367 1249
655368 1249
655369 1177
655370 1249
655371 1249
655372 1324
655373 1248
655374 1177
655375 1324
655376 1177
655377 1249
655378 1466
655379 1249
655380 1249
655381 1466
655382 1248
655383 1248
655384 1248
655385 1393
655386 1248
655387 1248
655388 1248
655389 1322
655390 1247
655391 1392
720896 1254
720897 1177
720898 1249
720899 1248
720900 1177
720901 1248
720902 1178
720903 1323
720904 1178
720905 1323
720906 1252
720907 1323
720908 1324
720909 1248
720910 1322
720911 1324
720912 1323
720913 1324
720914 1324
720915 1392
720916 593
720917 239
720918 239
720919 239
720920 239
720921 239
720922 239
720923 239
720924 239
720925 239
720926 239
720927 239
kernel_count 59554
