0 894
1 892
2 892
3 1106
4 1178
5 1177
6 1608
7 1247
8 1176
9 1105
10 1030
11 1176
12 1176
13 1247
14 1246
15 1247
16 1246
17 1247
18 1247
19 1247
20 1247
21 1247
22 1246
23 1176
24 1176
25 1247
26 1247
27 1030
28 1246
29 1246
30 1175
31 1175
65536 1253
65537 1248
65538 1248
65539 1248
65540 1248
65541 1248
65542 1177
65543 1177
65544 1177
65545 1177
65546 1248
65547 1177
65548 1248
65549 1248
65550 1248
65551 1248
65552 1248
65553 1248
65554 1248
65555 1248
65556 1248
65557 1106
65558 1177
65559 1106
65560 1248
65561 1390
65562 1391
65563 1247
65564 1105
65565 1174
65566 1105
65567 1247
131072 1330
131073 1176
131074 1248
131075 1248
131076 1106
131077 1176
131078 1247
131079 1248
131080 1176
131081 1248
131082 1176
131083 1248
131084 1176
131085 1248
131086 1105
131087 1106
131088 1248
131089 1248
131090 1393
131091 1034
131092 1177
131093 1251
131094 1247
131095 1247
131096 1247
131097 1247
131098 1176
131099 1175
131100 1247
131101 1175
131102 1247
131103 1175
196608 747
196609 1392
196610 1247
196611 1247
196612 1248
196613 1177
196614 1247
196615 1247
196616 1247
196617 1248
196618 1248
196619 1247
196620 1248
196621 1177
196622 1106
196623 1247
196624 1247
196625 1247
196626 1247
196627 1247
196628 1248
196629 1105
196630 1322
196631 1248
196632 1176
196633 1320
196634 1247
196635 1247
196636 1246
196637 1247
196638 1176
196639 1247
262144 1182
262145 1470
262146 1176
262147 1247
262148 1248
262149 1249
262150 1249
262151 1177
262152 1249
262153 1249
262154 1177
262155 1249
262156 1106
262157 1249
262158 1030
262159 1178
262160 1249
262161 1249
262162 1106
262163 1106
262164 1177
262165 1248
262166 1248
262167 1249
262168 1246
262169 1246
262170 1246
262171 1246
262172 1464
262173 1464
262174 1247
262175 1247
327680 1254
327681 1249
327682 1249
327683 1248
327684 1249
327685 1395
327686 1177
327687 1248
327688 1249
327689 1249
327690 1106
327691 1249
327692 1249
327693 1249
327694 1465
327695 1106
327696 1465
327697 1465
327698 1106
327699 1465
327700 1176
327701 1252
327702 1106
327703 1323
327704 1392
327705 1177
327706 1392
327707 1392
327708 1247
327709 1175
327710 1103
327711 1103
393216 1033
393217 1177
393218 1177
393219 1249
393220 1249
393221 1249
393222 1249
393223 1249
393224 1249
393225 963
393226 1177
393227 1106
393228 1105
393229 1105
393230 1176
393231 1248
393232 1249
393233 1249
393234 1249
393235 1248
393236 1179
393237 1110
393238 1106
393239 1249
393240 1466
393241 1176
393242 1176
393243 1106
393244 1248
393245 1106
393246 1322
393247 1247
458752 1254
458753 1248
458754 1180
458755 821
458756 1247
458757 1248
458758 1177
458759 1247
458760 1246
458761 1247
458762 1246
458763 1176
458764 1246
458765 1106
458766 1248
458767 1248
458768 1177
458769 1246
458770 1246
458771 1247
458772 1246
458773 1177
458774 1247
458775 1106
458776 1248
458777 1248
458778 1177
458779 1246
458780 1247
458781 1103
458782 1247
458783 1320
524288 1112
524289 1247
524290 1105
524291 1104
524292 1177
524293 1177
524294 1323
524295 1324
524296 1180
524297 1248
524298 1249
524299 1248
524300 1249
524301 1176
524302 1249
524303 1249
524304 1177
524305 1249
524306 1176
524307 1249
524308 1176
524309 1249
524310 1252
524311 1249
524312 1464
524313 890
524314 1247
524315 1247
524316 1322
524317 1245
524318 1247
524319 1174
589824 1254
589825 1249
589826 1248
589827 1248
589828 1249
589829 1249
589830 1249
589831 1248
589832 1106
589833 1249
589834 1177
589835 1106
589836 1105
589837 1105
589838 1105
589839 1105
589840 1249
589841 1395
589842 1248
589843 1176
589844 1249
589845 1323
589846 1176
589847 1249
589848 1464
589849 1249
589850 1106
589851 1248
589852 1249
589853 1035
589854 1175
589855 1461
655360 1254
655361 1177
655362 1393
655363 1248
655364 1248
655365 1393
655366 1393
655367 1393
655368 1176
655369 1322
655370 1322
655371 1177
655372 1177
655373 1248
655374 1176
655375 1177
655376 1248
655377 1177
655378 1248
655379 1177
655380 1248
655381 1247
655382 1248
655383 1177
655384 1177
655385 1105
655386 1030
655387 1106
655388 1248
655389 1250
655390 1247
655391 1247
720896 823
720897 1035
720898 1250
720899 1249
720900 1249
720901 1250
720902 1177
720903 1467
720904 1249
720905 1249
720906 1249
720907 1250
720908 1249
720909 1250
720910 1249
720911 1465
720912 1323
720913 1247
720914 1247
720915 1247
720916 1248
720917 1248
720918 1175
720919 1174
720920 239
720921 239
720922 239
720923 239
720924 239
720925 239
720926 239
720927 239
kernel_count 60217
