0 1327
1 1106
2 1248
3 1105
4 1105
5 1027
6 1027
7 1027
8 1030
9 1247
10 1248
11 1248
12 1246
13 1247
14 1106
15 1248
16 1248
17 1248
18 1248
19 1248
20 1248
21 1248
22 1177
23 1250
24 1176
25 1176
26 1176
27 1176
28 1247
29 1176
30 1175
31 1247
65536 1182
65537 1177
65538 1177
65539 1248
65540 1177
65541 1177
65542 1105
65543 1105
65544 1106
65545 1177
65546 1247
65547 1248
65548 1247
65549 1177
65550 1248
65551 1248
65552 1248
65553 1322
65554 1322
65555 1248
65556 1248
65557 1248
65558 1177
65559 1322
65560 1248
65561 1180
65562 1247
65563 1246
65564 1247
65565 1246
65566 1104
65567 1175
131072 894
131073 887
131074 1177
131075 1106
131076 1249
131077 1249
131078 1249
131079 1249
131080 1249
131081 1248
131082 1248
131083 1248
131084 1249
131085 1249
131086 1464
131087 1248
131088 1249
131089 1463
131090 1463
131091 1246
131092 1247
131093 1247
131094 1247
131095 1176
131096 1247
131097 1247
131098 1246
131099 1105
131100 1176
131101 1247
131102 1176
131103 1247
196608 1254
196609 1249
196610 1249
196611 1464
196612 1464
196613 1464
196614 1177
196615 1034
196616 1249
196617 1249
196618 1464
196619 1464
196620 1249
196621 1177
196622 1177
196623 1177
196624 1249
196625 1249
196626 1249
196627 1249
196628 1249
196629 1248
196630 1249
196631 1463
196632 1247
196633 1247
196634 1175
196635 1247
196636 1247
196637 1247
196638 1247
196639 1245
262144 748
262145 747
262146 747
262147 1248
262148 1392
262149 1247
262150 1247
262151 1246
262152 1246
262153 1246
262154 1176
262155 1247
262156 1176
262157 1247
262158 1175
262159 1175
262160 1175
262161 1175
262162 1247
262163 1247
262164 1105
262165 1176
262166 1247
262167 1246
262168 1176
262169 1247
262170 1176
262171 1247
262172 1246
262173 1174
262174 1174
262175 1175
327680 672
327681 1176
327682 1249
327683 1176
327684 1248
327685 1175
327686 1247
327687 1106
327688 1249
327689 1249
327690 1176
327691 1030
327692 1248
327693 1248
327694 1248
327695 1249
327696 1178
327697 1324
327698 1395
327699 1539
327700 1392
327701 1177
327702 1392
327703 1391
327704 1248
327705 1322
327706 1174
327707 1247
327708 1246
327709 1247
327710 1247
327711 1246
393216 1254
393217 1176
393218 1247
393219 1247
393220 1247
393221 1176
393222 1176
393223 1247
393224 1176
393225 1176
393226 1247
393227 1171
393228 1171
393229 1176
393230 1247
393231 1247
393232 1247
393233 1247
393234 1176
393235 1176
393236 1247
393237 1176
393238 1247
393239 1105
393240 1175
393241 1247
393242 959
393243 1030
393244 1175
393245 1175
393246 1247
393247 1174
458752 1330
458753 1030
458754 1252
458755 821
458756 1392
458757 1176
458758 745
458759 1392
458760 1176
458761 1177
458762 1248
458763 1247
458764 1247
458765 1323
458766 1323
458767 1248
458768 1248
458769 1248
458770 1248
458771 1030
458772 1322
458773 1322
458774 1320
458775 1247
458776 1391
458777 1247
458778 1103
458779 1103
458780 1103
458781 1105
458782 1246
458783 1247
524288 1254
524289 1248
524290 1248
524291 1105
524292 1177
524293 1176
524294 1248
524295 1248
524296 1249
524297 1106
524298 1249
524299 1248
524300 1106
524301 1249
524302 1248
524303 1106
524304 1249
524305 1249
524306 1177
524307 1249
524308 1106
524309 1178
524310 1248
524311 1249
524312 1249
524313 1249
524314 1177
524315 1393
524316 1464
524317 1247
524318 1392
524319 1392
589824 1254
589825 1248
589826 1322
589827 1322
589828 1176
589829 1177
589830 1177
589831 1248
589832 1248
589833 1248
589834 1248
589835 1248
589836 1177
589837 1177
589838 1247
589839 1247
589840 1248
589841 1103
589842 887
589843 239
589844 239
589845 239
589846 239
589847 239
589848 239
589849 239
589850 239
589851 239
589852 239
589853 239
589854 239
589855 239
kernel_count 49005
