0 1253
1 1247
2 1177
3 1393
4 1394
5 1247
6 1176
7 1248
8 1248
9 1247
10 1177
11 1177
12 1177
13 1248
14 1247
15 1246
16 1248
17 1177
18 1247
19 1247
20 1177
21 1393
22 1394
23 1246
24 1175
25 1247
26 1247
27 1246
28 1176
29 1176
30 1176
31 1247
65536 748
65537 1105
65538 1249
65539 1249
65540 1249
65541 1464
65542 1464
65543 1248
65544 1248
65545 1106
65546 1247
65547 1248
65548 1106
65549 1248
65550 1245
65551 1176
65552 1176
65553 1176
65554 1248
65555 1248
65556 1106
65557 1393
65558 1105
65559 1247
65560 1248
65561 1177
65562 1247
65563 1177
65564 1247
65565 1248
65566 1322
65567 1175
131072 1688
131073 1248
131074 1248
131075 1248
131076 1248
131077 1177
131078 1247
131079 1247
131080 1248
131081 1177
131082 1177
131083 1248
131084 1248
131085 1248
131086 1248
131087 1248
131088 1106
131089 1175
131090 1248
131091 1176
131092 1177
131093 1177
131094 1177
131095 1176
131096 1177
131097 1247
131098 1392
131099 1030
131100 1030
131101 1247
131102 1175
131103 1175
196608 1182
196609 1177
196610 1105
196611 1105
196612 1106
196613 1249
196614 1248
196615 1249
196616 1463
196617 1321
196618 1176
196619 1029
196620 1176
196621 1247
196622 1175
196623 1175
196624 1175
196625 1246
196626 1247
196627 1175
196628 1176
196629 1247
196630 1028
196631 1028
196632 1029
196633 1247
196634 1247
196635 1105
196636 1247
196637 1247
196638 1247
196639 1245
262144 1254
262145 1249
262146 1177
262147 1249
262148 1249
262149 1248
262150 1175
262151 1248
262152 1248
262153 1248
262154 1248
262155 1177
262156 1248
262157 1248
262158 1177
262159 1248
262160 1248
262161 1249
262162 1322
262163 1761
262164 1248
262165 1177
262166 1322
262167 1322
262168 1322
262169 1247
262170 1176
262171 1105
262172 1105
262173 1176
262174 1247
262175 1247
327680 1254
327681 1248
327682 1249
327683 1106
327684 1176
327685 1249
327686 1249
327687 1248
327688 1249
327689 1249
327690 1248
327691 1249
327692 1249
327693 1249
327694 1249
327695 1249
327696 1248
327697 1248
327698 1393
327699 1391
327700 1391
327701 1393
327702 1247
327703 1247
327704 1247
327705 1106
327706 1247
327707 1030
327708 1176
327709 1177
327710 1246
327711 1322
393216 1258
393217 1249
393218 1249
393219 1249
393220 1323
393221 1176
393222 1106
393223 1177
393224 1105
393225 1106
393226 1249
393227 1539
393228 1249
393229 1682
393230 1248
393231 1248
393232 1391
393233 1176
393234 1392
393235 1247
393236 1391
393237 1247
393238 1391
393239 1248
393240 1176
393241 1034
393242 1176
393243 1248
393244 1247
393245 1392
393246 1247
393247 1103
458752 1254
458753 1177
458754 1248
458755 1247
458756 1177
458757 1248
458758 1248
458759 1247
458760 1248
458761 1248
458762 1177
458763 1177
458764 1248
458765 1322
458766 1322
458767 1248
458768 1248
458769 1247
458770 1248
458771 1248
458772 1394
458773 1105
458774 1104
458775 1102
458776 1246
458777 1247
458778 1030
458779 1176
458780 1175
458781 1247
458782 1175
458783 1246
524288 1253
524289 1250
524290 1250
524291 1249
524292 1249
524293 1395
524294 1465
524295 1250
524296 1465
524297 1250
524298 1249
524299 1178
524300 1176
524301 1177
524302 1250
524303 1465
524304 1248
524305 1248
524306 1248
524307 1248
524308 1248
524309 1176
524310 1026
524311 239
524312 239
524313 239
524314 239
524315 239
524316 239
524317 239
524318 239
524319 239
kernel_count 45187
