0 1110
1 1176
2 1247
3 1247
4 1247
5 1247
6 1246
7 1105
8 1176
9 1247
10 1247
11 1247
12 1247
13 1247
14 1105
15 1176
16 1247
17 1247
18 1247
19 1246
20 1247
21 1105
22 1247
23 1247
24 1246
25 1246
26 1246
27 1105
28 1176
29 959
30 1247
31 1247
65536 1181
65537 1248
65538 1247
65539 1247
65540 1176
65541 1176
65542 1248
65543 1249
65544 1177
65545 1177
65546 1249
65547 1249
65548 1176
65549 1249
65550 1177
65551 1249
65552 1249
65553 1105
65554 1249
65555 1395
65556 1391
65557 1321
65558 1247
65559 1248
65560 1248
65561 1248
65562 1248
65563 1248
65564 1247
65565 1176
65566 1322
65567 1246
131072 1108
131073 1104
131074 1176
131075 1177
131076 1177
131077 1247
131078 1106
131079 1248
131080 1248
131081 1248
131082 1248
131083 1248
131084 1106
131085 1248
131086 1247
131087 1177
131088 1106
131089 1248
131090 1248
131091 1247
131092 1105
131093 1176
131094 1176
131095 1176
131096 1177
131097 1177
131098 1248
131099 1248
131100 1248
131101 1247
131102 1392
131103 1246
196608 824
196609 1106
196610 1248
196611 1176
196612 1247
196613 1248
196614 1106
196615 1248
196616 1322
196617 1104
196618 887
196619 1030
196620 1105
196621 1176
196622 1247
196623 1247
196624 1176
196625 1176
196626 1247
196627 1247
196628 1105
196629 1247
196630 1105
196631 1175
196632 1247
196633 1247
196634 1176
196635 1246
196636 1176
196637 1247
196638 1028
196639 1028
262144 965
262145 1034
262146 1248
262147 1177
262148 1249
262149 1249
262150 1249
262151 1249
262152 1248
262153 1395
262154 1177
262155 1252
262156 1537
262157 1537
262158 1104
262159 1177
262160 1177
262161 1177
262162 1248
262163 1540
262164 1172
262165 1105
262166 1105
262167 962
262168 1034
262169 962
262170 1175
262171 1246
262172 1175
262173 1247
262174 1247
262175 1103
327680 1254
327681 1248
327682 1177
327683 1177
327684 1394
327685 1106
327686 1248
327687 1253
327688 1248
327689 1248
327690 1247
327691 1246
327692 1247
327693 1248
327694 1177
327695 1247
327696 1324
327697 961
327698 1033
327699 1104
327700 1248
327701 1175
327702 1176
327703 1248
327704 1247
327705 1176
327706 1248
327707 1106
327708 1469
327709 1469
327710 1247
327711 1247
393216 1182
393217 1177
393218 747
393219 1177
393220 1177
393221 747
393222 1106
393223 1177
393224 1030
393225 1176
393226 1248
393227 1177
393228 1175
393229 1247
393230 1177
393231 1248
393232 1247
393233 1106
393234 1466
393235 1393
393236 1251
393237 1393
393238 1322
393239 1030
393240 1177
393241 1177
393242 1177
393243 1177
393244 1248
393245 1248
393246 1322
393247 1247
458752 1400
458753 1247
458754 1248
458755 1248
458756 1247
458757 1247
458758 1248
458759 1248
458760 1030
458761 1248
458762 1321
458763 1247
458764 1392
458765 1177
458766 1177
458767 1248
458768 1392
458769 1176
458770 1030
458771 1175
458772 1175
458773 1175
458774 1175
458775 1175
458776 1175
458777 1030
458778 1030
458779 1105
458780 1247
458781 1175
458782 1175
458783 1103
524288 1110
524289 1177
524290 1248
524291 1030
524292 1469
524293 1029
524294 1396
524295 1396
524296 1249
524297 1249
524298 1249
524299 1106
524300 1249
524301 1249
524302 1106
524303 1248
524304 1324
524305 1325
524306 1177
524307 1248
524308 1609
524309 1609
524310 1249
524311 1609
524312 1609
524313 1248
524314 1248
524315 1392
524316 1392
524317 1392
524318 1103
524319 1175
589824 1254
589825 1248
589826 1106
589827 1176
589828 1247
589829 1106
589830 1247
589831 1106
589832 1246
589833 1389
589834 1392
589835 1322
589836 1247
589837 1177
589838 1247
589839 1106
589840 1030
589841 1176
589842 1106
589843 1176
589844 1105
589845 1176
589846 1248
589847 1393
589848 1248
589849 1393
589850 1322
589851 1322
589852 1322
589853 1250
589854 1322
589855 1247
655360 824
655361 822
655362 1466
655363 1246
655364 1249
655365 1176
655366 1466
655367 1396
655368 1249
655369 1248
655370 1325
655371 1249
655372 1249
655373 1610
655374 1611
655375 1324
655376 1248
655377 1248
655378 1324
655379 1248
655380 1176
655381 1177
655382 1177
655383 1248
655384 1248
655385 1393
655386 1467
655387 1248
655388 1248
655389 1248
655390 1248
655391 1467
720896 748
720897 1249
720898 1324
720899 1178
720900 1249
720901 1178
720902 1177
720903 1323
720904 1249
720905 1107
720906 1178
720907 1611
720908 1248
720909 1392
720910 1175
720911 1247
720912 239
720913 239
720914 239
720915 239
720916 239
720917 239
720918 239
720919 239
720920 239
720921 239
720922 239
720923 239
720924 239
720925 239
720926 239
720927 239
kernel_count 59162
