0 1110
1 1177
2 1248
3 1249
4 1249
5 1176
6 1249
7 1249
8 1249
9 1175
10 1248
11 1176
12 1176
13 1248
14 1176
15 1176
16 1251
17 1248
18 1464
19 1393
20 1176
21 1248
22 1248
23 1176
24 1176
25 1247
26 1177
27 1322
28 1248
29 1176
30 1322
31 1247
65536 1254
65537 1249
65538 1248
65539 1248
65540 1106
65541 1177
65542 1539
65543 1539
65544 1106
65545 1249
65546 1177
65547 1467
65548 1466
65549 1398
65550 1249
65551 1466
65552 1247
65553 1247
65554 1176
65555 1247
65556 1247
65557 1247
65558 1104
65559 1247
65560 1247
65561 1247
65562 1247
65563 1105
65564 1247
65565 1176
65566 1247
65567 1027
131072 1253
131073 1249
131074 1176
131075 1176
131076 1176
131077 1249
131078 1248
131079 1176
131080 1176
131081 1249
131082 1395
131083 1249
131084 1029
131085 1106
131086 1106
131087 1249
131088 1249
131089 1249
131090 1394
131091 1394
131092 1249
131093 1608
131094 1177
131095 1248
131096 1106
131097 1106
131098 1249
131099 1252
131100 1253
131101 1394
131102 1105
131103 1322
196608 1109
196609 1249
196610 1177
196611 1248
196612 1249
196613 1106
196614 1249
196615 1611
196616 1248
196617 1324
196618 1324
196619 1177
196620 1030
196621 1248
196622 887
196623 1106
196624 1248
196625 1177
196626 1247
196627 1248
196628 1248
196629 1177
196630 1106
196631 1177
196632 1106
196633 1176
196634 1177
196635 1030
196636 1105
196637 1176
196638 1540
196639 1540
262144 1401
262145 1395
262146 1249
262147 1248
262148 1106
262149 1325
262150 1249
262151 1325
262152 1325
262153 1254
262154 1681
262155 1247
262156 1105
262157 1176
262158 1247
262159 1247
262160 1176
262161 1247
262162 1176
262163 1247
262164 1247
262165 1247
262166 1246
262167 1104
262168 1029
262169 1176
262170 1176
262171 1246
262172 1246
262173 1247
262174 1247
262175 1247
327680 1254
327681 1247
327682 1247
327683 1247
327684 1246
327685 1247
327686 1034
327687 1246
327688 1034
327689 1246
327690 1034
327691 1247
327692 1175
327693 1176
327694 1247
327695 1247
327696 1247
327697 1247
327698 1247
327699 1247
327700 1030
327701 1247
327702 1246
327703 1247
327704 1176
327705 1176
327706 1176
327707 1247
327708 1247
327709 1247
327710 1247
327711 1247
393216 1254
393217 1246
393218 239
393219 239
393220 239
393221 239
393222 239
393223 239
393224 239
393225 239
393226 239
393227 239
393228 239
393229 239
393230 239
393231 239
393232 239
393233 239
393234 239
393235 239
393236 239
393237 239
393238 239
393239 239
393240 239
393241 239
393242 239
393243 239
393244 239
393245 239
393246 239
393247 239
kernel_count 31983
