0 1254
1 1248
2 1248
3 1247
4 1248
5 1248
6 1248
7 1247
8 1248
9 1248
10 1247
11 1247
12 1248
13 1248
14 1247
15 1247
16 1247
17 1247
18 1247
19 1247
20 1247
21 1247
22 1248
23 1248
24 1247
25 1247
26 1177
27 1248
28 1248
29 1248
30 1322
31 1174
65536 1254
65537 1248
65538 1248
65539 1248
65540 1248
65541 1248
65542 1248
65543 1248
65544 1177
65545 1251
65546 1177
65547 1177
65548 1177
65549 1320
65550 1247
65551 1246
65552 1104
65553 1105
65554 1105
65555 1105
65556 1175
65557 1246
65558 1175
65559 1246
65560 1246
65561 1246
65562 1247
65563 1247
65564 1105
65565 1105
65566 1246
65567 1174
131072 1181
131073 746
131074 746
131075 1176
131076 746
131077 962
131078 1176
131079 1248
131080 1247
131081 1176
131082 1177
131083 1246
131084 1035
131085 1248
131086 1248
131087 1106
131088 1105
131089 1248
131090 1248
131091 1248
131092 1106
131093 892
131094 1177
131095 1248
131096 1248
131097 1177
131098 1248
131099 1031
131100 1248
131101 1247
131102 1176
131103 239
kernel_count 14832
