0 1182
1 1249
2 1249
3 1249
4 1249
5 1106
6 1249
7 1393
8 1177
9 1249
10 1464
11 1249
12 1393
13 1249
14 1177
15 1464
16 1175
17 1248
18 1392
19 1106
20 1392
21 1247
22 1247
23 1247
24 1247
25 1247
26 1247
27 1247
28 1247
29 1247
30 1175
31 1175
65536 1254
65537 1250
65538 1178
65539 1031
65540 1465
65541 1248
65542 1247
65543 1248
65544 1248
65545 1176
65546 1176
65547 1102
65548 239
65549 239
65550 239
65551 239
65552 239
65553 239
65554 239
65555 239
65556 239
65557 239
65558 239
65559 239
65560 239
65561 239
65562 239
65563 239
65564 239
65565 239
65566 239
65567 239
kernel_count 7619
