0 1181
1 1246
2 1391
3 1321
4 1248
5 1391
6 1177
7 1392
8 1176
9 1247
10 1392
11 1177
12 1247
13 1321
14 1392
15 1176
16 1175
17 1248
18 1177
19 1248
20 1248
21 1392
22 1247
23 1247
24 1246
25 1246
26 1175
27 1247
28 1246
29 1247
30 1175
31 1175
65536 1109
65537 1106
65538 1249
65539 1249
65540 1248
65541 1177
65542 1393
65543 1247
65544 1245
65545 1247
65546 962
65547 1033
65548 1176
65549 1176
65550 1176
65551 1176
65552 1176
65553 1176
65554 1029
65555 1105
65556 1175
65557 1175
65558 1246
65559 1247
65560 1247
65561 1105
65562 1176
65563 1247
65564 1247
65565 1175
65566 1175
65567 1175
131072 894
131073 1177
131074 1177
131075 1106
131076 1176
131077 1176
131078 1176
131079 1176
131080 1177
131081 1176
131082 1248
131083 1247
131084 1248
131085 1248
131086 1247
131087 1248
131088 1248
131089 1247
131090 1248
131091 1105
131092 1105
131093 1247
131094 1247
131095 1176
131096 1106
131097 1105
131098 891
131099 1248
131100 1248
131101 1391
131102 1248
131103 1392
196608 1182
196609 1248
196610 1248
196611 1393
196612 1248
196613 1177
196614 1248
196615 1248
196616 747
196617 821
196618 747
196619 821
196620 1106
196621 1177
196622 1248
196623 1393
196624 1393
196625 1177
196626 1176
196627 1106
196628 1248
196629 1106
196630 1248
196631 1248
196632 1248
196633 1177
196634 1321
196635 1246
196636 1246
196637 1176
196638 1246
196639 1246
262144 747
262145 746
262146 1177
262147 1176
262148 1177
262149 1248
262150 1106
262151 1247
262152 1247
262153 1248
262154 1177
262155 1106
262156 1177
262157 1248
262158 1248
262159 1175
262160 1393
262161 1323
262162 1248
262163 1248
262164 1106
262165 1176
262166 1177
262167 1106
262168 1177
262169 1393
262170 1177
262171 1177
262172 1105
262173 1177
262174 1177
262175 1250
327680 1182
327681 1106
327682 1177
327683 1106
327684 1177
327685 1106
327686 1248
327687 1247
327688 1247
327689 1248
327690 1249
327691 1106
327692 1538
327693 1248
327694 1247
327695 1248
327696 1323
327697 1248
327698 1248
327699 1106
327700 1248
327701 1247
327702 1247
327703 1248
327704 1248
327705 1248
327706 1177
327707 1248
327708 1248
327709 1105
327710 1247
327711 1103
393216 966
393217 1248
393218 1248
393219 1248
393220 1248
393221 1106
393222 1324
393223 1248
393224 1248
393225 1248
393226 1248
393227 1177
393228 1248
393229 1248
393230 1248
393231 1247
393232 1248
393233 1248
393234 1106
393235 1393
393236 1106
393237 1393
393238 1177
393239 1248
393240 1248
393241 1392
393242 1248
393243 1466
393244 1466
393245 1104
393246 1176
393247 1247
458752 1181
458753 1176
458754 1105
458755 1176
458756 1105
458757 1176
458758 1248
458759 1177
458760 1248
458761 1177
458762 1177
458763 1248
458764 1248
458765 1248
458766 1248
458767 1321
458768 1322
458769 1247
458770 1247
458771 1248
458772 1248
458773 1248
458774 1248
458775 1248
458776 1248
458777 1248
458778 1177
458779 1177
458780 1322
458781 1247
458782 1247
458783 1175
524288 1254
524289 1106
524290 1177
524291 1248
524292 1249
524293 1106
524294 1395
524295 1177
524296 1395
524297 1177
524298 1106
524299 1106
524300 1394
524301 1395
524302 1177
524303 1177
524304 1106
524305 1106
524306 1248
524307 1247
524308 1177
524309 1177
524310 1177
524311 1177
524312 1683
524313 1105
524314 1104
524315 1105
524316 1321
524317 1247
524318 1247
524319 1247
589824 1182
589825 1249
589826 1248
589827 1249
589828 1105
589829 1394
589830 1181
589831 1252
589832 1247
589833 1175
589834 1471
589835 1686
589836 1539
589837 1246
589838 1248
589839 1248
589840 1248
589841 1248
589842 1247
589843 1246
589844 1248
589845 816
589846 1248
589847 1177
589848 1248
589849 1030
589850 1030
589851 1176
589852 1324
589853 1324
589854 1466
589855 1245
655360 748
655361 748
655362 748
655363 748
655364 1177
655365 1248
655366 1178
655367 1249
655368 1177
655369 1249
655370 1248
655371 1177
655372 1249
655373 1249
655374 1323
655375 1252
655376 1323
655377 1106
655378 1323
655379 1323
655380 1323
655381 1252
655382 1393
655383 1391
655384 1393
655385 1249
655386 1393
655387 1249
655388 239
655389 239
655390 239
655391 239
kernel_count 55329
