0 1110
1 1176
2 1176
3 1176
4 1176
5 1176
6 1176
7 1176
8 1105
9 1176
10 1105
11 1176
12 1176
13 1247
14 1247
15 1175
16 1246
17 1246
18 1246
19 1246
20 1246
21 1246
22 1246
23 1029
24 1030
25 1176
26 1176
27 1176
28 1176
29 1176
30 1247
31 1247
65536 748
65537 747
65538 747
65539 747
65540 1248
65541 1248
65542 1248
65543 1247
65544 1106
65545 1106
65546 1248
65547 1248
65548 1177
65549 1176
65550 1176
65551 1176
65552 1106
65553 1106
65554 1105
65555 1030
65556 1106
65557 1106
65558 1105
65559 1177
65560 1251
65561 1247
65562 1247
65563 1247
65564 1247
65565 1105
65566 1104
65567 1247
131072 1253
131073 1247
131074 1030
131075 1248
131076 1247
131077 1392
131078 1392
131079 1176
131080 1177
131081 1248
131082 1106
131083 1106
131084 1323
131085 1323
131086 1177
131087 1248
131088 1177
131089 1106
131090 1247
131091 1177
131092 1106
131093 1323
131094 1106
131095 1248
131096 1177
131097 1247
131098 1177
131099 1177
131100 1248
131101 1177
131102 1392
131103 1247
196608 748
196609 747
196610 1180
196611 1321
196612 1180
196613 1248
196614 1030
196615 1322
196616 1321
196617 1176
196618 1247
196619 1247
196620 1176
196621 1247
196622 1247
196623 1246
196624 1176
196625 1176
196626 1176
196627 1176
196628 1176
196629 1247
196630 1175
196631 1247
196632 1247
196633 1247
196634 1247
196635 1247
196636 1247
196637 1105
196638 1247
196639 1175
262144 1254
262145 1249
262146 1105
262147 1249
262148 1249
262149 1249
262150 1324
262151 1249
262152 1249
262153 1249
262154 1249
262155 1177
262156 1249
262157 1181
262158 1249
262159 1249
262160 1177
262161 1106
262162 1249
262163 1177
262164 1248
262165 1248
262166 1249
262167 1175
262168 1249
262169 1249
262170 1249
262171 1249
262172 1323
262173 1391
262174 1464
262175 1247
327680 1182
327681 1247
327682 1176
327683 1247
327684 1247
327685 1247
327686 1247
327687 1246
327688 1246
327689 1176
327690 1176
327691 1175
327692 1176
327693 1174
327694 1174
327695 1174
327696 1174
327697 1174
327698 1174
327699 1174
327700 1174
327701 1174
327702 1247
327703 1247
327704 1246
327705 1176
327706 1247
327707 1244
327708 1173
327709 1173
327710 1173
327711 1173
393216 1182
393217 1177
393218 1177
393219 1106
393220 1106
393221 1106
393222 1106
393223 1106
393224 1106
393225 1248
393226 1248
393227 1177
393228 1248
393229 1248
393230 1248
393231 1106
393232 1247
393233 1392
393234 1176
393235 1246
393236 1246
393237 1246
393238 1247
393239 1105
393240 1246
393241 1176
393242 1105
393243 1247
393244 1247
393245 1247
393246 1247
393247 1247
458752 1252
458753 1246
458754 1248
458755 1248
458756 1248
458757 1176
458758 1176
458759 1176
458760 1248
458761 1248
458762 1176
458763 1246
458764 1246
458765 1248
458766 1248
458767 1177
458768 1248
458769 1248
458770 1176
458771 1248
458772 1248
458773 1177
458774 1250
458775 1250
458776 1246
458777 1247
458778 1176
458779 1105
458780 1176
458781 1247
458782 1174
458783 1175
524288 1182
524289 1177
524290 1177
524291 1248
524292 1248
524293 1177
524294 1248
524295 1247
524296 1247
524297 1247
524298 1247
524299 1176
524300 1248
524301 1176
524302 1247
524303 1247
524304 1247
524305 1248
524306 1248
524307 1247
524308 1248
524309 1247
524310 1248
524311 1323
524312 1323
524313 1323
524314 1248
524315 1321
524316 1176
524317 1247
524318 1247
524319 1247
589824 1254
589825 1249
589826 1179
589827 1250
589828 1250
589829 1325
589830 1253
589831 1325
589832 1178
589833 1250
589834 1250
589835 1250
589836 1250
589837 1178
589838 1250
589839 1250
589840 1249
589841 1250
589842 1250
589843 1250
589844 1250
589845 1465
589846 1250
589847 1178
589848 1465
589849 1322
589850 1392
589851 1248
589852 1247
589853 1176
589854 1105
589855 239
kernel_count 50327
