0 1254
1 1248
2 1177
3 1177
4 1248
5 1248
6 1248
7 1177
8 1177
9 1248
10 1177
11 1177
12 1248
13 1177
14 1247
15 1177
16 1177
17 1248
18 1177
19 1177
20 1248
21 1177
22 1248
23 1177
24 1177
25 1392
26 1247
27 1247
28 1176
29 1176
30 1247
31 1175
65536 748
65537 746
65538 746
65539 746
65540 746
65541 746
65542 746
65543 1175
65544 1246
65545 1247
65546 1175
65547 1247
65548 1030
65549 1247
65550 1176
65551 1247
65552 1175
65553 1247
65554 1105
65555 816
65556 1105
65557 1246
65558 1175
65559 1247
65560 1247
65561 1105
65562 1034
65563 1105
65564 1247
65565 1247
65566 1247
65567 1247
131072 1181
131073 1177
131074 1248
131075 1248
131076 1248
131077 1248
131078 1248
131079 1106
131080 1106
131081 1248
131082 1322
131083 1106
131084 1247
131085 1393
131086 1248
131087 1248
131088 1248
131089 1176
131090 1106
131091 1248
131092 1247
131093 1176
131094 1247
131095 1177
131096 1246
131097 1105
131098 1177
131099 1321
131100 1176
131101 1175
131102 1246
131103 1246
196608 1110
196609 1106
196610 1177
196611 1249
196612 1106
196613 1177
196614 1248
196615 1325
196616 1248
196617 1249
196618 1177
196619 1249
196620 1249
196621 1249
196622 1177
196623 1755
196624 1469
196625 1610
196626 1177
196627 1326
196628 1248
196629 1248
196630 1248
196631 1176
196632 1467
196633 1247
196634 1248
196635 1391
196636 1391
196637 1176
196638 1247
196639 1175
262144 1182
262145 1248
262146 1177
262147 1249
262148 1248
262149 1177
262150 1176
262151 1177
262152 1177
262153 1176
262154 1176
262155 1106
262156 1176
262157 1176
262158 1106
262159 1177
262160 1176
262161 1106
262162 1249
262163 1249
262164 1248
262165 1463
262166 1176
262167 1392
262168 1246
262169 1246
262170 1246
262171 1247
262172 1247
262173 1247
262174 1246
262175 1175
327680 1110
327681 1177
327682 1177
327683 1248
327684 1248
327685 1034
327686 958
327687 958
327688 958
327689 958
327690 958
327691 1106
327692 1034
327693 1105
327694 1106
327695 1105
327696 1106
327697 1177
327698 1249
327699 1249
327700 1249
327701 1177
327702 1249
327703 1393
327704 1176
327705 1106
327706 1105
327707 1464
327708 1105
327709 1246
327710 1105
327711 1246
393216 748
393217 746
393218 1106
393219 1248
393220 1105
393221 961
393222 1174
393223 1246
393224 1176
393225 1177
393226 1248
393227 1247
393228 1248
393229 1248
393230 1393
393231 1393
393232 1248
393233 1248
393234 1177
393235 1251
393236 1176
393237 1175
393238 1247
393239 1175
393240 1247
393241 1246
393242 1247
393243 1175
393244 1246
393245 1174
393246 1174
393247 1175
458752 1110
458753 1106
458754 1248
458755 1391
458756 1248
458757 1392
458758 1248
458759 1321
458760 1320
458761 1320
458762 1320
458763 1320
458764 1176
458765 1175
458766 1247
458767 1176
458768 1175
458769 1030
458770 1105
458771 1176
458772 1176
458773 1247
458774 1247
458775 1247
458776 1176
458777 1247
458778 1247
458779 1247
458780 1176
458781 1247
458782 1105
458783 1246
524288 1109
524289 1107
524290 1249
524291 1107
524292 1107
524293 1249
524294 1249
524295 1249
524296 1249
524297 1249
524298 1249
524299 1249
524300 1248
524301 1249
524302 1177
524303 1106
524304 1107
524305 1178
524306 1249
524307 1249
524308 1249
524309 1322
524310 1178
524311 1249
524312 1322
524313 1178
524314 1249
524315 1322
524316 1176
524317 1247
524318 239
524319 239
kernel_count 44721
