0 1037
1 1106
2 1391
3 1247
4 1247
5 1176
6 1105
7 1105
8 1105
9 1105
10 1105
11 1030
12 1176
13 1247
14 1030
15 1243
16 1247
17 1247
18 1247
19 1247
20 1027
21 1246
22 1247
23 1246
24 1027
25 1246
26 1247
27 1246
28 1027
29 1247
30 1247
31 1027
65536 1036
65537 1246
65538 1246
65539 1176
65540 1247
65541 1176
65542 1247
65543 1105
65544 1105
65545 1105
65546 1105
65547 1246
65548 1030
65549 1030
65550 1176
65551 1176
65552 1176
65553 1176
65554 1176
65555 1247
65556 1247
65557 1246
65558 1247
65559 1247
65560 1176
65561 1247
65562 1175
65563 1176
65564 1176
65565 1174
65566 1176
65567 1247
131072 1254
131073 1249
131074 1249
131075 1465
131076 1247
131077 1177
131078 1248
131079 1248
131080 1177
131081 1177
131082 1177
131083 1177
131084 1247
131085 1106
131086 1030
131087 1248
131088 1247
131089 1247
131090 1247
131091 1247
131092 1247
131093 1177
131094 1248
131095 1248
131096 1248
131097 1248
131098 1251
131099 1247
131100 1175
131101 1105
131102 1247
131103 1246
196608 1182
196609 1177
196610 1248
196611 1248
196612 746
196613 1176
196614 1247
196615 1174
196616 1177
196617 1247
196618 1392
196619 1033
196620 1177
196621 1248
196622 1248
196623 1177
196624 1177
196625 1175
196626 1176
196627 1248
196628 1177
196629 1106
196630 1030
196631 1177
196632 1248
196633 1030
196634 1248
196635 1248
196636 1248
196637 1248
196638 1248
196639 1322
262144 1253
262145 1248
262146 1248
262147 1249
262148 1249
262149 1249
262150 1249
262151 1030
262152 1106
262153 1177
262154 1106
262155 1030
262156 1105
262157 1105
262158 1395
262159 1177
262160 1177
262161 1465
262162 1248
262163 1248
262164 1176
262165 1248
262166 1248
262167 1106
262168 1106
262169 1248
262170 1248
262171 1322
262172 1322
262173 1247
262174 1246
262175 1244
327680 1254
327681 1249
327682 1249
327683 1248
327684 1106
327685 1035
327686 1035
327687 1035
327688 1035
327689 1035
327690 1035
327691 1035
327692 1035
327693 1249
327694 1248
327695 1248
327696 1249
327697 1249
327698 1176
327699 1177
327700 1248
327701 1395
327702 1537
327703 1247
327704 1245
327705 1247
327706 1247
327707 1246
327708 1246
327709 1246
327710 1247
327711 1247
393216 1110
393217 1247
393218 1177
393219 1248
393220 1177
393221 1177
393222 1106
393223 1248
393224 1247
393225 1247
393226 1248
393227 1248
393228 1248
393229 1248
393230 1248
393231 1106
393232 957
393233 1177
393234 1248
393235 1248
393236 1177
393237 1248
393238 1248
393239 1321
393240 1106
393241 1321
393242 1030
393243 1245
393244 1245
393245 1103
393246 1103
393247 1245
458752 1621
458753 1466
458754 1175
458755 1104
458756 1465
458757 1177
458758 1106
458759 1249
458760 1326
458761 1248
458762 1249
458763 1324
458764 1324
458765 1249
458766 1248
458767 1248
458768 1392
458769 1247
458770 1249
458771 1249
458772 1249
458773 1176
458774 1247
458775 1249
458776 1248
458777 1463
458778 1247
458779 1176
458780 1105
458781 1176
458782 1176
458783 1246
524288 747
524289 963
524290 963
524291 963
524292 1247
524293 1249
524294 1248
524295 1249
524296 1177
524297 1325
524298 1177
524299 1249
524300 1249
524301 1249
524302 1249
524303 1249
524304 1249
524305 1249
524306 1325
524307 1395
524308 1253
524309 1539
524310 1248
524311 1322
524312 1247
524313 1245
524314 1105
524315 1176
524316 1247
524317 1247
524318 1247
524319 1175
589824 1110
589825 1035
589826 1248
589827 1248
589828 1247
589829 1248
589830 1249
589831 239
589832 239
589833 239
589834 239
589835 239
589836 239
589837 239
589838 239
589839 239
589840 239
589841 239
589842 239
589843 239
589844 239
589845 239
589846 239
589847 239
589848 239
589849 239
589850 239
589851 239
589852 239
589853 239
589854 239
589855 239
kernel_count 46989
