0 1110
1 1394
2 1177
3 1177
4 1249
5 1249
6 1249
7 1176
8 1466
9 1249
10 1249
11 1465
12 1247
13 1247
14 1247
15 1247
16 1176
17 1030
18 1247
19 1105
20 1105
21 1247
22 1105
23 1247
24 1247
25 1176
26 1105
27 1246
28 1104
29 1105
30 1247
31 1103
65536 748
65537 746
65538 746
65539 746
65540 1247
65541 1247
65542 1247
65543 1176
65544 1105
65545 1247
65546 1246
65547 1247
65548 1247
65549 1247
65550 1246
65551 1105
65552 1247
65553 1247
65554 1247
65555 1247
65556 1247
65557 1176
65558 1247
65559 1246
65560 1176
65561 1247
65562 1247
65563 1176
65564 1247
65565 1247
65566 1175
65567 1175
131072 748
131073 1250
131074 1249
131075 1250
131076 1250
131077 1610
131078 1248
131079 1178
131080 1396
131081 1249
131082 1249
131083 1178
131084 1249
131085 1177
131086 1396
131087 1248
131088 1248
131089 1248
131090 1248
131091 1248
131092 1177
131093 1248
131094 1248
131095 1106
131096 1248
131097 1248
131098 1177
131099 1249
131100 239
131101 239
131102 239
131103 239
kernel_count 14524
