0 1034
1 1030
2 1249
3 1249
4 1249
5 1249
6 1249
7 1249
8 1391
9 1248
10 1248
11 1322
12 1247
13 1322
14 1322
15 1247
16 1251
17 1177
18 1322
19 1248
20 1322
21 1322
22 1248
23 1322
24 1176
25 1177
26 1322
27 1247
28 1251
29 1322
30 1247
31 1322
65536 1254
65537 1249
65538 1176
65539 1249
65540 1248
65541 1249
65542 1249
65543 1248
65544 1176
65545 1177
65546 1249
65547 1249
65548 1466
65549 1466
65550 1466
65551 1466
65552 1177
65553 1248
65554 1393
65555 1394
65556 1177
65557 1180
65558 1180
65559 1247
65560 1247
65561 1176
65562 1105
65563 1247
65564 1175
65565 1247
65566 1247
65567 1245
131072 747
131073 1177
131074 1176
131075 1177
131076 1246
131077 1248
131078 1176
131079 1248
131080 1176
131081 1176
131082 1177
131083 1248
131084 1248
131085 1248
131086 1248
131087 1248
131088 1248
131089 1248
131090 1248
131091 1248
131092 1105
131093 1321
131094 1248
131095 1321
131096 1245
131097 1247
131098 1247
131099 1176
131100 1175
131101 1247
131102 1247
131103 1247
196608 748
196609 1249
196610 1177
196611 1249
196612 1249
196613 1249
196614 1249
196615 1249
196616 1249
196617 1249
196618 1540
196619 1539
196620 1540
196621 1539
196622 1540
196623 1539
196624 1177
196625 1177
196626 1177
196627 1248
196628 1536
196629 1536
196630 1536
196631 1536
196632 1177
196633 1105
196634 1321
196635 1248
196636 1392
196637 1246
196638 1247
196639 1246
262144 1254
262145 746
262146 1248
262147 1248
262148 1251
262149 1248
262150 1248
262151 1177
262152 1105
262153 1248
262154 1247
262155 1248
262156 1248
262157 1248
262158 1248
262159 1248
262160 1247
262161 1030
262162 1030
262163 1106
262164 1248
262165 1104
262166 1249
262167 1246
262168 1177
262169 1174
262170 1247
262171 1322
262172 1246
262173 1245
262174 1246
262175 1245
327680 1252
327681 1246
327682 1247
327683 1247
327684 1247
327685 1248
327686 1248
327687 1177
327688 1177
327689 1248
327690 1176
327691 1177
327692 1394
327693 1106
327694 1248
327695 1248
327696 1394
327697 1177
327698 1247
327699 1177
327700 1251
327701 1176
327702 959
327703 1031
327704 1031
327705 959
327706 1103
327707 1246
327708 1246
327709 1324
327710 1395
327711 1323
393216 898
393217 1397
393218 1040
393219 1248
393220 1176
393221 1247
393222 1178
393223 1249
393224 1177
393225 1106
393226 1249
393227 1106
393228 1249
393229 1464
393230 1248
393231 1030
393232 1247
393233 1247
393234 1030
393235 1248
393236 1248
393237 1248
393238 1177
393239 1248
393240 1247
393241 1248
393242 1248
393243 1175
393244 1247
393245 1247
393246 1247
393247 1391
458752 1253
458753 1322
458754 1248
458755 1176
458756 1248
458757 1248
458758 1248
458759 1248
458760 1177
458761 1176
458762 1176
458763 1248
458764 1248
458765 1248
458766 1177
458767 1247
458768 1248
458769 1248
458770 1177
458771 1248
458772 1106
458773 1106
458774 1248
458775 1248
458776 1396
458777 1030
458778 1247
458779 1245
458780 1176
458781 1104
458782 1174
458783 1103
524288 1254
524289 1248
524290 1248
524291 1248
524292 1028
524293 239
524294 239
524295 239
524296 239
524297 239
524298 239
524299 239
524300 239
524301 239
524302 239
524303 239
524304 239
524305 239
524306 239
524307 239
524308 239
524309 239
524310 239
524311 239
524312 239
524313 239
524314 239
524315 239
524316 239
524317 239
524318 239
524319 239
kernel_count 42747
