0 1254
1 1393
2 1248
3 1393
4 1248
5 1393
6 1248
7 1393
8 1322
9 1248
10 1248
11 1250
12 1177
13 1322
14 1177
15 1321
16 1177
17 1322
18 1248
19 1251
20 1175
21 1247
22 1246
23 1246
24 1245
25 1247
26 1245
27 1247
28 1247
29 1246
30 1247
31 1247
65536 1254
65537 1248
65538 1248
65539 1177
65540 1248
65541 1248
65542 1248
65543 1176
65544 1176
65545 1176
65546 1248
65547 1106
65548 1248
65549 1176
65550 1106
65551 1248
65552 1248
65553 1248
65554 1248
65555 1106
65556 1106
65557 1248
65558 1248
65559 1247
65560 1250
65561 1108
65562 1251
65563 1176
65564 1177
65565 1247
65566 1247
65567 1247
131072 1253
131073 1176
131074 1247
131075 1247
131076 1247
131077 1246
131078 1176
131079 1245
131080 1247
131081 1247
131082 1176
131083 1176
131084 1034
131085 1105
131086 1247
131087 1247
131088 1247
131089 1247
131090 1176
131091 1175
131092 1246
131093 1246
131094 1246
131095 1247
131096 1247
131097 1175
131098 1246
131099 1175
131100 1175
131101 1105
131102 1247
131103 1246
196608 1253
196609 1248
196610 1248
196611 1105
196612 1248
196613 1249
196614 1249
196615 1106
196616 1106
196617 1106
196618 1248
196619 1176
196620 1248
196621 1248
196622 1178
196623 1248
196624 1175
196625 1175
196626 1105
196627 1248
196628 1175
196629 1177
196630 1104
196631 1177
196632 1324
196633 1249
196634 1249
196635 1464
196636 1247
196637 1246
196638 1247
196639 1247
262144 748
262145 747
262146 823
262147 747
262148 747
262149 747
262150 747
262151 823
262152 747
262153 746
262154 1177
262155 1247
262156 1176
262157 1105
262158 1247
262159 1247
262160 1248
262161 1248
262162 1106
262163 1177
262164 1248
262165 1106
262166 1537
262167 1248
262168 1248
262169 1177
262170 1248
262171 1177
262172 1248
262173 1397
262174 1247
262175 1247
327680 1109
327681 747
327682 747
327683 896
327684 896
327685 747
327686 1105
327687 747
327688 747
327689 747
327690 896
327691 896
327692 747
327693 1105
327694 747
327695 747
327696 747
327697 896
327698 747
327699 747
327700 1177
327701 1247
327702 1247
327703 1251
327704 1248
327705 1322
327706 1176
327707 1176
327708 1246
327709 1174
327710 1102
327711 1245
393216 1108
393217 1104
393218 1249
393219 1033
393220 1033
393221 1251
393222 1175
393223 1175
393224 1176
393225 1175
393226 1247
393227 1397
393228 1249
393229 1397
393230 1395
393231 1177
393232 1247
393233 1175
393234 1248
393235 1394
393236 1248
393237 1177
393238 1249
393239 1248
393240 1249
393241 1248
393242 1609
393243 1247
393244 1322
393245 1175
393246 1247
393247 1103
458752 1182
458753 1176
458754 1394
458755 1249
458756 1249
458757 958
458758 1249
458759 1249
458760 1249
458761 1249
458762 1249
458763 1177
458764 1103
458765 1103
458766 1103
458767 1103
458768 1103
458769 1103
458770 1251
458771 1325
458772 1248
458773 1324
458774 1176
458775 1035
458776 1248
458777 1103
458778 1539
458779 1396
458780 1247
458781 1176
458782 1247
458783 1175
524288 1254
524289 1249
524290 1249
524291 1106
524292 1468
524293 1249
524294 1175
524295 1106
524296 1247
524297 1322
524298 1322
524299 1177
524300 1394
524301 1174
524302 1175
524303 1177
524304 1106
524305 1106
524306 1249
524307 1248
524308 1465
524309 1249
524310 1248
524311 1248
524312 1465
524313 1247
524314 1247
524315 1177
524316 1247
524317 1322
524318 1247
524319 1250
589824 1254
589825 1176
589826 1247
589827 1174
589828 1176
589829 1246
589830 1246
589831 1246
589832 1246
589833 1246
589834 1246
589835 1246
589836 1105
589837 1247
589838 1247
589839 1176
589840 1247
589841 1176
589842 1247
589843 1030
589844 1247
589845 1176
589846 1247
589847 1176
589848 1246
589849 1176
589850 1247
589851 1247
589852 1247
589853 1247
589854 1247
589855 1247
655360 1400
655361 1248
655362 1177
655363 1248
655364 1106
655365 1177
655366 1248
655367 1177
655368 1248
655369 1177
655370 1247
655371 1248
655372 1248
655373 1248
655374 1246
655375 1247
655376 1248
655377 1392
655378 1321
655379 1321
655380 1248
655381 1177
655382 1248
655383 1177
655384 1247
655385 1177
655386 1390
655387 1176
655388 1248
655389 1177
655390 1390
655391 1174
720896 748
720897 1394
720898 1178
720899 1322
720900 1324
720901 239
720902 239
720903 239
720904 239
720905 239
720906 239
720907 239
720908 239
720909 239
720910 239
720911 239
720912 239
720913 239
720914 239
720915 239
720916 239
720917 239
720918 239
720919 239
720920 239
720921 239
720922 239
720923 239
720924 239
720925 239
720926 239
720927 239
kernel_count 56258
