0 1254
1 1176
2 1176
3 1247
4 1247
5 1176
6 1176
7 1175
8 1175
9 1175
10 1248
11 1248
12 1393
13 1248
14 1248
15 1247
16 1248
17 1106
18 1248
19 1030
20 1180
21 1322
22 1247
23 1246
24 1247
25 1034
26 1030
27 1176
28 1247
29 1247
30 1247
31 1175
65536 1110
65537 747
65538 747
65539 747
65540 1106
65541 1248
65542 1247
65543 1248
65544 1247
65545 1106
65546 1177
65547 1106
65548 1248
65549 1176
65550 1175
65551 1176
65552 1248
65553 1248
65554 1248
65555 1248
65556 1177
65557 1176
65558 1177
65559 1248
65560 1392
65561 1248
65562 1392
65563 1247
65564 1247
65565 1247
65566 1247
65567 1247
131072 748
131073 1248
131074 1323
131075 1177
131076 1248
131077 1248
131078 1248
131079 1248
131080 1176
131081 1177
131082 1177
131083 1248
131084 1393
131085 1393
131086 1177
131087 1248
131088 1247
131089 1247
131090 1248
131091 1248
131092 1248
131093 1247
131094 1248
131095 1321
131096 1247
131097 1247
131098 1176
131099 1176
131100 1176
131101 1176
131102 1175
131103 1247
196608 1254
196609 1247
196610 1176
196611 1030
196612 1248
196613 1030
196614 1177
196615 1177
196616 1247
196617 1247
196618 1247
196619 1248
196620 1248
196621 1248
196622 1177
196623 1247
196624 1247
196625 1248
196626 1248
196627 1248
196628 1394
196629 1030
196630 1177
196631 1248
196632 1248
196633 1177
196634 1248
196635 1392
196636 1176
196637 1247
196638 1103
196639 1175
262144 1182
262145 1177
262146 1247
262147 1248
262148 1248
262149 1248
262150 1248
262151 1106
262152 1106
262153 1106
262154 1106
262155 1106
262156 1106
262157 1248
262158 1248
262159 1248
262160 1030
262161 1247
262162 1177
262163 1248
262164 1248
262165 1251
262166 1247
262167 1247
262168 1247
262169 1247
262170 1247
262171 1247
262172 1247
262173 1175
262174 1174
262175 1174
327680 1329
327681 1249
327682 1324
327683 1249
327684 1177
327685 1176
327686 1248
327687 1249
327688 1106
327689 1106
327690 1106
327691 1249
327692 1176
327693 1248
327694 1248
327695 1248
327696 1249
327697 1249
327698 1249
327699 1464
327700 1246
327701 1248
327702 1176
327703 1248
327704 1248
327705 1248
327706 1247
327707 1177
327708 1248
327709 1247
327710 1392
327711 1247
393216 1182
393217 1176
393218 1248
393219 1248
393220 1248
393221 1248
393222 1247
393223 1247
393224 1247
393225 1247
393226 1177
393227 1248
393228 1248
393229 1248
393230 1105
393231 1105
393232 1248
393233 1248
393234 1177
393235 1248
393236 1247
393237 1248
393238 1248
393239 1247
393240 1248
393241 1393
393242 1030
393243 1248
393244 1177
393245 1177
393246 1394
393247 1246
458752 1329
458753 1396
458754 1249
458755 1467
458756 1177
458757 1177
458758 1247
458759 1323
458760 1324
458761 1246
458762 1248
458763 1247
458764 1176
458765 1247
458766 1176
458767 1177
458768 1248
458769 1248
458770 1247
458771 1248
458772 1247
458773 1247
458774 1176
458775 1247
458776 1247
458777 1248
458778 1248
458779 1397
458780 1468
458781 1468
458782 1391
458783 1392
524288 1254
524289 1247
524290 1105
524291 1176
524292 1176
524293 1176
524294 1247
524295 1247
524296 1176
524297 1247
524298 1247
524299 1247
524300 1247
524301 1247
524302 1247
524303 1247
524304 1105
524305 1247
524306 1247
524307 1247
524308 1247
524309 1247
524310 1034
524311 1175
524312 1176
524313 1246
524314 1247
524315 1247
524316 1247
524317 1247
524318 1247
524319 1175
589824 1329
589825 1249
589826 1248
589827 1248
589828 1249
589829 1249
589830 1323
589831 1248
589832 1177
589833 1177
589834 1247
589835 1248
589836 1177
589837 1177
589838 1248
589839 1248
589840 1248
589841 1248
589842 1105
589843 1176
589844 1104
589845 239
589846 239
589847 239
589848 239
589849 239
589850 239
589851 239
589852 239
589853 239
589854 239
589855 239
kernel_count 49528
