0 1182
1 1246
2 1176
3 1176
4 1176
5 1246
6 1247
7 1105
8 1247
9 1030
10 887
11 1247
12 1247
13 1176
14 1030
15 1247
16 1176
17 1247
18 959
19 1105
20 1245
21 1105
22 1176
23 1247
24 1176
25 1176
26 1247
27 1247
28 1247
29 1176
30 1176
31 1247
65536 1182
65537 1248
65538 1247
65539 1177
65540 1248
65541 1248
65542 1248
65543 1177
65544 1175
65545 1106
65546 1106
65547 1106
65548 1105
65549 1248
65550 1322
65551 1322
65552 1322
65553 1322
65554 1322
65555 1322
65556 1247
65557 1247
65558 1246
65559 1247
65560 1247
65561 1175
65562 1247
65563 1247
65564 1247
65565 1247
65566 1247
65567 1247
131072 1182
131073 1248
131074 1248
131075 1322
131076 1248
131077 1247
131078 1247
131079 1247
131080 1247
131081 1322
131082 1106
131083 1247
131084 1247
131085 1247
131086 1248
131087 1248
131088 1177
131089 1322
131090 1247
131091 1247
131092 1247
131093 1247
131094 1247
131095 1247
131096 1247
131097 1247
131098 1176
131099 1176
131100 1105
131101 1247
131102 1247
131103 1247
196608 1253
196609 1248
196610 1248
196611 1106
196612 1247
196613 1248
196614 1177
196615 1248
196616 1106
196617 1105
196618 1248
196619 1029
196620 1248
196621 1177
196622 1248
196623 1248
196624 1248
196625 1177
196626 1177
196627 1247
196628 1030
196629 1247
196630 1175
196631 1247
196632 959
196633 1323
196634 1247
196635 1247
196636 1247
196637 1248
196638 1392
196639 1245
262144 1182
262145 1177
262146 1249
262147 1249
262148 1248
262149 1105
262150 1177
262151 1249
262152 1177
262153 1249
262154 887
262155 1249
262156 1468
262157 1249
262158 1249
262159 1247
262160 1176
262161 1248
262162 1178
262163 1465
262164 1248
262165 1323
262166 1106
262167 1248
262168 1323
262169 1248
262170 1177
262171 1392
262172 1247
262173 1176
262174 1176
262175 1247
327680 748
327681 747
327682 747
327683 747
327684 1106
327685 1106
327686 1106
327687 1106
327688 1106
327689 1106
327690 1106
327691 1106
327692 1106
327693 1106
327694 1106
327695 1106
327696 1106
327697 1177
327698 1248
327699 1247
327700 1176
327701 1177
327702 1248
327703 1393
327704 1248
327705 1322
327706 1322
327707 1177
327708 1248
327709 1321
327710 1322
327711 1322
393216 823
393217 823
393218 822
393219 1177
393220 1176
393221 1176
393222 1176
393223 1248
393224 1539
393225 1176
393226 1176
393227 1034
393228 1176
393229 1176
393230 1247
393231 1247
393232 1175
393233 1176
393234 1105
393235 1247
393236 1105
393237 1247
393238 1105
393239 1247
393240 1176
393241 1247
393242 1247
393243 1174
393244 1105
393245 1247
393246 1247
393247 1247
458752 1180
458753 1248
458754 1177
458755 1176
458756 1176
458757 1177
458758 1248
458759 1247
458760 1175
458761 1247
458762 1176
458763 1246
458764 1246
458765 1176
458766 1176
458767 1176
458768 1251
458769 1251
458770 1177
458771 1176
458772 1248
458773 1248
458774 1247
458775 1248
458776 1247
458777 1247
458778 1247
458779 1106
458780 1248
458781 1176
458782 1177
458783 1322
524288 824
524289 821
524290 748
524291 748
524292 748
524293 822
524294 822
524295 822
524296 1249
524297 1249
524298 821
524299 1248
524300 1247
524301 1247
524302 1175
524303 1177
524304 1248
524305 1031
524306 1248
524307 1248
524308 1177
524309 1248
524310 1248
524311 1248
524312 1247
524313 1248
524314 1248
524315 1176
524316 1248
524317 1103
524318 239
524319 239
kernel_count 44417
