0 1254
1 1246
2 1246
3 1247
4 1246
5 1246
6 1246
7 1247
8 1246
9 1176
10 1246
11 1247
12 1246
13 1246
14 1247
15 1246
16 1245
17 1247
18 1247
19 1247
20 1247
21 1246
22 1247
23 1245
24 1246
25 1247
26 1246
27 1246
28 1247
29 1247
30 1247
31 1247
65536 747
65537 747
65538 746
65539 747
65540 747
65541 1248
65542 1247
65543 1247
65544 1247
65545 1251
65546 1248
65547 1248
65548 1248
65549 1177
65550 1106
65551 1176
65552 1247
65553 1247
65554 1247
65555 1247
65556 1247
65557 1177
65558 1393
65559 1248
65560 1248
65561 1248
65562 1321
65563 1105
65564 1247
65565 1247
65566 1247
65567 1247
131072 1037
131073 747
131074 1034
131075 1177
131076 1252
131077 1252
131078 1106
131079 1248
131080 1106
131081 1247
131082 1248
131083 1394
131084 1177
131085 1248
131086 1177
131087 1322
131088 1247
131089 1247
131090 1247
131091 1247
131092 1246
131093 1247
131094 1175
131095 1175
131096 1175
131097 1175
131098 1176
131099 1247
131100 1247
131101 1247
131102 1246
131103 1246
196608 1253
196609 1247
196610 1247
196611 1106
196612 1321
196613 1177
196614 1177
196615 1177
196616 1106
196617 1177
196618 1248
196619 1106
196620 1177
196621 1248
196622 1248
196623 1177
196624 962
196625 1105
196626 1319
196627 1176
196628 1246
196629 1175
196630 1244
196631 1175
196632 1245
196633 1175
196634 1244
196635 1175
196636 1175
196637 1246
196638 1244
196639 1244
262144 747
262145 1471
262146 963
262147 1177
262148 963
262149 1250
262150 1250
262151 1465
262152 1105
262153 1248
262154 1177
262155 1177
262156 1177
262157 1177
262158 1248
262159 1248
262160 1247
262161 239
262162 239
262163 239
262164 239
262165 239
262166 239
262167 239
262168 239
262169 239
262170 239
262171 239
262172 239
262173 239
262174 239
262175 239
kernel_count 22961
