0 1253
1 1322
2 1247
3 1251
4 1105
5 1247
6 1105
7 1105
8 1177
9 1248
10 1247
11 1466
12 1247
13 1465
14 1248
15 1248
16 1175
17 1247
18 1247
19 1322
20 1247
21 1251
22 1247
23 1247
24 1105
25 1105
26 1177
27 1247
28 1247
29 1466
30 1395
31 1244
65536 1254
65537 1249
65538 1249
65539 1176
65540 1609
65541 1322
65542 1177
65543 1177
65544 1177
65545 1247
65546 1247
65547 1177
65548 1248
65549 1247
65550 1248
65551 1177
65552 1248
65553 1248
65554 1248
65555 1248
65556 1321
65557 1106
65558 1106
65559 1248
65560 1322
65561 1322
65562 1322
65563 1247
65564 1246
65565 1247
65566 1175
65567 1102
131072 1329
131073 1323
131074 1249
131075 1248
131076 1249
131077 1252
131078 1106
131079 1249
131080 1249
131081 1030
131082 1249
131083 1252
131084 1106
131085 1249
131086 1249
131087 1248
131088 1324
131089 1030
131090 1106
131091 1178
131092 1176
131093 1464
131094 1248
131095 1248
131096 1248
131097 1248
131098 1248
131099 1248
131100 1177
131101 1322
131102 1248
131103 1249
196608 1254
196609 1249
196610 1248
196611 1392
196612 1323
196613 1393
196614 1248
196615 1177
196616 1394
196617 1106
196618 1176
196619 1105
196620 1394
196621 1176
196622 1177
196623 1248
196624 1465
196625 1248
196626 1176
196627 1248
196628 1248
196629 1177
196630 1248
196631 1252
196632 1248
196633 1392
196634 1392
196635 1247
196636 1030
196637 1247
196638 1247
196639 1247
262144 824
262145 823
262146 747
262147 671
262148 747
262149 747
262150 747
262151 823
262152 822
262153 747
262154 671
262155 1247
262156 1177
262157 1177
262158 1177
262159 1106
262160 1177
262161 1247
262162 1177
262163 1248
262164 1248
262165 1248
262166 1323
262167 1248
262168 1248
262169 1538
262170 1176
262171 1535
262172 1175
262173 1535
262174 1247
262175 1247
327680 1182
327681 1247
327682 1247
327683 1105
327684 1247
327685 1248
327686 1248
327687 1322
327688 1393
327689 1177
327690 1177
327691 1248
327692 1248
327693 1248
327694 1030
327695 1248
327696 1106
327697 1321
327698 1322
327699 1247
327700 1247
327701 1247
327702 1176
327703 1246
327704 1246
327705 1105
327706 1247
327707 1176
327708 1176
327709 1105
327710 1246
327711 1247
393216 1254
393217 1249
393218 1249
393219 1248
393220 1249
393221 1248
393222 1392
393223 1393
393224 1106
393225 1248
393226 1248
393227 1249
393228 1177
393229 1030
393230 1106
393231 1249
393232 1248
393233 1249
393234 1176
393235 1106
393236 1249
393237 1249
393238 1178
393239 1249
393240 1248
393241 1249
393242 1035
393243 1463
393244 1246
393245 1176
393246 1247
393247 1247
458752 1181
458753 1247
458754 1176
458755 1247
458756 1247
458757 1175
458758 1247
458759 1247
458760 1175
458761 1175
458762 1246
458763 1176
458764 1247
458765 1247
458766 1247
458767 1247
458768 1247
458769 1247
458770 1176
458771 1247
458772 1247
458773 1105
458774 1103
458775 1176
458776 1247
458777 1247
458778 1247
458779 1176
458780 1246
458781 1175
458782 1174
458783 1175
524288 1182
524289 1177
524290 1246
524291 1175
524292 1174
524293 1176
524294 1247
524295 1175
524296 1175
524297 1174
524298 1248
524299 1248
524300 1177
524301 1177
524302 1248
524303 958
524304 1248
524305 1177
524306 1248
524307 1248
524308 1177
524309 1248
524310 1248
524311 1106
524312 1250
524313 1247
524314 1176
524315 1104
524316 1176
524317 1176
524318 1104
524319 1175
589824 1038
589825 1248
589826 1248
589827 1247
589828 1248
589829 1248
589830 1247
589831 1248
589832 1248
589833 1177
589834 1035
589835 1248
589836 1248
589837 1177
589838 1177
589839 1393
589840 1252
589841 1248
589842 1248
589843 1106
589844 1392
589845 1176
589846 1176
589847 1247
589848 1247
589849 1247
589850 1247
589851 1247
589852 1247
589853 1247
589854 1247
589855 1175
655360 748
655361 1107
655362 1392
655363 885
655364 239
655365 239
655366 239
655367 239
655368 239
655369 239
655370 239
655371 239
655372 239
655373 239
655374 239
655375 239
655376 239
655377 239
655378 239
655379 239
655380 239
655381 239
655382 239
655383 239
655384 239
655385 239
655386 239
655387 239
655388 239
655389 239
655390 239
655391 239
kernel_count 51940
