0 1181
1 1175
2 1247
3 1247
4 1247
5 1176
6 1175
7 1174
8 1247
9 1247
10 1246
11 1247
12 1247
13 1247
14 1247
15 1246
16 1247
17 1247
18 1247
19 1176
20 1176
21 1176
22 1247
23 1176
24 1247
25 1247
26 1247
27 1176
28 1247
29 1104
30 1246
31 1247
65536 1253
65537 1248
65538 1247
65539 1323
65540 1394
65541 1247
65542 1177
65543 1322
65544 1322
65545 1322
65546 1105
65547 1176
65548 1175
65549 1246
65550 1175
65551 1247
65552 1247
65553 1247
65554 1247
65555 1247
65556 1247
65557 1247
65558 1247
65559 1030
65560 1247
65561 1176
65562 1247
65563 1105
65564 1176
65565 1246
65566 1030
65567 1247
131072 1034
131073 1029
131074 1030
131075 1249
131076 1249
131077 1249
131078 1249
131079 1178
131080 1178
131081 1178
131082 1249
131083 1397
131084 1683
131085 1683
131086 1247
131087 1247
131088 1103
131089 1246
131090 1176
131091 1247
131092 1246
131093 1175
131094 1246
131095 1247
131096 1247
131097 1246
131098 1246
131099 1247
131100 1247
131101 1176
131102 1246
131103 1175
196608 1254
196609 1034
196610 1248
196611 1248
196612 1323
196613 1248
196614 1248
196615 1248
196616 1176
196617 1247
196618 1175
196619 1248
196620 1248
196621 1030
196622 1176
196623 1177
196624 1176
196625 1176
196626 1176
196627 1247
196628 1246
196629 1247
196630 1247
196631 1246
196632 1247
196633 1246
196634 1247
196635 1247
196636 1246
196637 1247
196638 1322
196639 1392
262144 1037
262145 1105
262146 1105
262147 1032
262148 1105
262149 1247
262150 1174
262151 1175
262152 1245
262153 1247
262154 1176
262155 1247
262156 1247
262157 1105
262158 1247
262159 1247
262160 1030
262161 1176
262162 1246
262163 1176
262164 1104
262165 1247
262166 1105
262167 1105
262168 1105
262169 1176
262170 1176
262171 1176
262172 1104
262173 1104
262174 1104
262175 1175
327680 672
327681 747
327682 747
327683 747
327684 747
327685 1106
327686 1249
327687 1248
327688 1249
327689 1176
327690 1177
327691 1249
327692 1106
327693 1249
327694 1396
327695 1177
327696 1397
327697 1246
327698 1248
327699 1248
327700 1248
327701 1248
327702 1248
327703 1248
327704 1248
327705 1177
327706 1252
327707 1248
327708 1248
327709 1248
327710 1392
327711 1247
393216 966
393217 1175
393218 1176
393219 1249
393220 1175
393221 1175
393222 1175
393223 1176
393224 1249
393225 1249
393226 1249
393227 1248
393228 1249
393229 1249
393230 1249
393231 1248
393232 1249
393233 1324
393234 1249
393235 1249
393236 1248
393237 1106
393238 1249
393239 1249
393240 1177
393241 1249
393242 1463
393243 1247
393244 1247
393245 1247
393246 1247
393247 1247
458752 1254
458753 1106
458754 1248
458755 1247
458756 1177
458757 1248
458758 1248
458759 1251
458760 1248
458761 1248
458762 1248
458763 1248
458764 1247
458765 1177
458766 1251
458767 1248
458768 1248
458769 1177
458770 1248
458771 1248
458772 1177
458773 1177
458774 1248
458775 1177
458776 1248
458777 1248
458778 962
458779 1106
458780 1177
458781 1248
458782 1250
458783 1247
524288 1182
524289 1325
524290 1177
524291 1249
524292 1248
524293 1247
524294 1247
524295 1247
524296 1249
524297 1249
524298 1249
524299 1538
524300 1105
524301 1176
524302 1321
524303 1249
524304 1249
524305 1249
524306 1248
524307 1249
524308 1248
524309 1249
524310 1393
524311 1249
524312 1248
524313 1249
524314 1176
524315 1248
524316 1464
524317 1247
524318 1246
524319 1246
589824 1254
589825 1249
589826 1178
589827 1249
589828 1248
589829 1322
589830 1176
589831 1248
589832 1248
589833 1176
589834 1176
589835 1247
589836 1247
589837 1248
589838 1248
589839 1248
589840 1027
589841 239
589842 239
589843 239
589844 239
589845 239
589846 239
589847 239
589848 239
589849 239
589850 239
589851 239
589852 239
589853 239
589854 239
589855 239
kernel_count 48722
