0 1182
1 1177
2 1176
3 1177
4 1247
5 1248
6 1177
7 1247
8 1177
9 1177
10 1177
11 1176
12 1106
13 1247
14 1248
15 1247
16 1248
17 1176
18 1177
19 1177
20 1177
21 1248
22 1248
23 1248
24 1248
25 1394
26 1247
27 1247
28 1247
29 1246
30 1246
31 1174
65536 747
65537 745
65538 745
65539 1104
65540 1174
65541 1174
65542 745
65543 745
65544 745
65545 1247
65546 1247
65547 1247
65548 1246
65549 1246
65550 1247
65551 1247
65552 1246
65553 1246
65554 1246
65555 1247
65556 1247
65557 1247
65558 1247
65559 1176
65560 1247
65561 1247
65562 1247
65563 1247
65564 1247
65565 1247
65566 1247
65567 1247
131072 1182
131073 1246
131074 1247
131075 1246
131076 1176
131077 1175
131078 1246
131079 1247
131080 1176
131081 1176
131082 1105
131083 1176
131084 1105
131085 1176
131086 1247
131087 1247
131088 1246
131089 1246
131090 1247
131091 1247
131092 1247
131093 1247
131094 1247
131095 1105
131096 1105
131097 1246
131098 1244
131099 1246
131100 1247
131101 959
131102 959
131103 1247
196608 1182
196609 1105
196610 1248
196611 1106
196612 1248
196613 1248
196614 1030
196615 1106
196616 1248
196617 1248
196618 1247
196619 1248
196620 1248
196621 1247
196622 1393
196623 1106
196624 1248
196625 1248
196626 1247
196627 1248
196628 1248
196629 1247
196630 1393
196631 1248
196632 1323
196633 1252
196634 1392
196635 1247
196636 1247
196637 1248
196638 1392
196639 1246
262144 1109
262145 1248
262146 1248
262147 1247
262148 1248
262149 1248
262150 1177
262151 1106
262152 1248
262153 1177
262154 1248
262155 1177
262156 1106
262157 1248
262158 1177
262159 1106
262160 1248
262161 1106
262162 1106
262163 1176
262164 1322
262165 1247
262166 1247
262167 1247
262168 1247
262169 1246
262170 1246
262171 1246
262172 1175
262173 1247
262174 1246
262175 1247
327680 1253
327681 1247
327682 961
327683 1032
327684 1248
327685 1105
327686 1176
327687 1247
327688 1176
327689 1176
327690 1106
327691 1177
327692 1176
327693 1106
327694 1177
327695 1176
327696 1177
327697 1248
327698 1176
327699 1106
327700 1248
327701 1247
327702 1248
327703 1177
327704 1248
327705 1248
327706 1536
327707 1177
327708 1106
327709 1177
327710 1392
327711 1173
393216 1254
393217 1177
393218 1322
393219 1322
393220 1247
393221 1176
393222 1105
393223 1247
393224 1247
393225 1247
393226 1105
393227 1247
393228 1247
393229 1247
393230 1105
393231 1247
393232 1176
393233 1176
393234 1030
393235 1246
393236 1246
393237 1176
393238 1247
393239 1175
393240 1247
393241 1246
393242 1246
393243 1247
393244 1247
393245 1175
393246 1175
393247 1247
458752 1182
458753 1465
458754 1177
458755 1249
458756 1249
458757 1177
458758 1249
458759 1249
458760 1249
458761 1394
458762 1249
458763 1394
458764 1393
458765 1249
458766 1394
458767 1249
458768 1249
458769 1249
458770 1464
458771 1248
458772 1248
458773 1251
458774 1251
458775 1176
458776 1247
458777 1247
458778 1247
458779 1247
458780 1247
458781 1247
458782 1247
458783 1247
524288 1258
524289 1177
524290 1324
524291 1177
524292 1394
524293 1248
524294 1248
524295 1177
524296 1177
524297 1248
524298 1246
524299 1248
524300 1248
524301 1177
524302 1323
524303 1395
524304 1248
524305 1247
524306 1322
524307 1395
524308 1248
524309 1247
524310 1246
524311 1247
524312 1030
524313 1176
524314 1539
524315 1537
524316 1539
524317 1539
524318 1536
524319 1102
589824 1254
589825 1103
589826 1177
589827 1393
589828 1177
589829 1177
589830 1106
589831 1177
589832 1248
589833 1177
589834 1177
589835 1392
589836 1248
589837 1248
589838 1248
589839 1106
589840 1174
589841 1247
589842 1177
589843 1248
589844 1248
589845 1176
589846 1176
589847 1177
589848 1177
589849 1247
589850 1177
589851 1176
589852 1106
589853 1322
589854 1322
589855 1175
655360 1254
655361 1248
655362 1248
655363 1248
655364 1248
655365 1176
655366 1176
655367 1247
655368 1247
655369 1177
655370 1247
655371 1246
655372 1247
655373 1247
655374 1177
655375 1322
655376 1248
655377 1177
655378 1248
655379 1177
655380 1247
655381 1177
655382 1248
655383 1392
655384 1106
655385 1392
655386 1251
655387 1393
655388 1393
655389 1247
655390 1322
655391 1322
720896 672
720897 239
720898 239
720899 239
720900 239
720901 239
720902 239
720903 239
720904 239
720905 239
720906 239
720907 239
720908 239
720909 239
720910 239
720911 239
720912 239
720913 239
720914 239
720915 239
720916 239
720917 239
720918 239
720919 239
720920 239
720921 239
720922 239
720923 239
720924 239
720925 239
720926 239
720927 239
kernel_count 56913
