0 1182
1 1177
2 1177
3 1248
4 1177
5 1248
6 1248
7 1176
8 1177
9 1176
10 1247
11 1106
12 1248
13 1177
14 1247
15 1177
16 1177
17 1177
18 1248
19 1177
20 1248
21 1248
22 1176
23 1177
24 1177
25 1248
26 1248
27 1177
28 1251
29 1177
30 1248
31 1249
65536 748
65537 821
65538 747
65539 1106
65540 1248
65541 1106
65542 1106
65543 1177
65544 1176
65545 1247
65546 1248
65547 1177
65548 1177
65549 1248
65550 1248
65551 1248
65552 1248
65553 1176
65554 1176
65555 1247
65556 1247
65557 1176
65558 1176
65559 1030
65560 1247
65561 1177
65562 1177
65563 1177
65564 1248
65565 1322
65566 1247
65567 1247
131072 1253
131073 1247
131074 1176
131075 1247
131076 1246
131077 1247
131078 1247
131079 1176
131080 1105
131081 1105
131082 1105
131083 1247
131084 1105
131085 1247
131086 1247
131087 1247
131088 1246
131089 1247
131090 1247
131091 1247
131092 1105
131093 1247
131094 1030
131095 1247
131096 1246
131097 1103
131098 1173
131099 1247
131100 1246
131101 1247
131102 1247
131103 1247
196608 1182
196609 1248
196610 1248
196611 1248
196612 1248
196613 1247
196614 1106
196615 1175
196616 1248
196617 1248
196618 1248
196619 1028
196620 1177
196621 1177
196622 1248
196623 1247
196624 1248
196625 1247
196626 1248
196627 1247
196628 1247
196629 1105
196630 1247
196631 1248
196632 1322
196633 1248
196634 1322
196635 1175
196636 1175
196637 1175
196638 1175
196639 1175
262144 748
262145 1249
262146 1249
262147 1034
262148 1248
262149 1249
262150 1248
262151 1249
262152 1323
262153 1249
262154 1177
262155 1248
262156 1177
262157 1104
262158 1249
262159 1611
262160 1177
262161 1177
262162 1106
262163 1106
262164 1177
262165 1249
262166 1248
262167 1248
262168 1249
262169 1248
262170 1249
262171 1176
262172 1248
262173 1464
262174 1247
262175 1244
327680 1252
327681 1248
327682 1248
327683 1249
327684 1176
327685 1177
327686 1249
327687 1248
327688 1248
327689 1177
327690 1248
327691 1248
327692 1249
327693 1324
327694 1177
327695 1324
327696 1177
327697 1324
327698 1177
327699 1177
327700 1254
327701 1177
327702 1539
327703 1538
327704 1322
327705 1175
327706 1175
327707 1247
327708 1247
327709 1246
327710 1246
327711 1246
393216 1253
393217 1247
393218 1247
393219 1247
393220 1247
393221 1247
393222 1248
393223 1321
393224 1177
393225 1248
393226 1106
393227 1249
393228 1607
393229 1247
393230 1247
393231 1175
393232 1246
393233 1247
393234 1247
393235 1247
393236 1176
393237 1247
393238 1176
393239 1247
393240 1176
393241 1103
393242 1103
393243 1175
393244 1176
393245 1247
393246 1247
393247 1247
458752 747
458753 747
458754 963
458755 1034
458756 746
458757 746
458758 747
458759 746
458760 1105
458761 1247
458762 1247
458763 1322
458764 1176
458765 1176
458766 1247
458767 1247
458768 1247
458769 1247
458770 1176
458771 1247
458772 1247
458773 1247
458774 1247
458775 1246
458776 1246
458777 1247
458778 1246
458779 1244
458780 1245
458781 1245
458782 1245
458783 1245
524288 1254
524289 1247
524290 1248
524291 1248
524292 1177
524293 1248
524294 1248
524295 1248
524296 1177
524297 1177
524298 1177
524299 1248
524300 1248
524301 1106
524302 1177
524303 1248
524304 1248
524305 1106
524306 1392
524307 1393
524308 1248
524309 1247
524310 1467
524311 1248
524312 1248
524313 1248
524314 1248
524315 1248
524316 1248
524317 1391
524318 1247
524319 1247
589824 1254
589825 1177
589826 1248
589827 1248
589828 1248
589829 1248
589830 1177
589831 1248
589832 1248
589833 1248
589834 1176
589835 958
589836 239
589837 239
589838 239
589839 239
589840 239
589841 239
589842 239
589843 239
589844 239
589845 239
589846 239
589847 239
589848 239
589849 239
589850 239
589851 239
589852 239
589853 239
589854 239
589855 239
kernel_count 47731
