0 1181
1 1248
2 1248
3 1177
4 1177
5 1106
6 1247
7 1247
8 1247
9 1177
10 1247
11 1177
12 1247
13 1177
14 1248
15 1248
16 1248
17 1177
18 1248
19 1248
20 1248
21 1322
22 1322
23 1247
24 1245
25 1247
26 1247
27 1030
28 1030
29 1105
30 1247
31 1247
65536 1182
65537 1177
65538 1177
65539 963
65540 963
65541 1106
65542 1180
65543 1180
65544 1180
65545 1248
65546 1248
65547 1248
65548 1180
65549 1180
65550 1180
65551 1248
65552 1248
65553 1248
65554 1248
65555 1180
65556 1180
65557 1180
65558 1248
65559 1248
65560 1105
65561 1248
65562 1251
65563 1105
65564 1030
65565 1247
65566 1247
65567 1247
131072 1330
131073 1392
131074 1248
131075 1106
131076 1106
131077 1248
131078 1248
131079 1321
131080 1322
131081 1246
131082 1321
131083 1248
131084 1248
131085 1248
131086 1248
131087 1322
131088 1176
131089 1322
131090 1247
131091 1321
131092 1247
131093 1247
131094 1247
131095 1247
131096 1176
131097 1247
131098 1247
131099 1247
131100 1176
131101 1247
131102 1247
131103 1175
196608 748
196609 1033
196610 1177
196611 1247
196612 1248
196613 1248
196614 1248
196615 1105
196616 1177
196617 1106
196618 1176
196619 1247
196620 1248
196621 1105
196622 1322
196623 1248
196624 1246
196625 1106
196626 1106
196627 1248
196628 1175
196629 1248
196630 1325
196631 1464
196632 1248
196633 1105
196634 1321
196635 1247
196636 1105
196637 1177
196638 1322
196639 1247
262144 1038
262145 1249
262146 1249
262147 1394
262148 1105
262149 1249
262150 1249
262151 1248
262152 1248
262153 1249
262154 1249
262155 1251
262156 1029
262157 1177
262158 1177
262159 1177
262160 1106
262161 1395
262162 1252
262163 1394
262164 1393
262165 1177
262166 1394
262167 1252
262168 1249
262169 1248
262170 1177
262171 1248
262172 1464
262173 1177
262174 1251
262175 1173
327680 1254
327681 1177
327682 1252
327683 1177
327684 1249
327685 1175
327686 1106
327687 1105
327688 1394
327689 1395
327690 1249
327691 1175
327692 1249
327693 1248
327694 1176
327695 1106
327696 1030
327697 1248
327698 1249
327699 1176
327700 1106
327701 1177
327702 1325
327703 1324
327704 1611
327705 1324
327706 1324
327707 1324
327708 1466
327709 1322
327710 1248
327711 1321
393216 1182
393217 1469
393218 1106
393219 1322
393220 1247
393221 1247
393222 1248
393223 1248
393224 1106
393225 1467
393226 1467
393227 1177
393228 1248
393229 1247
393230 1247
393231 1248
393232 1177
393233 1177
393234 1177
393235 1177
393236 1248
393237 1247
393238 1105
393239 1175
393240 1176
393241 1248
393242 1176
393243 1177
393244 1322
393245 1247
393246 1247
393247 1247
458752 1181
458753 1254
458754 1178
458755 1107
458756 1107
458757 1107
458758 1107
458759 1107
458760 1178
458761 1250
458762 1466
458763 1248
458764 1393
458765 1106
458766 1248
458767 1247
458768 1247
458769 1177
458770 1247
458771 1176
458772 1248
458773 1247
458774 1248
458775 1248
458776 1248
458777 1177
458778 1248
458779 1248
458780 1175
458781 239
458782 239
458783 239
kernel_count 40670
