0 1182
1 1177
2 1248
3 1248
4 1177
5 1248
6 1248
7 1248
8 1248
9 1248
10 1248
11 1248
12 1247
13 1248
14 1248
15 1177
16 1106
17 1177
18 1248
19 1248
20 1248
21 1248
22 1253
23 1324
24 1181
25 1176
26 1177
27 1177
28 1248
29 1177
30 1468
31 1396
65536 1253
65537 1249
65538 1249
65539 1249
65540 1248
65541 1177
65542 1247
65543 1249
65544 1249
65545 1249
65546 1177
65547 1249
65548 1249
65549 1249
65550 1249
65551 1248
65552 1249
65553 1248
65554 1249
65555 1249
65556 1466
65557 1538
65558 1177
65559 1249
65560 1538
65561 1175
65562 1176
65563 1028
65564 1176
65565 1176
65566 1245
65567 1245
131072 1182
131073 1177
131074 1248
131075 1247
131076 1246
131077 1323
131078 1323
131079 1248
131080 1248
131081 1393
131082 1105
131083 1177
131084 1248
131085 1322
131086 1175
131087 1176
131088 1247
131089 1174
131090 1247
131091 1247
131092 1176
131093 1176
131094 1247
131095 1247
131096 1247
131097 1105
131098 1175
131099 1247
131100 1104
131101 1247
131102 1172
131103 1028
196608 1254
196609 1248
196610 1035
196611 1248
196612 1030
196613 1177
196614 1176
196615 1247
196616 1248
196617 1177
196618 1175
196619 1176
196620 1106
196621 1105
196622 1106
196623 1106
196624 1105
196625 1106
196626 1106
196627 1105
196628 1106
196629 1248
196630 1175
196631 1179
196632 1179
196633 1248
196634 814
196635 1250
196636 1248
196637 1322
196638 1102
196639 1175
262144 1330
262145 1175
262146 1247
262147 1247
262148 1176
262149 1247
262150 1247
262151 1105
262152 1176
262153 1030
262154 1105
262155 1176
262156 1247
262157 1247
262158 1247
262159 1176
262160 1030
262161 1176
262162 1175
262163 1175
262164 1175
262165 1105
262166 1176
262167 1029
262168 1175
262169 1176
262170 1029
262171 1175
262172 1175
262173 1247
262174 1246
262175 1247
327680 1258
327681 1251
327682 1252
327683 1325
327684 1176
327685 1249
327686 1249
327687 1249
327688 1249
327689 1325
327690 1466
327691 1325
327692 1249
327693 1249
327694 1466
327695 1248
327696 1248
327697 1248
327698 1247
327699 1248
327700 1248
327701 1247
327702 1248
327703 1247
327704 1105
327705 1105
327706 1105
327707 1175
327708 1177
327709 1177
327710 1248
327711 1466
393216 1254
393217 1248
393218 1248
393219 1393
393220 1106
393221 1247
393222 1175
393223 1247
393224 1105
393225 1247
393226 1247
393227 1181
393228 1323
393229 1181
393230 1248
393231 1321
393232 1176
393233 1176
393234 1176
393235 1247
393236 1247
393237 1247
393238 1247
393239 1176
393240 1247
393241 1176
393242 1247
393243 1105
393244 1175
393245 1176
393246 1246
393247 1175
458752 1254
458753 1467
458754 747
458755 1247
458756 1248
458757 1248
458758 1248
458759 1176
458760 1105
458761 1393
458762 1248
458763 1105
458764 1248
458765 1177
458766 1104
458767 1176
458768 1176
458769 1030
458770 1247
458771 1248
458772 1322
458773 1246
458774 1246
458775 1246
458776 1247
458777 1105
458778 1105
458779 1247
458780 1247
458781 1247
458782 1034
458783 1247
524288 1254
524289 1105
524290 1247
524291 1248
524292 1248
524293 1177
524294 958
524295 1106
524296 1177
524297 1248
524298 1248
524299 1248
524300 1248
524301 1176
524302 1248
524303 1247
524304 1247
524305 1248
524306 1248
524307 1248
524308 1320
524309 1247
524310 1176
524311 1176
524312 1246
524313 1247
524314 1247
524315 1247
524316 1176
524317 1247
524318 1247
524319 1175
589824 1254
589825 743
589826 669
589827 239
589828 239
589829 239
589830 239
589831 239
589832 239
589833 239
589834 239
589835 239
589836 239
589837 239
589838 239
589839 239
589840 239
589841 239
589842 239
589843 239
589844 239
589845 239
589846 239
589847 239
589848 239
589849 239
589850 239
589851 239
589852 239
589853 239
589854 239
589855 239
kernel_count 46681
