0 1254
1 1175
2 1247
3 1247
4 1247
5 1175
6 1247
7 1247
8 1247
9 1247
10 1247
11 1247
12 1247
13 1175
14 1247
15 1247
16 1247
17 1175
18 1247
19 1247
20 1247
21 1247
22 1247
23 1247
24 1247
25 1175
26 1247
27 1247
28 1247
29 1175
30 1247
31 1247
65536 748
65537 747
65538 747
65539 1321
65540 1248
65541 1177
65542 1247
65543 1248
65544 1246
65545 1248
65546 1177
65547 1322
65548 1248
65549 1246
65550 1176
65551 1248
65552 1248
65553 1248
65554 1247
65555 1175
65556 1248
65557 1177
65558 1322
65559 1175
65560 1175
65561 1175
65562 1175
65563 1246
65564 1175
65565 1247
65566 1246
65567 1246
131072 1038
131073 1035
131074 1247
131075 1248
131076 1176
131077 1248
131078 1249
131079 1030
131080 1249
131081 1682
131082 1248
131083 1248
131084 1247
131085 1248
131086 1248
131087 1248
131088 1253
131089 1248
131090 1248
131091 1248
131092 1248
131093 1324
131094 1324
131095 1324
131096 1324
131097 1324
131098 1324
131099 1536
131100 1536
131101 1175
131102 1175
131103 1175
196608 1110
196609 1248
196610 1175
196611 1176
196612 1177
196613 1106
196614 1248
196615 1030
196616 1177
196617 1176
196618 1248
196619 1247
196620 1247
196621 1177
196622 1106
196623 1176
196624 1536
196625 1249
196626 1245
196627 1245
196628 1245
196629 1245
196630 1245
196631 1246
196632 1245
196633 1103
196634 1245
196635 1245
196636 1104
196637 1245
196638 1245
196639 1245
262144 746
262145 746
262146 1325
262147 1034
262148 1106
262149 1463
262150 1250
262151 1248
262152 1465
262153 1248
262154 1248
262155 1247
262156 1247
262157 1248
262158 1105
262159 1175
262160 1176
262161 1175
262162 1170
262163 239
262164 239
262165 239
262166 239
262167 239
262168 239
262169 239
262170 239
262171 239
262172 239
262173 239
262174 239
262175 239
kernel_count 23625
