0 1254
1 1247
2 1248
3 1248
4 1248
5 1248
6 1248
7 1248
8 1248
9 1248
10 1248
11 1177
12 1177
13 1248
14 1468
15 1177
16 1248
17 1468
18 1176
19 1034
20 1177
21 1248
22 1397
23 1176
24 1248
25 1468
26 1468
27 1176
28 1247
29 1247
30 1247
31 1247
65536 1253
65537 1247
65538 1247
65539 1247
65540 1247
65541 1246
65542 1247
65543 1030
65544 1175
65545 1247
65546 1176
65547 1247
65548 1105
65549 1104
65550 1247
65551 1105
65552 1105
65553 1247
65554 1105
65555 1105
65556 1105
65557 1105
65558 1176
65559 1247
65560 1247
65561 1247
65562 1176
65563 1246
65564 1245
65565 1247
65566 1175
65567 1175
131072 1253
131073 1177
131074 1248
131075 1248
131076 1248
131077 1248
131078 1177
131079 1248
131080 1252
131081 1248
131082 1177
131083 1177
131084 1252
131085 1177
131086 1248
131087 1248
131088 1247
131089 1177
131090 1323
131091 1176
131092 1248
131093 1248
131094 1248
131095 1248
131096 1106
131097 1248
131098 1248
131099 1177
131100 1248
131101 1392
131102 1247
131103 1247
196608 1254
196609 1106
196610 1177
196611 1249
196612 1249
196613 1177
196614 1106
196615 1177
196616 1248
196617 1177
196618 1249
196619 1391
196620 1248
196621 1248
196622 1248
196623 1030
196624 1176
196625 1177
196626 1176
196627 1248
196628 1248
196629 1247
196630 1247
196631 1176
196632 1248
196633 1248
196634 1180
196635 1109
196636 1176
196637 1247
196638 1247
196639 1173
262144 1253
262145 1248
262146 1175
262147 1106
262148 1249
262149 1177
262150 1248
262151 1249
262152 1249
262153 1177
262154 1248
262155 1249
262156 1249
262157 1249
262158 1465
262159 1247
262160 1176
262161 1248
262162 1248
262163 1248
262164 1248
262165 1177
262166 1248
262167 1106
262168 1469
262169 1467
262170 1105
262171 1248
262172 1105
262173 1395
262174 1245
262175 1173
327680 1401
327681 1246
327682 1175
327683 1175
327684 1175
327685 1175
327686 1248
327687 1322
327688 1321
327689 1321
327690 1247
327691 1246
327692 1104
327693 1174
327694 1175
327695 1247
327696 1246
327697 1248
327698 1248
327699 1176
327700 963
327701 1393
327702 1248
327703 1248
327704 1247
327705 1105
327706 1247
327707 1106
327708 1247
327709 1106
327710 1321
327711 1247
393216 1181
393217 1106
393218 1248
393219 1106
393220 1248
393221 1322
393222 1247
393223 1393
393224 1248
393225 1247
393226 1322
393227 1248
393228 1176
393229 1248
393230 1248
393231 1176
393232 1177
393233 1106
393234 1395
393235 1321
393236 1246
393237 1246
393238 1105
393239 1176
393240 1246
393241 1247
393242 1246
393243 1105
393244 1247
393245 1029
393246 1247
393247 1247
458752 894
458753 1394
458754 1178
458755 1249
458756 1249
458757 1464
458758 1248
458759 1177
458760 1030
458761 1177
458762 1106
458763 1106
458764 1106
458765 1252
458766 1248
458767 1322
458768 1247
458769 1106
458770 1248
458771 1322
458772 1323
458773 1393
458774 1323
458775 1177
458776 1106
458777 1248
458778 1323
458779 1248
458780 1322
458781 1175
458782 1175
458783 1247
524288 1253
524289 1106
524290 1248
524291 1248
524292 1248
524293 1105
524294 1177
524295 1177
524296 1106
524297 1248
524298 1247
524299 1247
524300 1247
524301 1248
524302 1248
524303 1248
524304 1177
524305 1248
524306 1248
524307 1247
524308 1102
524309 1102
524310 954
524311 239
524312 239
524313 239
524314 239
524315 239
524316 239
524317 239
524318 239
524319 239
kernel_count 44811
