0 1254
1 1247
2 1392
3 1247
4 1392
5 1247
6 1247
7 1247
8 1247
9 1176
10 1246
11 1176
12 1247
13 1247
14 1247
15 1247
16 1247
17 1176
18 1247
19 1247
20 1033
21 1175
22 1103
23 1103
24 1103
25 1103
26 1104
27 1175
28 1102
29 1102
30 1102
31 1102
65536 1110
65537 1247
65538 1246
65539 1248
65540 1177
65541 1392
65542 1177
65543 1248
65544 1248
65545 1105
65546 1177
65547 1247
65548 1177
65549 1248
65550 1248
65551 1177
65552 1248
65553 1248
65554 1034
65555 1034
65556 1176
65557 1247
65558 1177
65559 1248
65560 1248
65561 1030
65562 1177
65563 1177
65564 1106
65565 1177
65566 1248
65567 1392
131072 1254
131073 1248
131074 1248
131075 1248
131076 1176
131077 1176
131078 1177
131079 1248
131080 1177
131081 1248
131082 1106
131083 1177
131084 1248
131085 1248
131086 1248
131087 1248
131088 1248
131089 1248
131090 1176
131091 1030
131092 1322
131093 1177
131094 1248
131095 1177
131096 1248
131097 1247
131098 1176
131099 1247
131100 1247
131101 1248
131102 1246
131103 1396
196608 1261
196609 1177
196610 1105
196611 1182
196612 1249
196613 1541
196614 1248
196615 1248
196616 1247
196617 1176
196618 1248
196619 1322
196620 1030
196621 1248
196622 1322
196623 1247
196624 1247
196625 1246
196626 1247
196627 1176
196628 1247
196629 1245
196630 1247
196631 1247
196632 1247
196633 1247
196634 1246
196635 1247
196636 1247
196637 1247
196638 1246
196639 1247
262144 748
262145 747
262146 1177
262147 1249
262148 1106
262149 1249
262150 1176
262151 1249
262152 1176
262153 1249
262154 1177
262155 1248
262156 1249
262157 1176
262158 1249
262159 1177
262160 1249
262161 1249
262162 1176
262163 1249
262164 1464
262165 1177
262166 1392
262167 1247
262168 1105
262169 1247
262170 1247
262171 1247
262172 1246
262173 1175
262174 1176
262175 1247
327680 1254
327681 1249
327682 1464
327683 1249
327684 1247
327685 1247
327686 1247
327687 1249
327688 1462
327689 1247
327690 1105
327691 1247
327692 1247
327693 1105
327694 1247
327695 1247
327696 1105
327697 1176
327698 1105
327699 1176
327700 1176
327701 1030
327702 1030
327703 1175
327704 1175
327705 1030
327706 1030
327707 1246
327708 1247
327709 1247
327710 1247
327711 1175
393216 1253
393217 1465
393218 1177
393219 1248
393220 1177
393221 1177
393222 1106
393223 1323
393224 1248
393225 1106
393226 1106
393227 1248
393228 1106
393229 1034
393230 1106
393231 1177
393232 1247
393233 1177
393234 1177
393235 1247
393236 1248
393237 1248
393238 1176
393239 1393
393240 1321
393241 1247
393242 1176
393243 1248
393244 1251
393245 1251
393246 1251
393247 1175
458752 748
458753 1465
458754 1247
458755 1248
458756 1176
458757 1106
458758 1247
458759 1248
458760 1106
458761 1177
458762 1248
458763 1248
458764 1247
458765 1248
458766 1248
458767 1177
458768 1034
458769 1248
458770 1247
458771 1248
458772 1248
458773 1248
458774 1248
458775 1248
458776 1248
458777 1248
458778 1033
458779 1395
458780 1247
458781 1105
458782 1247
458783 1175
524288 965
524289 1249
524290 1106
524291 1249
524292 1248
524293 1249
524294 1247
524295 1176
524296 1177
524297 1248
524298 1248
524299 1247
524300 1176
524301 1176
524302 1249
524303 1249
524304 1249
524305 1324
524306 1177
524307 1249
524308 1394
524309 1249
524310 1464
524311 1177
524312 1248
524313 1248
524314 1248
524315 1177
524316 1248
524317 1321
524318 1030
524319 1247
589824 1182
589825 1249
589826 1248
589827 1248
589828 1248
589829 1248
589830 1249
589831 1107
589832 964
589833 1393
589834 1247
589835 1177
589836 1177
589837 1248
589838 1248
589839 1248
589840 1247
589841 1248
589842 1031
589843 1247
589844 1248
589845 1248
589846 1248
589847 1248
589848 1249
589849 239
589850 239
589851 239
589852 239
589853 239
589854 239
589855 239
kernel_count 49748
