0 1254
1 1395
2 1248
3 1248
4 1248
5 1248
6 1248
7 1395
8 1396
9 1248
10 1248
11 1248
12 1248
13 1395
14 1248
15 1248
16 1248
17 1248
18 1248
19 1395
20 1396
21 1248
22 1248
23 1248
24 1177
25 1177
26 1177
27 1177
28 1248
29 1249
30 1250
31 1103
65536 747
65537 746
65538 1177
65539 1248
65540 1248
65541 1248
65542 1106
65543 1394
65544 1393
65545 1176
65546 1251
65547 1394
65548 1248
65549 1248
65550 1247
65551 1175
65552 1248
65553 1106
65554 1106
65555 1248
65556 1248
65557 1177
65558 1248
65559 1321
65560 1248
65561 1248
65562 1247
65563 1323
65564 1321
65565 1392
65566 1320
65567 1320
131072 824
131073 1322
131074 1246
131075 1247
131076 1246
131077 1175
131078 1246
131079 1174
131080 1247
131081 1176
131082 1175
131083 1176
131084 1246
131085 1105
131086 1105
131087 1104
131088 1247
131089 1246
131090 1247
131091 1245
131092 1175
131093 1247
131094 1247
131095 962
131096 1104
131097 1247
131098 1246
131099 1247
131100 1245
131101 1176
131102 1246
131103 1175
196608 1254
196609 1248
196610 1248
196611 1248
196612 1177
196613 1177
196614 1248
196615 1177
196616 1248
196617 1248
196618 1248
196619 1248
196620 1248
196621 1248
196622 1248
196623 1248
196624 1248
196625 1248
196626 1322
196627 1322
196628 1177
196629 1248
196630 1106
196631 1177
196632 1248
196633 1248
196634 1247
196635 1247
196636 1105
196637 1322
196638 1247
196639 1175
262144 1254
262145 1248
262146 1464
262147 1248
262148 1248
262149 1034
262150 1176
262151 1176
262152 1176
262153 1106
262154 1177
262155 1177
262156 1322
262157 1248
262158 1248
262159 1322
262160 1247
262161 1251
262162 1251
262163 1248
262164 1248
262165 1247
262166 1177
262167 1106
262168 1248
262169 1248
262170 1177
262171 1320
262172 1247
262173 1175
262174 1174
262175 1248
327680 1180
327681 1325
327682 1324
327683 1246
327684 1033
327685 1033
327686 1033
327687 1033
327688 1033
327689 1033
327690 1033
327691 1175
327692 1247
327693 1176
327694 1246
327695 1247
327696 1247
327697 1033
327698 1033
327699 1248
327700 1393
327701 1248
327702 1248
327703 1177
327704 1322
327705 1248
327706 1248
327707 1248
327708 1104
327709 1104
327710 1180
327711 1179
393216 1254
393217 1248
393218 1248
393219 1252
393220 1392
393221 1248
393222 1176
393223 1247
393224 1248
393225 1248
393226 1253
393227 1247
393228 1248
393229 1248
393230 1105
393231 1106
393232 1247
393233 1177
393234 1176
393235 1248
393236 1176
393237 1177
393238 1393
393239 1246
393240 1248
393241 1248
393242 1394
393243 1176
393244 1248
393245 1323
393246 1396
393247 1396
458752 1258
458753 1323
458754 1177
458755 1106
458756 1177
458757 1106
458758 1177
458759 1248
458760 1177
458761 1177
458762 1248
458763 1177
458764 1248
458765 1106
458766 1106
458767 1034
458768 1177
458769 1177
458770 1030
458771 1248
458772 1106
458773 1248
458774 1392
458775 1176
458776 1392
458777 1176
458778 1248
458779 1248
458780 1248
458781 1248
458782 1247
458783 1322
524288 748
524289 968
524290 892
524291 1110
524292 823
524293 1398
524294 1249
524295 1176
524296 1176
524297 1682
524298 1395
524299 1325
524300 1682
524301 1394
524302 1252
524303 1249
524304 1464
524305 1249
524306 1463
524307 1247
524308 1247
524309 1247
524310 1176
524311 1247
524312 1247
524313 1248
524314 1106
524315 1248
524316 1177
524317 1177
524318 1177
524319 1322
589824 1258
589825 1030
589826 747
589827 1182
589828 1249
589829 1396
589830 1177
589831 1249
589832 1176
589833 1248
589834 1177
589835 1249
589836 1176
589837 1030
589838 1248
589839 1248
589840 1466
589841 1467
589842 1249
589843 1248
589844 1177
589845 1249
589846 1253
589847 1249
589848 1249
589849 1249
589850 1106
589851 1609
589852 1246
589853 1030
589854 1105
589855 1247
655360 1182
655361 1106
655362 1177
655363 1248
655364 1248
655365 1248
655366 1248
655367 1248
655368 1323
655369 1247
655370 1248
655371 1252
655372 1248
655373 1247
655374 1248
655375 1106
655376 1177
655377 1177
655378 1392
655379 1248
655380 1248
655381 1175
655382 1321
655383 1246
655384 1246
655385 1246
655386 1247
655387 1247
655388 1246
655389 1176
655390 1246
655391 1247
720896 1110
720897 1249
720898 1399
720899 1249
720900 1395
720901 1249
720902 1248
720903 1247
720904 1248
720905 1247
720906 1249
720907 1249
720908 1178
720909 1178
720910 1031
720911 1249
720912 1177
720913 1182
720914 1325
720915 1393
720916 1249
720917 1178
720918 1249
720919 1249
720920 1536
720921 1246
720922 1172
720923 239
720924 239
720925 239
720926 239
720927 239
kernel_count 60950
