0 1254
1 1247
2 1248
3 1248
4 1248
5 1248
6 1323
7 1176
8 1248
9 1248
10 1248
11 1248
12 1248
13 1248
14 1323
15 1176
16 1248
17 1177
18 1248
19 1248
20 1248
21 1248
22 1323
23 1176
24 1248
25 1248
26 1248
27 1181
28 1394
29 1247
30 1247
31 1247
65536 1253
65537 1248
65538 1247
65539 1248
65540 1248
65541 1106
65542 1177
65543 1247
65544 1248
65545 1106
65546 1248
65547 1106
65548 1248
65549 1248
65550 1106
65551 1177
65552 1248
65553 1248
65554 1177
65555 1106
65556 1248
65557 1177
65558 1248
65559 1177
65560 1250
65561 1250
65562 1247
65563 1247
65564 1247
65565 1247
65566 1104
65567 1175
131072 1254
131073 1177
131074 1249
131075 1248
131076 1248
131077 1249
131078 1176
131079 1249
131080 958
131081 1249
131082 1249
131083 1248
131084 1248
131085 1249
131086 1177
131087 1249
131088 1249
131089 1249
131090 1177
131091 1248
131092 1248
131093 1248
131094 1029
131095 1249
131096 1249
131097 1464
131098 1247
131099 1175
131100 1175
131101 1034
131102 1247
131103 1245
196608 894
196609 1177
196610 1177
196611 1248
196612 1248
196613 1248
196614 1248
196615 1177
196616 1248
196617 1251
196618 1177
196619 1248
196620 1177
196621 1322
196622 1176
196623 1176
196624 1175
196625 1104
196626 1104
196627 1104
196628 1104
196629 1104
196630 1104
196631 1104
196632 1247
196633 1247
196634 1247
196635 1105
196636 1247
196637 1246
196638 1247
196639 1244
262144 1401
262145 1247
262146 1248
262147 1248
262148 1248
262149 1175
262150 1104
262151 1248
262152 1247
262153 1105
262154 957
262155 1322
262156 1253
262157 1176
262158 1248
262159 1248
262160 1177
262161 1177
262162 1177
262163 1248
262164 1248
262165 1247
262166 1105
262167 1034
262168 1248
262169 1469
262170 1469
262171 1397
262172 1469
262173 1105
262174 1246
262175 1103
327680 1034
327681 1247
327682 1251
327683 1248
327684 1177
327685 1248
327686 1248
327687 1248
327688 1177
327689 1248
327690 1248
327691 1177
327692 1248
327693 1248
327694 1322
327695 1248
327696 1177
327697 1322
327698 1176
327699 1321
327700 1250
327701 1321
327702 1246
327703 1247
327704 1246
327705 1246
327706 1246
327707 1246
327708 1247
327709 1247
327710 1247
327711 1247
393216 1110
393217 1105
393218 1177
393219 1248
393220 1248
393221 1393
393222 1176
393223 1248
393224 1248
393225 1248
393226 1030
393227 1248
393228 1106
393229 1248
393230 1248
393231 1248
393232 1248
393233 1248
393234 1177
393235 1177
393236 1248
393237 1177
393238 1177
393239 1248
393240 1177
393241 1398
393242 1399
393243 1104
393244 1176
393245 1247
393246 1247
393247 1247
458752 1471
458753 1247
458754 1247
458755 1248
458756 1248
458757 1177
458758 1247
458759 1177
458760 1106
458761 1247
458762 1248
458763 1248
458764 1177
458765 1464
458766 1175
458767 1247
458768 1247
458769 1247
458770 1247
458771 1247
458772 1176
458773 1176
458774 1247
458775 1247
458776 1176
458777 1105
458778 1176
458779 1176
458780 1175
458781 1246
458782 1247
458783 1246
524288 1109
524289 746
524290 1394
524291 1249
524292 1249
524293 1249
524294 1249
524295 1248
524296 1249
524297 1249
524298 1177
524299 1177
524300 1106
524301 1248
524302 1324
524303 1249
524304 1249
524305 1106
524306 1249
524307 1176
524308 1176
524309 1177
524310 1175
524311 1249
524312 1251
524313 1322
524314 1249
524315 1249
524316 1248
524317 1465
524318 1464
524319 1321
589824 1254
589825 1177
589826 1248
589827 1031
589828 1248
589829 1106
589830 1106
589831 1247
589832 1177
589833 1247
589834 1248
589835 1248
589836 1248
589837 1248
589838 1248
589839 1248
589840 734
589841 239
589842 239
589843 239
589844 239
589845 239
589846 239
589847 239
589848 239
589849 239
589850 239
589851 239
589852 239
589853 239
589854 239
589855 239
kernel_count 49027
