0 1399
1 1034
2 1247
3 1178
4 1177
5 1106
6 1248
7 1177
8 1247
9 1248
10 1106
11 1248
12 1106
13 1248
14 1247
15 1391
16 1034
17 1247
18 1178
19 1176
20 1105
21 1247
22 1176
23 1246
24 1247
25 1105
26 1247
27 1105
28 1176
29 1246
30 1246
31 1175
65536 1253
65537 1247
65538 1247
65539 1248
65540 1247
65541 1177
65542 1248
65543 1176
65544 1248
65545 1248
65546 1248
65547 1176
65548 1177
65549 1247
65550 1175
65551 1175
65552 1246
65553 1248
65554 1248
65555 1248
65556 1248
65557 1248
65558 1030
65559 1248
65560 1248
65561 1248
65562 1396
65563 1396
65564 1030
65565 1175
65566 1246
65567 1247
131072 1400
131073 1248
131074 1106
131075 1249
131076 1249
131077 1249
131078 1249
131079 1106
131080 1177
131081 1176
131082 1176
131083 1106
131084 1249
131085 1249
131086 1176
131087 1106
131088 1106
131089 1249
131090 1249
131091 1176
131092 1249
131093 1249
131094 1249
131095 1249
131096 1177
131097 1249
131098 1249
131099 1463
131100 1105
131101 1247
131102 1247
131103 1173
196608 748
196609 1391
196610 1106
196611 1177
196612 1392
196613 1248
196614 1248
196615 1248
196616 1248
196617 1392
196618 1247
196619 1247
196620 1247
196621 1247
196622 1247
196623 1247
196624 1247
196625 1246
196626 1246
196627 1246
196628 1247
196629 1247
196630 1245
196631 1247
196632 1247
196633 1247
196634 1247
196635 1247
196636 1246
196637 1246
196638 1246
196639 1174
262144 1181
262145 1466
262146 1466
262147 1247
262148 1247
262149 1177
262150 1247
262151 1392
262152 1175
262153 1323
262154 1248
262155 1248
262156 1248
262157 1394
262158 1393
262159 1394
262160 1176
262161 1321
262162 1321
262163 1104
262164 1252
262165 1323
262166 1392
262167 1177
262168 1248
262169 1248
262170 1322
262171 1392
262172 1030
262173 1247
262174 1247
262175 1175
327680 1181
327681 1248
327682 1248
327683 1248
327684 1247
327685 1105
327686 1106
327687 1177
327688 1177
327689 1177
327690 1177
327691 1175
327692 1249
327693 1176
327694 1178
327695 1176
327696 1249
327697 1178
327698 1177
327699 1249
327700 1249
327701 1249
327702 1465
327703 1467
327704 1177
327705 1176
327706 1247
327707 1248
327708 1321
327709 1247
327710 1176
327711 1247
393216 1254
393217 1248
393218 1249
393219 1178
393220 1248
393221 1465
393222 1248
393223 1249
393224 1465
393225 1248
393226 1177
393227 1177
393228 1035
393229 1247
393230 1248
393231 1177
393232 1248
393233 1106
393234 1106
393235 1179
393236 1106
393237 1106
393238 1177
393239 1177
393240 1106
393241 1248
393242 1247
393243 1248
393244 1321
393245 1247
393246 1247
393247 1175
458752 1254
458753 1248
458754 1249
458755 1394
458756 1394
458757 1393
458758 963
458759 1177
458760 1177
458761 1249
458762 1176
458763 1395
458764 1324
458765 1176
458766 1466
458767 1394
458768 1466
458769 1177
458770 1251
458771 1609
458772 1395
458773 1249
458774 1395
458775 1395
458776 1248
458777 1466
458778 1247
458779 1105
458780 1247
458781 1247
458782 1247
458783 1174
524288 1254
524289 1249
524290 1249
524291 1825
524292 1826
524293 1247
524294 1248
524295 1248
524296 1248
524297 1248
524298 1105
524299 1106
524300 1247
524301 1248
524302 1177
524303 1322
524304 1106
524305 1248
524306 1180
524307 1177
524308 1029
524309 1030
524310 1248
524311 1177
524312 1177
524313 1177
524314 1248
524315 1247
524316 1251
524317 1322
524318 1246
524319 1246
589824 1182
589825 1248
589826 1038
589827 746
589828 747
589829 746
589830 1177
589831 1248
589832 1252
589833 1248
589834 1177
589835 1248
589836 1177
589837 963
589838 1247
589839 1247
589840 1391
589841 1246
589842 1246
589843 1105
589844 1030
589845 1105
589846 1105
589847 1105
589848 1176
589849 1247
589850 1247
589851 1176
589852 1247
589853 1247
589854 1247
589855 1247
655360 1182
655361 1247
655362 1247
655363 1248
655364 1176
655365 1176
655366 1177
655367 1249
655368 1463
655369 1177
655370 1249
655371 1106
655372 1248
655373 1249
655374 1249
655375 1249
655376 1248
655377 1177
655378 1177
655379 1249
655380 1249
655381 1249
655382 1249
655383 1030
655384 1249
655385 1106
655386 1252
655387 1249
655388 1249
655389 1464
655390 1251
655391 1247
720896 1253
720897 1249
720898 1249
720899 1177
720900 1177
720901 1249
720902 1250
720903 1396
720904 1178
720905 1250
720906 1250
720907 1466
720908 1612
720909 1249
720910 1612
720911 1538
720912 1248
720913 1030
720914 239
720915 239
720916 239
720917 239
720918 239
720919 239
720920 239
720921 239
720922 239
720923 239
720924 239
720925 239
720926 239
720927 239
kernel_count 60026
