0 1253
1 1177
2 1464
3 1177
4 1463
5 1177
6 1248
7 1177
8 1464
9 1177
10 1463
11 1177
12 1248
13 1248
14 1463
15 1463
16 1176
17 1176
18 1175
19 1246
20 1246
21 1247
22 1246
23 1247
24 1247
25 1247
26 1246
27 1175
28 1247
29 1247
30 1247
31 1247
65536 1254
65537 1248
65538 1248
65539 1248
65540 1248
65541 1321
65542 1104
65543 1247
65544 1247
65545 1247
65546 1247
65547 1246
65548 1247
65549 1247
65550 1247
65551 1246
65552 1247
65553 1176
65554 1245
65555 1176
65556 1175
65557 1246
65558 1245
65559 1247
65560 1176
65561 1246
65562 1247
65563 1247
65564 1174
65565 1174
65566 1175
65567 1103
131072 1182
131073 1177
131074 1177
131075 1177
131076 1177
131077 1177
131078 1176
131079 1395
131080 1176
131081 1248
131082 1248
131083 1246
131084 1248
131085 1246
131086 1248
131087 1248
131088 1247
131089 1177
131090 1536
131091 1176
131092 1247
131093 1245
131094 1247
131095 1246
131096 1247
131097 1247
131098 1246
131099 1105
131100 1246
131101 1175
131102 1175
131103 1247
196608 1182
196609 1106
196610 1248
196611 1177
196612 1248
196613 1177
196614 1106
196615 1392
196616 1247
196617 1176
196618 1177
196619 1247
196620 1322
196621 1246
196622 1175
196623 1176
196624 1176
196625 1176
196626 1247
196627 1105
196628 1105
196629 1247
196630 1247
196631 1246
196632 1247
196633 1247
196634 1105
196635 1105
196636 1176
196637 1247
196638 1246
196639 1247
262144 748
262145 1249
262146 1249
262147 1249
262148 1249
262149 1324
262150 1324
262151 1323
262152 1249
262153 1179
262154 1180
262155 1323
262156 1323
262157 1252
262158 1324
262159 1247
262160 1176
262161 1323
262162 1247
262163 1104
262164 1247
262165 1104
262166 1248
262167 1247
262168 1248
262169 1249
262170 1464
262171 1176
262172 1176
262173 1176
262174 1247
262175 1247
327680 1110
327681 892
327682 1248
327683 1177
327684 1177
327685 1248
327686 1177
327687 1106
327688 1106
327689 1323
327690 1177
327691 1177
327692 1248
327693 1322
327694 1246
327695 1177
327696 1248
327697 1106
327698 1323
327699 1248
327700 1248
327701 1175
327702 1246
327703 1248
327704 1246
327705 1248
327706 1247
327707 1247
327708 1247
327709 1248
327710 1391
327711 1175
393216 1253
393217 1248
393218 1177
393219 1248
393220 1248
393221 1177
393222 1177
393223 1247
393224 1248
393225 1177
393226 1248
393227 1247
393228 1248
393229 1248
393230 1248
393231 1248
393232 1248
393233 1248
393234 1246
393235 1392
393236 1392
393237 1176
393238 1177
393239 1248
393240 1248
393241 1248
393242 1248
393243 1248
393244 1248
393245 1175
393246 1248
393247 1322
458752 1253
458753 1249
458754 1395
458755 1106
458756 1249
458757 747
458758 823
458759 1249
458760 1249
458761 1395
458762 1177
458763 1106
458764 1468
458765 1253
458766 1467
458767 1325
458768 1470
458769 1323
458770 1323
458771 1176
458772 1176
458773 1176
458774 1176
458775 1248
458776 1177
458777 1177
458778 1177
458779 1320
458780 1247
458781 1247
458782 1247
458783 1392
524288 1330
524289 1177
524290 1249
524291 1249
524292 1248
524293 1249
524294 1249
524295 1249
524296 1248
524297 1177
524298 1468
524299 1325
524300 1611
524301 1610
524302 1246
524303 1246
524304 1246
524305 1247
524306 1247
524307 1246
524308 1175
524309 1175
524310 1176
524311 1247
524312 1247
524313 1247
524314 1247
524315 1247
524316 1176
524317 1176
524318 1246
524319 1247
589824 1110
589825 1177
589826 1177
589827 1105
589828 1177
589829 1248
589830 1248
589831 1395
589832 1249
589833 1249
589834 1177
589835 1106
589836 1469
589837 1468
589838 1249
589839 1249
589840 1326
589841 1398
589842 1541
589843 1466
589844 1467
589845 1540
589846 1249
589847 1465
589848 1540
589849 1466
589850 1106
589851 1248
589852 1177
589853 1396
589854 1392
589855 1249
655360 1254
655361 1328
655362 1247
655363 1328
655364 1248
655365 1248
655366 1248
655367 1247
655368 1177
655369 1324
655370 1248
655371 1177
655372 1247
655373 1247
655374 1253
655375 1538
655376 1248
655377 1105
655378 1541
655379 1248
655380 1106
655381 1177
655382 1248
655383 1323
655384 1247
655385 1176
655386 1177
655387 1251
655388 1393
655389 1247
655390 1247
655391 1469
720896 1328
720897 1391
720898 1247
720899 239
720900 239
720901 239
720902 239
720903 239
720904 239
720905 239
720906 239
720907 239
720908 239
720909 239
720910 239
720911 239
720912 239
720913 239
720914 239
720915 239
720916 239
720917 239
720918 239
720919 239
720920 239
720921 239
720922 239
720923 239
720924 239
720925 239
720926 239
720927 239
kernel_count 58576
