0 1034
1 1030
2 1030
3 1030
4 1030
5 1176
6 1248
7 1176
8 1248
9 1177
10 1106
11 1323
12 1248
13 1248
14 1248
15 1106
16 1324
17 1247
18 1248
19 1247
20 1248
21 1248
22 1247
23 1324
24 1248
25 1466
26 1466
27 1246
28 1176
29 1247
30 1247
31 1103
65536 1182
65537 1248
65538 1248
65539 1324
65540 1249
65541 1249
65542 1176
65543 1106
65544 1249
65545 1394
65546 1178
65547 1394
65548 1178
65549 1394
65550 1106
65551 1106
65552 1106
65553 1177
65554 1033
65555 1106
65556 1248
65557 1248
65558 1321
65559 1248
65560 1177
65561 1177
65562 1248
65563 1322
65564 1322
65565 1105
65566 1176
65567 1247
131072 1182
131073 1030
131074 1247
131075 1176
131076 1176
131077 1176
131078 1176
131079 1105
131080 1247
131081 1175
131082 1175
131083 1247
131084 1247
131085 1175
131086 1247
131087 1175
131088 1247
131089 1247
131090 1247
131091 1247
131092 1247
131093 1103
131094 1175
131095 1176
131096 1176
131097 1247
131098 1247
131099 1247
131100 1176
131101 1247
131102 1105
131103 1247
196608 1254
196609 1324
196610 1248
196611 1394
196612 1394
196613 1177
196614 1105
196615 1106
196616 1247
196617 1248
196618 1177
196619 1175
196620 1321
196621 1393
196622 1393
196623 1248
196624 1248
196625 1248
196626 1394
196627 1394
196628 1248
196629 1248
196630 1248
196631 1394
196632 1394
196633 1247
196634 1105
196635 1177
196636 1177
196637 1396
196638 1468
196639 1468
262144 899
262145 896
262146 896
262147 1323
262148 1176
262149 1323
262150 1248
262151 1106
262152 1248
262153 1248
262154 1177
262155 1247
262156 1247
262157 1176
262158 1106
262159 1248
262160 1248
262161 1248
262162 1248
262163 1248
262164 1323
262165 1106
262166 1392
262167 1247
262168 1177
262169 1248
262170 1321
262171 1174
262172 1175
262173 1176
262174 1176
262175 1247
327680 824
327681 746
327682 746
327683 747
327684 1106
327685 1106
327686 1177
327687 1249
327688 1249
327689 1249
327690 1249
327691 1249
327692 1249
327693 1106
327694 1249
327695 1106
327696 1249
327697 1106
327698 1249
327699 1249
327700 1249
327701 1249
327702 1249
327703 1249
327704 1396
327705 1249
327706 1610
327707 1681
327708 1395
327709 1395
327710 1175
327711 1175
393216 1472
393217 1177
393218 1177
393219 1248
393220 1177
393221 1106
393222 1247
393223 1177
393224 1106
393225 1180
393226 1248
393227 1177
393228 1177
393229 1177
393230 1180
393231 1176
393232 1247
393233 1247
393234 1247
393235 1247
393236 1247
393237 1247
393238 1034
393239 1176
393240 1176
393241 1246
393242 1246
393243 1247
393244 1247
393245 1105
393246 1247
393247 1103
458752 1473
458753 1465
458754 1248
458755 1248
458756 1249
458757 1248
458758 1254
458759 1398
458760 1400
458761 1177
458762 1466
458763 1181
458764 1251
458765 1176
458766 1181
458767 1181
458768 1106
458769 1181
458770 1324
458771 1249
458772 1324
458773 1247
458774 1538
458775 1324
458776 1247
458777 1539
458778 1324
458779 1247
458780 1538
458781 961
458782 1247
458783 1102
524288 1109
524289 1106
524290 1176
524291 1105
524292 1249
524293 1176
524294 1176
524295 1105
524296 1177
524297 1177
524298 1033
524299 1105
524300 1180
524301 1179
524302 1033
524303 1180
524304 1180
524305 1034
524306 1179
524307 1180
524308 1180
524309 1247
524310 1247
524311 1247
524312 1247
524313 1247
524314 1247
524315 1247
524316 1247
524317 1247
524318 1246
524319 1169
589824 1036
589825 1177
589826 1177
589827 1249
589828 1249
589829 1176
589830 1248
589831 1393
589832 1248
589833 1248
589834 1249
589835 1178
589836 1249
589837 1249
589838 1248
589839 1249
589840 1248
589841 1249
589842 1177
589843 1249
589844 1176
589845 1176
589846 1176
589847 1174
589848 1176
589849 1249
589850 1464
589851 1176
589852 1249
589853 1464
589854 1246
589855 1174
655360 1253
655361 1391
655362 1248
655363 1248
655364 1106
655365 1030
655366 1177
655367 1105
655368 1248
655369 1321
655370 1105
655371 1249
655372 1105
655373 1246
655374 1176
655375 1105
655376 1247
655377 1176
655378 1176
655379 1247
655380 1247
655381 957
655382 1176
655383 1246
655384 1176
655385 1247
655386 1247
655387 1247
655388 1247
655389 1105
655390 1105
655391 1247
720896 1253
720897 1249
720898 1249
720899 1107
720900 1107
720901 1252
720902 1252
720903 1252
720904 1176
720905 1248
720906 1177
720907 1247
720908 1177
720909 1177
720910 1247
720911 1247
720912 1248
720913 1248
720914 1248
720915 1247
720916 1247
720917 239
720918 239
720919 239
720920 239
720921 239
720922 239
720923 239
720924 239
720925 239
720926 239
720927 239
kernel_count 59779
