0 1252
1 1248
2 1248
3 1248
4 1106
5 1248
6 1248
7 1177
8 1106
9 1248
10 1248
11 1106
12 1248
13 1248
14 1248
15 1106
16 1248
17 1248
18 1248
19 1106
20 1248
21 1248
22 1177
23 1106
24 1248
25 1248
26 1106
27 1248
28 1248
29 1248
30 1177
31 1392
65536 824
65537 823
65538 1177
65539 1248
65540 1248
65541 1247
65542 1248
65543 1177
65544 1175
65545 1246
65546 1248
65547 1248
65548 1248
65549 1248
65550 1177
65551 1248
65552 1247
65553 1247
65554 1248
65555 1248
65556 1177
65557 1247
65558 1324
65559 1247
65560 1395
65561 1177
65562 1392
65563 1323
65564 1323
65565 1394
65566 1174
65567 1245
131072 747
131073 1176
131074 1248
131075 1248
131076 1397
131077 1177
131078 1246
131079 1030
131080 1106
131081 1177
131082 1248
131083 1177
131084 1176
131085 1248
131086 1177
131087 1248
131088 1177
131089 1177
131090 1176
131091 1248
131092 1176
131093 1248
131094 1248
131095 1248
131096 1248
131097 1106
131098 1248
131099 1106
131100 1176
131101 1392
131102 1247
131103 1247
196608 1254
196609 1249
196610 1467
196611 1609
196612 1246
196613 1246
196614 1246
196615 1321
196616 1106
196617 1177
196618 1177
196619 1250
196620 1106
196621 1175
196622 1248
196623 1251
196624 1177
196625 1106
196626 1106
196627 1106
196628 1106
196629 1106
196630 1106
196631 1106
196632 1106
196633 1248
196634 1250
196635 1104
196636 1246
196637 1175
196638 1247
196639 1247
262144 1181
262145 1175
262146 1177
262147 1248
262148 1324
262149 1248
262150 1394
262151 1394
262152 1394
262153 1177
262154 1248
262155 1248
262156 1252
262157 1248
262158 1248
262159 1251
262160 1251
262161 1247
262162 1394
262163 1174
262164 1246
262165 1247
262166 1175
262167 1176
262168 1246
262169 1176
262170 1247
262171 1176
262172 1246
262173 1105
262174 1175
262175 1247
327680 1473
327681 1465
327682 1322
327683 1247
327684 1247
327685 1248
327686 1248
327687 1177
327688 1248
327689 1248
327690 1247
327691 1248
327692 1248
327693 1247
327694 1247
327695 1247
327696 1177
327697 1106
327698 1248
327699 1177
327700 1247
327701 1177
327702 816
327703 1177
327704 1106
327705 1177
327706 1177
327707 1248
327708 1248
327709 1322
327710 1322
327711 1247
393216 1254
393217 1249
393218 1247
393219 1249
393220 1249
393221 1249
393222 1249
393223 1178
393224 1107
393225 1107
393226 1249
393227 1248
393228 1394
393229 1393
393230 1394
393231 1249
393232 1394
393233 1249
393234 1252
393235 1249
393236 1248
393237 1323
393238 1249
393239 1249
393240 1252
393241 1249
393242 239
393243 239
393244 239
393245 239
393246 239
393247 239
kernel_count 35100
