0 1182
1 1249
2 1176
3 814
4 1177
5 1249
6 1249
7 1464
8 1177
9 1248
10 1248
11 1247
12 1248
13 1248
14 1106
15 1248
16 1248
17 1177
18 1177
19 1248
20 1248
21 1177
22 1177
23 1248
24 1248
25 1106
26 1106
27 1248
28 1248
29 1177
30 1248
31 1249
65536 1254
65537 1252
65538 1177
65539 1249
65540 1176
65541 1030
65542 1104
65543 1249
65544 1323
65545 1324
65546 1394
65547 1395
65548 1395
65549 1395
65550 1395
65551 1248
65552 1248
65553 1247
65554 1248
65555 1321
65556 1247
65557 1105
65558 1247
65559 1247
65560 1247
65561 1247
65562 1247
65563 1247
65564 1247
65565 1246
65566 1176
65567 1247
131072 1254
131073 1106
131074 1249
131075 1249
131076 1249
131077 1249
131078 1249
131079 1249
131080 1105
131081 1249
131082 1250
131083 1034
131084 1177
131085 1249
131086 1252
131087 1106
131088 1252
131089 1249
131090 1177
131091 1177
131092 1249
131093 1248
131094 1249
131095 1249
131096 1178
131097 1249
131098 1464
131099 1248
131100 1464
131101 1176
131102 1247
131103 1247
196608 1254
196609 1249
196610 1249
196611 1249
196612 1177
196613 1106
196614 1249
196615 1176
196616 1177
196617 1394
196618 1177
196619 1465
196620 1465
196621 1465
196622 1465
196623 1177
196624 1464
196625 1465
196626 1465
196627 1393
196628 1322
196629 1176
196630 1176
196631 1247
196632 1176
196633 1176
196634 1175
196635 1247
196636 1247
196637 1176
196638 1247
196639 1175
262144 1254
262145 1248
262146 1249
262147 1249
262148 1248
262149 1176
262150 1249
262151 1030
262152 1249
262153 1249
262154 1248
262155 1249
262156 1176
262157 1249
262158 1249
262159 1249
262160 1249
262161 1395
262162 1249
262163 1249
262164 1178
262165 1249
262166 1249
262167 1249
262168 1324
262169 1249
262170 1249
262171 1464
262172 1247
262173 1105
262174 1176
262175 1246
327680 1181
327681 1177
327682 1252
327683 1176
327684 1249
327685 1249
327686 1249
327687 1176
327688 1248
327689 1542
327690 1248
327691 1175
327692 1247
327693 1247
327694 1248
327695 1248
327696 1248
327697 1248
327698 1248
327699 1248
327700 1247
327701 1392
327702 1029
327703 1245
327704 815
327705 1245
327706 1176
327707 1247
327708 1247
327709 1247
327710 1247
327711 1175
393216 1254
393217 1249
393218 1104
393219 1176
393220 1247
393221 1680
393222 1247
393223 1246
393224 1247
393225 1175
393226 1247
393227 1105
393228 1176
393229 1247
393230 1247
393231 1247
393232 1176
393233 1247
393234 1176
393235 1247
393236 1247
393237 1176
393238 1105
393239 1247
393240 1247
393241 1247
393242 1176
393243 1247
393244 1175
393245 1175
393246 884
393247 884
458752 1254
458753 1324
458754 1610
458755 1396
458756 1610
458757 1248
458758 1325
458759 1249
458760 1395
458761 1249
458762 1249
458763 1395
458764 1249
458765 1249
458766 1248
458767 1323
458768 1177
458769 1397
458770 1249
458771 1177
458772 1247
458773 1248
458774 1248
458775 1177
458776 1393
458777 1392
458778 1248
458779 1321
458780 1247
458781 1176
458782 1246
458783 1175
524288 1254
524289 746
524290 747
524291 1249
524292 1249
524293 1176
524294 1177
524295 1249
524296 1249
524297 1106
524298 1249
524299 1249
524300 1250
524301 1249
524302 1249
524303 1393
524304 1105
524305 1177
524306 1249
524307 1249
524308 1249
524309 1249
524310 1249
524311 1464
524312 1175
524313 1177
524314 1246
524315 1391
524316 1027
524317 1247
524318 1247
524319 1247
589824 1110
589825 1031
589826 1249
589827 1107
589828 1248
589829 1247
589830 1248
589831 1248
589832 1249
589833 1249
589834 1249
589835 1249
589836 1247
589837 1249
589838 1249
589839 1249
589840 1177
589841 1249
589842 1249
589843 1177
589844 1248
589845 1249
589846 1323
589847 1249
589848 1249
589849 1249
589850 1249
589851 1323
589852 1248
589853 1177
589854 1248
589855 1176
kernel_count 51866
