0 1253
1 1464
2 1463
3 1176
4 1030
5 1249
6 1249
7 1249
8 1249
9 1249
10 1105
11 1177
12 1249
13 1030
14 1177
15 1177
16 1106
17 1249
18 1248
19 1106
20 1249
21 1393
22 1393
23 1030
24 1247
25 1176
26 1176
27 1176
28 1176
29 1176
30 1176
31 1247
65536 1182
65537 1248
65538 1176
65539 1177
65540 1177
65541 1106
65542 1177
65543 1177
65544 1248
65545 1248
65546 1248
65547 1322
65548 1175
65549 1176
65550 1176
65551 1105
65552 1176
65553 1175
65554 1246
65555 1247
65556 1247
65557 1247
65558 1247
65559 1105
65560 1247
65561 1105
65562 1176
65563 1246
65564 1247
65565 1175
65566 1246
65567 1174
131072 746
131073 746
131074 1323
131075 1465
131076 1322
131077 1247
131078 1247
131079 1177
131080 1177
131081 1176
131082 1248
131083 1248
131084 1177
131085 1177
131086 1176
131087 1176
131088 1106
131089 1251
131090 1322
131091 1322
131092 1247
131093 1247
131094 1176
131095 1175
131096 1246
131097 1246
131098 1176
131099 1247
131100 1176
131101 1176
131102 1247
131103 1247
196608 1182
196609 1248
196610 1248
196611 1247
196612 1247
196613 1247
196614 1247
196615 1248
196616 1396
196617 1247
196618 1396
196619 1247
196620 1396
196621 1106
196622 1248
196623 1325
196624 1247
196625 1396
196626 1247
196627 1396
196628 1247
196629 1396
196630 1247
196631 1396
196632 1247
196633 1396
196634 1247
196635 1396
196636 1247
196637 1395
196638 1106
196639 1395
262144 748
262145 747
262146 896
262147 1176
262148 1176
262149 1176
262150 1177
262151 1247
262152 1247
262153 1247
262154 1247
262155 1177
262156 1247
262157 1248
262158 1248
262159 1106
262160 1248
262161 1247
262162 1247
262163 1248
262164 1391
262165 1177
262166 1392
262167 1392
262168 1176
262169 1176
262170 1175
262171 1247
262172 1247
262173 1246
262174 1176
262175 1247
327680 1254
327681 1106
327682 1177
327683 1248
327684 1323
327685 1248
327686 1248
327687 1247
327688 1247
327689 1248
327690 1177
327691 1247
327692 1248
327693 1248
327694 1248
327695 1248
327696 1248
327697 1177
327698 1248
327699 1248
327700 1245
327701 1248
327702 1247
327703 1391
327704 1247
327705 1247
327706 1247
327707 1246
327708 1247
327709 1247
327710 1247
327711 1247
393216 748
393217 747
393218 1106
393219 1177
393220 1248
393221 1106
393222 1106
393223 1106
393224 1247
393225 1248
393226 1248
393227 1248
393228 1322
393229 1176
393230 1247
393231 1247
393232 1105
393233 1247
393234 1246
393235 1247
393236 1247
393237 1247
393238 1247
393239 1247
393240 1247
393241 1247
393242 1247
393243 1247
393244 1246
393245 1176
393246 1247
393247 1247
458752 1254
458753 1248
458754 1248
458755 1247
458756 1248
458757 1106
458758 1247
458759 1248
458760 1247
458761 1248
458762 1248
458763 1177
458764 1106
458765 1247
458766 1248
458767 1248
458768 1247
458769 1247
458770 1247
458771 1177
458772 1248
458773 1248
458774 1248
458775 1248
458776 1248
458777 1177
458778 1105
458779 1247
458780 1467
458781 1394
458782 1467
458783 1391
524288 1254
524289 1247
524290 1247
524291 1248
524292 1247
524293 1248
524294 1247
524295 1177
524296 1248
524297 1322
524298 1247
524299 1247
524300 1246
524301 1175
524302 1175
524303 1246
524304 1247
524305 1247
524306 1175
524307 1104
524308 1247
524309 1246
524310 1247
524311 1246
524312 1247
524313 1247
524314 1247
524315 1247
524316 1247
524317 1247
524318 1100
524319 1100
589824 748
589825 1248
589826 1247
589827 1325
589828 1325
589829 1249
589830 1249
589831 1175
589832 1176
589833 1538
589834 1177
589835 1248
589836 1176
589837 1248
589838 1393
589839 1322
589840 1248
589841 1247
589842 1106
589843 1393
589844 1248
589845 1176
589846 1248
589847 1247
589848 1393
589849 1177
589850 1248
589851 1176
589852 1248
589853 1248
589854 1467
589855 1174
655360 1472
655361 1464
655362 1464
655363 1252
655364 1177
655365 1249
655366 1249
655367 1249
655368 1248
655369 1391
655370 1246
655371 1177
655372 1247
655373 1248
655374 1177
655375 1177
655376 1177
655377 1176
655378 1248
655379 1251
655380 1248
655381 1247
655382 1248
655383 1248
655384 1248
655385 1248
655386 1248
655387 1251
655388 1247
655389 1247
655390 1247
655391 1247
720896 1254
720897 1249
720898 1178
720899 1249
720900 1468
720901 1468
720902 1029
720903 1030
720904 1029
720905 1249
720906 1248
720907 1249
720908 1176
720909 1249
720910 1249
720911 1248
720912 1177
720913 1249
720914 1249
720915 1248
720916 1249
720917 1249
720918 1249
720919 1395
720920 1030
720921 1106
720922 1249
720923 1249
720924 1177
720925 1249
720926 1395
720927 1538
786432 1254
786433 1107
786434 1031
786435 1107
786436 1178
786437 1468
786438 1323
786439 1176
786440 1176
786441 1177
786442 239
786443 239
786444 239
786445 239
786446 239
786447 239
786448 239
786449 239
786450 239
786451 239
786452 239
786453 239
786454 239
786455 239
786456 239
786457 239
786458 239
786459 239
786460 239
786461 239
786462 239
786463 239
kernel_count 63789
