0 1253
1 1176
2 1177
3 1247
4 1248
5 1248
6 1177
7 1394
8 1252
9 1247
10 1247
11 1247
12 1248
13 1177
14 1394
15 1252
16 1247
17 1247
18 1247
19 1247
20 1177
21 1246
22 1034
23 1247
24 1177
25 1393
26 1322
27 1174
28 1246
29 1246
30 1246
31 1175
65536 824
65537 822
65538 1105
65539 1249
65540 1249
65541 1247
65542 1249
65543 1248
65544 1464
65545 1248
65546 1248
65547 1248
65548 1248
65549 1176
65550 1248
65551 1248
65552 1248
65553 1176
65554 1248
65555 1392
65556 1247
65557 1247
65558 1247
65559 1247
65560 1247
65561 1247
65562 1247
65563 1247
65564 1247
65565 1247
65566 1247
65567 1247
131072 1110
131073 1105
131074 1247
131075 1246
131076 1105
131077 1105
131078 1247
131079 1247
131080 1247
131081 1247
131082 1105
131083 1105
131084 1247
131085 1247
131086 1247
131087 1176
131088 1176
131089 1105
131090 1247
131091 1247
131092 1247
131093 1247
131094 1175
131095 1034
131096 1245
131097 1176
131098 1104
131099 1246
131100 1246
131101 1104
131102 1247
131103 1247
196608 1182
196609 747
196610 1035
196611 1176
196612 1176
196613 1249
196614 1248
196615 1249
196616 1249
196617 1177
196618 1249
196619 1249
196620 1895
196621 1892
196622 1249
196623 1106
196624 1248
196625 1249
196626 1249
196627 1177
196628 1395
196629 1247
196630 1248
196631 1248
196632 1323
196633 1252
196634 1247
196635 1248
196636 1392
196637 1392
196638 1247
196639 1247
262144 1253
262145 1248
262146 1248
262147 1247
262148 1176
262149 1248
262150 1105
262151 1175
262152 1176
262153 1393
262154 1248
262155 1248
262156 1248
262157 1175
262158 1177
262159 1176
262160 1247
262161 1176
262162 1252
262163 1177
262164 1246
262165 1245
262166 1245
262167 1248
262168 1248
262169 1393
262170 1323
262171 1248
262172 1322
262173 1394
262174 1176
262175 1396
327680 1037
327681 1248
327682 1033
327683 1105
327684 1106
327685 1252
327686 1323
327687 1176
327688 1104
327689 1177
327690 1249
327691 1249
327692 1463
327693 1464
327694 1251
327695 1320
327696 890
327697 964
327698 964
327699 889
327700 889
327701 1102
327702 1102
327703 1175
327704 1102
327705 1101
327706 1102
327707 1103
327708 1103
327709 1103
327710 1102
327711 1102
393216 1253
393217 1247
393218 1247
393219 1247
393220 1247
393221 1247
393222 1247
393223 1247
393224 1247
393225 1176
393226 1176
393227 1176
393228 1247
393229 1247
393230 1247
393231 1247
393232 1247
393233 1175
393234 1247
393235 1176
393236 1105
393237 1247
393238 1245
393239 1247
393240 1247
393241 1247
393242 1030
393243 1246
393244 1246
393245 1030
393246 1247
393247 1103
458752 1254
458753 1248
458754 1177
458755 1248
458756 1177
458757 1248
458758 1247
458759 1246
458760 1248
458761 1177
458762 1177
458763 1177
458764 1177
458765 1611
458766 1248
458767 1106
458768 1248
458769 1248
458770 1177
458771 1248
458772 1106
458773 1177
458774 1248
458775 1247
458776 1248
458777 1247
458778 1248
458779 1177
458780 1248
458781 1251
458782 1321
458783 1321
524288 1254
524289 1392
524290 1392
524291 1247
524292 1247
524293 1105
524294 1175
524295 1247
524296 1247
524297 1247
524298 1030
524299 1030
524300 1247
524301 1247
524302 1247
524303 1247
524304 1175
524305 1175
524306 1176
524307 1246
524308 1247
524309 1247
524310 1247
524311 1176
524312 1246
524313 1246
524314 1247
524315 1247
524316 1104
524317 1173
524318 1104
524319 1174
589824 1253
589825 1249
589826 1249
589827 1249
589828 1325
589829 1105
589830 1249
589831 1248
589832 1248
589833 1248
589834 1248
589835 1177
589836 1177
589837 1325
589838 1324
589839 1467
589840 1466
589841 1247
589842 1248
589843 1248
589844 1177
589845 1248
589846 1248
589847 1248
589848 1251
589849 1322
589850 1248
589851 1251
589852 1322
589853 1103
589854 1103
589855 1175
655360 1253
655361 1106
655362 1249
655363 1248
655364 1248
655365 1177
655366 1683
655367 1177
655368 1248
655369 1248
655370 1247
655371 1176
655372 1177
655373 1030
655374 1247
655375 1177
655376 1248
655377 1248
655378 1248
655379 1248
655380 1030
655381 1248
655382 1248
655383 1248
655384 1248
655385 1248
655386 1393
655387 1176
655388 1392
655389 1247
655390 1247
655391 1245
720896 1110
720897 1178
720898 1249
720899 1249
720900 1249
720901 1249
720902 1249
720903 1249
720904 1323
720905 1036
720906 1323
720907 1248
720908 1248
720909 1248
720910 1177
720911 1177
720912 1105
720913 1176
720914 1247
720915 1175
720916 1104
720917 668
720918 239
720919 239
720920 239
720921 239
720922 239
720923 239
720924 239
720925 239
720926 239
720927 239
kernel_count 59851
