0 1110
1 1106
2 1106
3 1248
4 1248
5 1248
6 1248
7 1248
8 1248
9 1106
10 1106
11 1248
12 1248
13 1248
14 1248
15 1248
16 1248
17 1248
18 1176
19 1176
20 1248
21 1176
22 1176
23 1247
24 1248
25 1176
26 1176
27 1248
28 1176
29 1176
30 1391
31 1320
65536 970
65537 1176
65538 1248
65539 1177
65540 1249
65541 1462
65542 1461
65543 1175
65544 1246
65545 1104
65546 1247
65547 1247
65548 1247
65549 1247
65550 1247
65551 1104
65552 1104
65553 1247
65554 1247
65555 1247
65556 1247
65557 1247
65558 1247
65559 1105
65560 1105
65561 1175
65562 1247
65563 1246
65564 1247
65565 1246
65566 1247
65567 1247
131072 747
131073 1177
131074 1247
131075 1248
131076 1247
131077 1248
131078 1248
131079 1248
131080 1248
131081 1246
131082 1320
131083 1251
131084 1176
131085 1247
131086 1247
131087 1247
131088 1247
131089 1247
131090 1246
131091 1246
131092 1173
131093 1246
131094 1176
131095 1247
131096 1247
131097 1247
131098 1176
131099 1247
131100 1034
131101 1105
131102 1175
131103 1247
196608 1182
196609 1034
196610 1177
196611 1177
196612 1105
196613 1033
196614 1248
196615 1106
196616 1105
196617 1181
196618 1324
196619 1324
196620 1248
196621 1248
196622 1176
196623 1105
196624 1177
196625 1176
196626 1030
196627 1248
196628 1177
196629 1106
196630 1248
196631 1106
196632 1248
196633 1177
196634 1176
196635 1248
196636 1180
196637 1176
196638 1247
196639 1247
262144 1254
262145 1177
262146 1247
262147 1177
262148 1176
262149 1248
262150 1248
262151 1248
262152 1030
262153 239
262154 239
262155 239
262156 239
262157 239
262158 239
262159 239
262160 239
262161 239
262162 239
262163 239
262164 239
262165 239
262166 239
262167 239
262168 239
262169 239
262170 239
262171 239
262172 239
262173 239
262174 239
262175 239
kernel_count 22052
