0 1254
1 1393
2 1394
3 1177
4 1177
5 1394
6 1394
7 1248
8 1248
9 1248
10 1176
11 1030
12 1248
13 1181
14 1248
15 1325
16 1177
17 1248
18 1248
19 1030
20 1248
21 1181
22 1248
23 1325
24 1176
25 1247
26 1247
27 1030
28 1030
29 1247
30 1030
31 1245
65536 1181
65537 1177
65538 1248
65539 1394
65540 1393
65541 1324
65542 1249
65543 1249
65544 1246
65545 1177
65546 1107
65547 1249
65548 1393
65549 1393
65550 1393
65551 1248
65552 1248
65553 1177
65554 1248
65555 1248
65556 1248
65557 1248
65558 1248
65559 1248
65560 1248
65561 1246
65562 1247
65563 239
65564 239
65565 239
65566 239
65567 239
kernel_count 9696
