0 1037
1 1246
2 1246
3 1247
4 1247
5 1247
6 1247
7 1247
8 1247
9 1176
10 1247
11 1247
12 1247
13 1247
14 1247
15 1247
16 1247
17 1175
18 1247
19 1247
20 1247
21 1247
22 1247
23 1247
24 1175
25 1247
26 1176
27 1247
28 1247
29 1176
30 1247
31 1247
65536 1254
65537 1248
65538 1105
65539 1106
65540 815
65541 1246
65542 1247
65543 1247
65544 1247
65545 1177
65546 1176
65547 1248
65548 1177
65549 1176
65550 1176
65551 1106
65552 1176
65553 1251
65554 1247
65555 1247
65556 1247
65557 1247
65558 1176
65559 1247
65560 1246
65561 1246
65562 1175
65563 1105
65564 1247
65565 1247
65566 1103
65567 1103
131072 1109
131073 1105
131074 1105
131075 1177
131076 1105
131077 1105
131078 1105
131079 1248
131080 1177
131081 1105
131082 1248
131083 1247
131084 1248
131085 1177
131086 1248
131087 1248
131088 1247
131089 1248
131090 1248
131091 1248
131092 1248
131093 1396
131094 1247
131095 1176
131096 1247
131097 1246
131098 1246
131099 1246
131100 1246
131101 1246
131102 1246
131103 1247
196608 1182
196609 1249
196610 1464
196611 1248
196612 1249
196613 1249
196614 1177
196615 1249
196616 1249
196617 1177
196618 1249
196619 1248
196620 1249
196621 1249
196622 1249
196623 1249
196624 1249
196625 1249
196626 1249
196627 1249
196628 1464
196629 1249
196630 1464
196631 1246
196632 1247
196633 1247
196634 1247
196635 1247
196636 1175
196637 1176
196638 1176
196639 1247
262144 1254
262145 1248
262146 1177
262147 1248
262148 1248
262149 1248
262150 1248
262151 1247
262152 1248
262153 1248
262154 1248
262155 1106
262156 1248
262157 1177
262158 1177
262159 1177
262160 1177
262161 1177
262162 1177
262163 1177
262164 1248
262165 1248
262166 1176
262167 1177
262168 1177
262169 1177
262170 1246
262171 1104
262172 1392
262173 1175
262174 1174
262175 1246
327680 1254
327681 1175
327682 1253
327683 1248
327684 1393
327685 1247
327686 1393
327687 1325
327688 1248
327689 1325
327690 1249
327691 1248
327692 1249
327693 1176
327694 1323
327695 1177
327696 1177
327697 1177
327698 1396
327699 1248
327700 1679
327701 1679
327702 1391
327703 1246
327704 1105
327705 1105
327706 1175
327707 1246
327708 1030
327709 1101
327710 1029
327711 1029
393216 746
393217 745
393218 745
393219 745
393220 1104
393221 1104
393222 1104
393223 1322
393224 1323
393225 1251
393226 1247
393227 1322
393228 1247
393229 1246
393230 1246
393231 1176
393232 1395
393233 1105
393234 1247
393235 1247
393236 1103
393237 1175
393238 1176
393239 1105
393240 1176
393241 1176
393242 1105
393243 1105
393244 1175
393245 1176
393246 1247
393247 1103
458752 1254
458753 1249
458754 1248
458755 1248
458756 1322
458757 1177
458758 1248
458759 1176
458760 1682
458761 1106
458762 1248
458763 1248
458764 1248
458765 1248
458766 1248
458767 1248
458768 1248
458769 1247
458770 1248
458771 1247
458772 1247
458773 1247
458774 1394
458775 1248
458776 1106
458777 1177
458778 1176
458779 1177
458780 1399
458781 1176
458782 1247
458783 1175
524288 1254
524289 1248
524290 1248
524291 1248
524292 1176
524293 1176
524294 1248
524295 1177
524296 1248
524297 1175
524298 239
524299 239
524300 239
524301 239
524302 239
524303 239
524304 239
524305 239
524306 239
524307 239
524308 239
524309 239
524310 239
524311 239
524312 239
524313 239
524314 239
524315 239
524316 239
524317 239
524318 239
524319 239
kernel_count 42763
