0 1182
1 1247
2 1247
3 1247
4 1176
5 1247
6 1247
7 1247
8 1175
9 1247
10 1105
11 1247
12 1247
13 1246
14 1176
15 1247
16 1247
17 1247
18 1246
19 1247
20 1105
21 1247
22 1247
23 1246
24 1176
25 1176
26 1246
27 1247
28 1247
29 1176
30 1247
31 1247
65536 748
65537 745
65538 746
65539 1176
65540 1176
65541 1247
65542 1246
65543 1247
65544 1247
65545 1247
65546 1247
65547 1247
65548 1247
65549 1247
65550 1246
65551 1176
65552 1175
65553 1247
65554 1176
65555 1176
65556 1176
65557 1176
65558 1247
65559 1175
65560 1175
65561 1102
65562 1103
65563 1103
65564 1103
65565 1103
65566 1103
65567 1103
131072 747
131073 747
131074 1176
131075 1247
131076 1248
131077 1248
131078 1248
131079 1177
131080 1247
131081 1247
131082 1248
131083 1247
131084 1177
131085 1246
131086 1321
131087 1248
131088 1106
131089 1177
131090 1392
131091 1391
131092 1391
131093 1391
131094 1248
131095 1176
131096 1177
131097 1176
131098 1248
131099 1248
131100 1176
131101 1176
131102 1176
131103 1392
196608 1254
196609 1177
196610 1247
196611 1247
196612 1678
196613 1178
196614 1248
196615 1106
196616 1248
196617 1249
196618 1177
196619 1249
196620 1177
196621 1106
196622 1106
196623 1247
196624 1247
196625 1678
196626 1177
196627 1247
196628 1106
196629 1247
196630 1248
196631 1247
196632 1248
196633 1177
196634 1323
196635 1323
196636 1466
196637 1248
196638 1466
196639 1246
262144 1182
262145 1249
262146 1249
262147 1176
262148 1249
262149 1177
262150 1249
262151 1680
262152 1248
262153 1177
262154 1106
262155 1248
262156 1247
262157 1248
262158 1248
262159 1248
262160 1248
262161 1248
262162 1248
262163 1248
262164 1177
262165 1466
262166 1247
262167 1248
262168 1176
262169 1392
262170 1392
262171 1392
262172 1392
262173 1246
262174 1174
262175 1173
327680 1182
327681 1106
327682 1106
327683 1106
327684 1248
327685 1106
327686 1248
327687 1105
327688 1322
327689 960
327690 960
327691 960
327692 889
327693 889
327694 889
327695 1105
327696 1176
327697 1176
327698 1247
327699 1176
327700 1247
327701 1176
327702 1105
327703 1247
327704 1105
327705 1247
327706 1105
327707 1247
327708 1030
327709 1245
327710 1173
327711 1173
393216 1182
393217 1176
393218 1177
393219 1324
393220 1249
393221 1249
393222 1249
393223 1030
393224 1030
393225 1249
393226 1030
393227 1178
393228 1178
393229 1178
393230 1030
393231 1249
393232 1177
393233 1249
393234 1464
393235 1464
393236 1247
393237 1248
393238 1246
393239 1176
393240 1248
393241 1106
393242 1248
393243 1323
393244 1323
393245 1323
393246 1391
393247 1394
458752 1182
458753 1106
458754 1177
458755 1247
458756 1248
458757 1106
458758 1106
458759 1030
458760 1247
458761 1176
458762 1393
458763 1393
458764 1248
458765 1030
458766 1248
458767 1030
458768 1248
458769 1106
458770 1248
458771 1247
458772 1106
458773 1247
458774 1248
458775 1248
458776 1177
458777 1175
458778 1248
458779 1177
458780 1322
458781 1247
458782 1247
458783 1247
524288 1182
524289 1248
524290 958
524291 1106
524292 1248
524293 1248
524294 1247
524295 1247
524296 1248
524297 1177
524298 1325
524299 1106
524300 1177
524301 1102
524302 1034
524303 1248
524304 1180
524305 1106
524306 1247
524307 1248
524308 1180
524309 1175
524310 1176
524311 1030
524312 1030
524313 1247
524314 1247
524315 1247
524316 1247
524317 1247
524318 1247
524319 1247
589824 1182
589825 746
589826 1252
589827 1251
589828 1106
589829 1177
589830 1177
589831 1248
589832 1177
589833 1106
589834 1249
589835 1252
589836 1252
589837 1177
589838 1248
589839 886
589840 1105
589841 1249
589842 1105
589843 1464
589844 1248
589845 1392
589846 1105
589847 1175
589848 1105
589849 1246
589850 1246
589851 1104
589852 1247
589853 1247
589854 1247
589855 1247
655360 1182
655361 1178
655362 1178
655363 1249
655364 1249
655365 1249
655366 1177
655367 1248
655368 1249
655369 1249
655370 1249
655371 1249
655372 1178
655373 1106
655374 1178
655375 1176
655376 1249
655377 1031
655378 1249
655379 1249
655380 1248
655381 1323
655382 1248
655383 1106
655384 1177
655385 1176
655386 1175
655387 1251
655388 1030
655389 239
655390 239
655391 239
kernel_count 54927
