0 1254
1 1248
2 1248
3 1248
4 1248
5 1248
6 1248
7 1247
8 1393
9 1247
10 1180
11 1180
12 1247
13 1247
14 1030
15 1176
16 1176
17 1176
18 1176
19 1176
20 1176
21 1176
22 1175
23 1034
24 1247
25 1175
26 1246
27 1246
28 1175
29 1247
30 1247
31 1245
65536 1254
65537 1248
65538 1248
65539 1248
65540 1177
65541 1248
65542 1248
65543 1248
65544 1177
65545 1176
65546 1177
65547 1177
65548 1177
65549 1176
65550 1177
65551 1177
65552 1177
65553 1393
65554 1392
65555 1177
65556 1034
65557 1248
65558 1247
65559 1177
65560 1177
65561 1247
65562 1177
65563 1247
65564 1322
65565 1247
65566 1176
65567 1247
131072 748
131073 1106
131074 1249
131075 1249
131076 1249
131077 1247
131078 1249
131079 1249
131080 1249
131081 1249
131082 1177
131083 1462
131084 1462
131085 1463
131086 1462
131087 1462
131088 1106
131089 1105
131090 1105
131091 1463
131092 1462
131093 1462
131094 1463
131095 1462
131096 1462
131097 1463
131098 1464
131099 1247
131100 1247
131101 1247
131102 1105
131103 1247
196608 1254
196609 1249
196610 1181
196611 1178
196612 1469
196613 1246
196614 1247
196615 1247
196616 1246
196617 1176
196618 1104
196619 1176
196620 1030
196621 1029
196622 1030
196623 1030
196624 1175
196625 1247
196626 1246
196627 1247
196628 1247
196629 1247
196630 1246
196631 1247
196632 1247
196633 1247
196634 1247
196635 1246
196636 1247
196637 1247
196638 1104
196639 1175
262144 1182
262145 1177
262146 1177
262147 1249
262148 1177
262149 1106
262150 1249
262151 1106
262152 1177
262153 1177
262154 1176
262155 1248
262156 1176
262157 1462
262158 1465
262159 1177
262160 1176
262161 1177
262162 1248
262163 1177
262164 1248
262165 1248
262166 1176
262167 1322
262168 1246
262169 1247
262170 1247
262171 1247
262172 1175
262173 1104
262174 1247
262175 1247
327680 1254
327681 1106
327682 1248
327683 1321
327684 1177
327685 1106
327686 1177
327687 1248
327688 1322
327689 1246
327690 1247
327691 1104
327692 1247
327693 1176
327694 1247
327695 1247
327696 1176
327697 1176
327698 1105
327699 1176
327700 1176
327701 1105
327702 1247
327703 1247
327704 1246
327705 1246
327706 1105
327707 1105
327708 1105
327709 1247
327710 1247
327711 1247
393216 1182
393217 1105
393218 1177
393219 1248
393220 1248
393221 1248
393222 1247
393223 1176
393224 958
393225 1247
393226 1248
393227 1248
393228 1248
393229 1392
393230 1247
393231 1248
393232 1248
393233 1247
393234 1029
393235 1247
393236 1247
393237 1248
393238 1247
393239 1248
393240 1248
393241 1176
393242 1248
393243 1248
393244 1392
393245 1104
393246 1247
393247 1247
458752 1109
458753 1176
458754 1322
458755 1247
458756 1246
458757 1322
458758 1176
458759 1248
458760 1177
458761 1104
458762 1177
458763 1248
458764 1247
458765 1175
458766 1247
458767 1248
458768 1248
458769 1248
458770 1247
458771 1177
458772 1322
458773 1246
458774 1247
458775 1247
458776 1247
458777 1247
458778 1174
458779 1175
458780 1246
458781 1247
458782 1247
458783 1247
524288 1254
524289 1177
524290 1393
524291 1248
524292 887
524293 1246
524294 1177
524295 1177
524296 1397
524297 1247
524298 1177
524299 1252
524300 1248
524301 1324
524302 1248
524303 1106
524304 1176
524305 1248
524306 1247
524307 1248
524308 1248
524309 1106
524310 1106
524311 1177
524312 1248
524313 1177
524314 1106
524315 1177
524316 1248
524317 1247
524318 1465
524319 1175
589824 1180
589825 1034
589826 1392
589827 1176
589828 1175
589829 1176
589830 1176
589831 1247
589832 1247
589833 1247
589834 1247
589835 1105
589836 1030
589837 1247
589838 1246
589839 1247
589840 1247
589841 1176
589842 1176
589843 1105
589844 1247
589845 1105
589846 1105
589847 1105
589848 1246
589849 1176
589850 1247
589851 1175
589852 1247
589853 1247
589854 1246
589855 1174
655360 1254
655361 1250
655362 1249
655363 1323
655364 1178
655365 1178
655366 1107
655367 1107
655368 1250
655369 1250
655370 1322
655371 1396
655372 1250
655373 1250
655374 1250
655375 1465
655376 1248
655377 1106
655378 1248
655379 1176
655380 1175
655381 1029
655382 239
655383 239
655384 239
655385 239
655386 239
655387 239
655388 239
655389 239
655390 239
655391 239
kernel_count 54771
