0 1254
1 1247
2 1247
3 1247
4 1246
5 1247
6 1247
7 1246
8 1105
9 1029
10 1247
11 1246
12 1175
13 1246
14 1246
15 1246
16 1246
17 1246
18 1175
19 1246
20 1247
21 1247
22 1247
23 1247
24 1247
25 1246
26 1247
27 1247
28 1175
29 1247
30 1246
31 1175
65536 1254
65537 1247
65538 1175
65539 1248
65540 1030
65541 1177
65542 1177
65543 1177
65544 1248
65545 1105
65546 1392
65547 1322
65548 1247
65549 1247
65550 1247
65551 1104
65552 1247
65553 1247
65554 1247
65555 1104
65556 1247
65557 1246
65558 1247
65559 1247
65560 1247
65561 1247
65562 1104
65563 1247
65564 1175
65565 1247
65566 1104
65567 1247
131072 966
131073 1106
131074 1248
131075 1177
131076 1392
131077 1248
131078 1392
131079 1247
131080 1247
131081 1247
131082 1247
131083 1105
131084 1105
131085 1105
131086 1105
131087 1105
131088 1105
131089 1105
131090 1247
131091 1247
131092 1247
131093 1247
131094 1247
131095 1247
131096 1247
131097 1247
131098 1247
131099 1176
131100 1247
131101 1247
131102 1247
131103 1245
196608 1182
196609 1247
196610 1247
196611 1177
196612 1248
196613 1248
196614 1248
196615 1247
196616 1030
196617 1247
196618 1247
196619 1248
196620 1248
196621 1248
196622 1176
196623 1248
196624 1248
196625 1248
196626 1248
196627 1177
196628 1248
196629 1177
196630 1248
196631 1177
196632 1247
196633 1248
196634 1248
196635 1248
196636 1030
196637 1106
196638 1322
196639 1175
262144 1034
262145 747
262146 1247
262147 1248
262148 1248
262149 1248
262150 1248
262151 1177
262152 1105
262153 1248
262154 1247
262155 1247
262156 1248
262157 1248
262158 1248
262159 1248
262160 1248
262161 1180
262162 1105
262163 1247
262164 1105
262165 1247
262166 1247
262167 1247
262168 1247
262169 1176
262170 1247
262171 1171
262172 1246
262173 1246
262174 1247
262175 1247
327680 748
327681 1177
327682 1176
327683 1177
327684 1248
327685 1177
327686 1106
327687 1248
327688 1176
327689 1177
327690 1248
327691 1177
327692 1248
327693 1248
327694 1248
327695 1248
327696 1248
327697 1248
327698 1248
327699 1105
327700 1030
327701 1247
327702 1248
327703 1248
327704 1248
327705 1177
327706 1248
327707 1176
327708 1247
327709 1248
327710 1248
327711 1392
393216 1182
393217 1105
393218 1249
393219 1249
393220 1249
393221 1106
393222 1249
393223 1249
393224 1248
393225 1324
393226 1323
393227 1249
393228 1464
393229 1249
393230 1248
393231 1105
393232 1249
393233 1465
393234 1247
393235 1248
393236 1247
393237 1248
393238 1248
393239 1247
393240 1247
393241 1393
393242 1393
393243 1393
393244 1248
393245 1321
393246 1250
393247 1321
458752 1330
458753 1252
458754 1248
458755 1248
458756 1248
458757 1177
458758 1247
458759 1248
458760 1177
458761 1175
458762 1321
458763 1248
458764 1248
458765 1247
458766 1248
458767 1248
458768 962
458769 1175
458770 1176
458771 1246
458772 1247
458773 1247
458774 962
458775 1176
458776 1247
458777 1246
458778 1245
458779 1248
458780 958
458781 1392
458782 1247
458783 1103
524288 894
524289 747
524290 1465
524291 1248
524292 1177
524293 1177
524294 1248
524295 1248
524296 1106
524297 1030
524298 1177
524299 1177
524300 1248
524301 1177
524302 1248
524303 1248
524304 1106
524305 1248
524306 1247
524307 1323
524308 1248
524309 1177
524310 1106
524311 1177
524312 1246
524313 1246
524314 1247
524315 1247
524316 1322
524317 1248
524318 1248
524319 1320
589824 1253
589825 1249
589826 1249
589827 1249
589828 1178
589829 1249
589830 1177
589831 1179
589832 1104
589833 1105
589834 239
589835 239
589836 239
589837 239
589838 239
589839 239
589840 239
589841 239
589842 239
589843 239
589844 239
589845 239
589846 239
589847 239
589848 239
589849 239
589850 239
589851 239
589852 239
589853 239
589854 239
589855 239
kernel_count 47752
