0 1182
1 1177
2 1106
3 1106
4 1177
5 1177
6 1106
7 1177
8 1177
9 1177
10 1177
11 1177
12 1248
13 1248
14 1248
15 1177
16 1177
17 1177
18 1248
19 1248
20 1248
21 1248
22 1246
23 1248
24 1248
25 1176
26 1248
27 1248
28 1177
29 1320
30 1246
31 1247
65536 1330
65537 1249
65538 1177
65539 1249
65540 1395
65541 1396
65542 1469
65543 1249
65544 1177
65545 1248
65546 1177
65547 1178
65548 1249
65549 1248
65550 1248
65551 1030
65552 1249
65553 1249
65554 1106
65555 1028
65556 1177
65557 1033
65558 1248
65559 1249
65560 1249
65561 1249
65562 1177
65563 1537
65564 1249
65565 1248
65566 1537
65567 1322
131072 1110
131073 1249
131074 1249
131075 1249
131076 1249
131077 1394
131078 1394
131079 1394
131080 1249
131081 1249
131082 1249
131083 1178
131084 1323
131085 1396
131086 1177
131087 1177
131088 1030
131089 1106
131090 1249
131091 1471
131092 1248
131093 1248
131094 1177
131095 1176
131096 1177
131097 1248
131098 1248
131099 1465
131100 1539
131101 1177
131102 1248
131103 1392
196608 1182
196609 1176
196610 1175
196611 1177
196612 1248
196613 1177
196614 1030
196615 1106
196616 1106
196617 1106
196618 1106
196619 1106
196620 1106
196621 1106
196622 1106
196623 1106
196624 1106
196625 1106
196626 1106
196627 1248
196628 1248
196629 1176
196630 1248
196631 1248
196632 1177
196633 1176
196634 1106
196635 1248
196636 1322
196637 1247
196638 1247
196639 1247
262144 1254
262145 1249
262146 1030
262147 1177
262148 1106
262149 1106
262150 1105
262151 1249
262152 1323
262153 1323
262154 1248
262155 1465
262156 1465
262157 1247
262158 814
262159 1176
262160 1247
262161 1247
262162 1105
262163 1247
262164 1176
262165 1247
262166 1105
262167 1246
262168 1105
262169 1247
262170 1176
262171 1247
262172 1105
262173 1246
262174 1247
262175 1247
327680 748
327681 747
327682 1249
327683 1030
327684 1465
327685 1249
327686 1182
327687 1253
327688 1470
327689 1249
327690 1394
327691 1394
327692 1249
327693 1394
327694 1394
327695 1249
327696 1249
327697 1249
327698 1608
327699 1247
327700 1247
327701 1247
327702 1247
327703 1247
327704 1247
327705 1247
327706 1247
327707 1247
327708 1105
327709 1247
327710 1247
327711 1247
393216 748
393217 1105
393218 1248
393219 1248
393220 1248
393221 1177
393222 1248
393223 1177
393224 1396
393225 1104
393226 1247
393227 1176
393228 1246
393229 1176
393230 1105
393231 1247
393232 1105
393233 1105
393234 1176
393235 1176
393236 1247
393237 1176
393238 1176
393239 816
393240 1176
393241 1246
393242 1247
393243 1246
393244 1247
393245 1175
393246 1030
393247 1103
458752 1038
458753 1177
458754 1247
458755 239
458756 239
458757 239
458758 239
458759 239
458760 239
458761 239
458762 239
458763 239
458764 239
458765 239
458766 239
458767 239
458768 239
458769 239
458770 239
458771 239
458772 239
458773 239
458774 239
458775 239
458776 239
458777 239
458778 239
458779 239
458780 239
458781 239
458782 239
458783 239
kernel_count 36735
