0 1110
1 1177
2 1177
3 1248
4 1177
5 1030
6 1030
7 1247
8 1392
9 1247
10 1392
11 1248
12 1248
13 1392
14 1247
15 1392
16 1246
17 1247
18 1247
19 1247
20 1247
21 1247
22 1247
23 1247
24 1176
25 1247
26 1105
27 1105
28 1104
29 1247
30 1246
31 1175
65536 1182
65537 1104
65538 1105
65539 1105
65540 1105
65541 1249
65542 1176
65543 1249
65544 1249
65545 1105
65546 1105
65547 1249
65548 1176
65549 1249
65550 1249
65551 1105
65552 1105
65553 1249
65554 1176
65555 1177
65556 1248
65557 1249
65558 1395
65559 1177
65560 1468
65561 1395
65562 1468
65563 1393
65564 1177
65565 1322
65566 1247
65567 1247
131072 1254
131073 1106
131074 1106
131075 1106
131076 1247
131077 1248
131078 1248
131079 1248
131080 1248
131081 1325
131082 1248
131083 1248
131084 1323
131085 1248
131086 1248
131087 1325
131088 1177
131089 1177
131090 1248
131091 1248
131092 1325
131093 1247
131094 1247
131095 1247
131096 1247
131097 1247
131098 1247
131099 1247
131100 1247
131101 1247
131102 1247
131103 1247
196608 1254
196609 1465
196610 1248
196611 1176
196612 1248
196613 1393
196614 1248
196615 1393
196616 1248
196617 1393
196618 1177
196619 1177
196620 1247
196621 1177
196622 1034
196623 1105
196624 1177
196625 1320
196626 1248
196627 1248
196628 1248
196629 1248
196630 1248
196631 1248
196632 1248
196633 1248
196634 1247
196635 1247
196636 1247
196637 1246
196638 1250
196639 1246
262144 1254
262145 1029
262146 1248
262147 1252
262148 1248
262149 1248
262150 1324
262151 1176
262152 1253
262153 1177
262154 1253
262155 1253
262156 1324
262157 1182
262158 1326
262159 1393
262160 1177
262161 1177
262162 1177
262163 1322
262164 1248
262165 1106
262166 1105
262167 1177
262168 1248
262169 1248
262170 1248
262171 1248
262172 1251
262173 1248
262174 1250
262175 1175
327680 1110
327681 1176
327682 1465
327683 1247
327684 1106
327685 1177
327686 963
327687 1248
327688 1249
327689 1177
327690 1249
327691 1175
327692 1323
327693 1324
327694 1106
327695 1248
327696 1248
327697 1248
327698 1175
327699 1248
327700 1249
327701 1175
327702 1248
327703 1248
327704 1465
327705 1467
327706 1248
327707 1249
327708 1106
327709 1825
327710 1105
327711 1250
393216 1257
393217 1181
393218 1248
393219 1322
393220 1397
393221 1250
393222 1250
393223 1176
393224 1177
393225 1248
393226 1106
393227 1106
393228 1322
393229 1106
393230 1177
393231 1177
393232 1247
393233 1177
393234 1248
393235 1246
393236 1248
393237 1246
393238 1177
393239 1177
393240 1177
393241 1177
393242 1322
393243 1177
393244 1248
393245 1248
393246 1321
393247 1174
458752 747
458753 1177
458754 1249
458755 1177
458756 1177
458757 1249
458758 1249
458759 1395
458760 1325
458761 1106
458762 1249
458763 1106
458764 1104
458765 1104
458766 1104
458767 1104
458768 1541
458769 1177
458770 1249
458771 1176
458772 1395
458773 1106
458774 1106
458775 1247
458776 1248
458777 1248
458778 1247
458779 1248
458780 1248
458781 1248
458782 1246
458783 1392
524288 748
524289 746
524290 1178
524291 1249
524292 1249
524293 1393
524294 1393
524295 1248
524296 1177
524297 1177
524298 239
524299 239
524300 239
524301 239
524302 239
524303 239
524304 239
524305 239
524306 239
524307 239
524308 239
524309 239
524310 239
524311 239
524312 239
524313 239
524314 239
524315 239
524316 239
524317 239
524318 239
524319 239
kernel_count 43306
