0 1181
1 1246
2 1175
3 1246
4 1175
5 1247
6 1247
7 1247
8 1176
9 1247
10 1176
11 1245
12 1176
13 1246
14 1247
15 1176
16 1175
17 1246
18 1175
19 1246
20 1175
21 1247
22 1247
23 1247
24 1176
25 1247
26 1176
27 1245
28 1105
29 1245
30 1175
31 1175
65536 748
65537 746
65538 746
65539 1247
65540 1246
65541 1247
65542 1246
65543 1246
65544 1247
65545 1176
65546 1176
65547 1247
65548 1175
65549 1176
65550 1247
65551 1247
65552 1247
65553 1246
65554 1247
65555 1247
65556 1247
65557 1246
65558 1247
65559 1245
65560 1104
65561 1103
65562 1103
65563 1103
65564 1104
65565 1175
65566 1175
65567 1175
131072 1254
131073 1248
131074 1250
131075 1176
131076 1248
131077 1248
131078 1248
131079 1248
131080 1247
131081 1248
131082 1105
131083 1247
131084 1247
131085 1248
131086 1248
131087 1034
131088 1248
131089 1177
131090 1177
131091 1248
131092 1248
131093 1248
131094 1248
131095 1248
131096 1177
131097 1105
131098 1106
131099 1321
131100 1175
131101 1105
131102 1176
131103 1247
196608 1110
196609 1248
196610 1177
196611 1248
196612 1247
196613 1248
196614 1248
196615 1177
196616 1248
196617 1248
196618 1177
196619 1248
196620 1177
196621 1248
196622 1248
196623 1248
196624 1248
196625 1248
196626 1177
196627 1177
196628 1106
196629 1322
196630 1176
196631 1246
196632 1246
196633 1247
196634 1105
196635 1247
196636 1246
196637 1247
196638 1030
196639 1247
262144 1253
262145 1394
262146 1248
262147 1248
262148 1248
262149 1248
262150 1393
262151 1248
262152 1248
262153 1251
262154 1177
262155 1034
262156 1176
262157 1106
262158 1248
262159 1176
262160 1322
262161 1323
262162 1323
262163 1252
262164 1177
262165 1106
262166 1177
262167 1177
262168 1252
262169 1181
262170 1252
262171 1252
262172 1247
262173 1176
262174 1106
262175 1467
327680 1332
327681 1326
327682 1326
327683 1177
327684 1248
327685 1249
327686 1537
327687 1321
327688 1177
327689 1393
327690 1393
327691 1393
327692 1246
327693 1247
327694 1247
327695 1248
327696 1177
327697 1248
327698 1177
327699 1177
327700 1248
327701 1177
327702 1248
327703 1177
327704 1248
327705 1322
327706 1030
327707 1247
327708 1175
327709 1028
327710 1028
327711 1028
393216 672
393217 1177
393218 1465
393219 1248
393220 1248
393221 1030
393222 958
393223 958
393224 1247
393225 1247
393226 1248
393227 1248
393228 1175
393229 1248
393230 1177
393231 1322
393232 1246
393233 1248
393234 1248
393235 1106
393236 1322
393237 1247
393238 1322
393239 1176
393240 1247
393241 1246
393242 1175
393243 1247
393244 1247
393245 1246
393246 1246
393247 1174
458752 747
458753 747
458754 1248
458755 1323
458756 1248
458757 1248
458758 1248
458759 1248
458760 1322
458761 1323
458762 1248
458763 887
458764 1248
458765 1177
458766 1248
458767 1106
458768 1248
458769 1248
458770 1466
458771 1465
458772 1466
458773 1247
458774 1246
458775 1247
458776 1105
458777 1246
458778 1105
458779 1246
458780 1176
458781 1034
458782 1105
458783 1247
524288 1405
524289 1106
524290 1177
524291 1248
524292 1251
524293 1175
524294 1176
524295 1104
524296 1247
524297 1247
524298 1104
524299 1175
524300 1247
524301 1247
524302 1247
524303 1247
524304 815
524305 1104
524306 1176
524307 1176
524308 1175
524309 1247
524310 1176
524311 1176
524312 1176
524313 1247
524314 1247
524315 1246
524316 1030
524317 1105
524318 1176
524319 1247
589824 894
589825 747
589826 1177
589827 1177
589828 1248
589829 1248
589830 1248
589831 1248
589832 1248
589833 1252
589834 1177
589835 1176
589836 1177
589837 1176
589838 1177
589839 1176
589840 1176
589841 1248
589842 1248
589843 1392
589844 1248
589845 1035
589846 1176
589847 1176
589848 1176
589849 1247
589850 1106
589851 1030
589852 1248
589853 1391
589854 1247
589855 1246
655360 1110
655361 1250
655362 1106
655363 1249
655364 1178
655365 1249
655366 1030
655367 1609
655368 1031
655369 1249
655370 1252
655371 1323
655372 1323
655373 1323
655374 1033
655375 239
655376 239
655377 239
655378 239
655379 239
655380 239
655381 239
655382 239
655383 239
655384 239
655385 239
655386 239
655387 239
655388 239
655389 239
655390 239
655391 239
kernel_count 53067
