0 1110
1 1247
2 1247
3 1176
4 1246
5 1176
6 1247
7 1105
8 1247
9 1246
10 1176
11 1246
12 1247
13 1247
14 1176
15 1247
16 1246
17 1176
18 1246
19 1247
20 1247
21 1176
22 1176
23 1176
24 1176
25 1176
26 1176
27 1247
28 1103
29 1176
30 1247
31 1247
65536 1253
65537 1247
65538 1176
65539 1247
65540 1247
65541 1247
65542 1177
65543 1248
65544 1247
65545 1106
65546 1176
65547 1248
65548 1248
65549 1248
65550 1248
65551 1248
65552 1106
65553 1176
65554 1176
65555 1322
65556 1247
65557 1247
65558 1247
65559 1105
65560 1175
65561 1175
65562 1176
65563 1247
65564 1247
65565 1247
65566 1247
65567 1247
131072 1254
131073 1249
131074 1249
131075 1249
131076 1249
131077 1249
131078 1249
131079 1465
131080 1178
131081 1322
131082 1322
131083 1394
131084 1249
131085 1177
131086 1034
131087 1248
131088 1249
131089 1249
131090 1249
131091 1248
131092 1175
131093 1324
131094 1323
131095 1320
131096 1248
131097 1249
131098 1248
131099 1247
131100 1464
131101 1464
131102 1247
131103 1247
196608 1182
196609 1251
196610 1177
196611 1177
196612 1248
196613 1030
196614 1252
196615 1247
196616 1106
196617 1248
196618 1248
196619 1247
196620 1248
196621 1393
196622 1177
196623 1393
196624 1248
196625 1177
196626 1322
196627 1106
196628 1248
196629 1248
196630 1247
196631 1248
196632 1177
196633 1030
196634 1248
196635 1392
196636 1248
196637 1177
196638 1392
196639 1247
262144 1110
262145 1177
262146 1105
262147 1176
262148 1247
262149 1247
262150 1181
262151 1180
262152 1250
262153 1177
262154 1177
262155 1393
262156 1246
262157 1251
262158 1176
262159 1176
262160 1176
262161 961
262162 1176
262163 1176
262164 1322
262165 1248
262166 1247
262167 1248
262168 1106
262169 1247
262170 1106
262171 1248
262172 1392
262173 1247
262174 1246
262175 1247
327680 1254
327681 1249
327682 1252
327683 1105
327684 1176
327685 1252
327686 1180
327687 1324
327688 1249
327689 1105
327690 1105
327691 1177
327692 1181
327693 1176
327694 1106
327695 1249
327696 1175
327697 1176
327698 1177
327699 1464
327700 1464
327701 1247
327702 1246
327703 1247
327704 1247
327705 1246
327706 1176
327707 1247
327708 1175
327709 1247
327710 1176
327711 1247
393216 1253
393217 1030
393218 747
393219 1177
393220 1248
393221 1465
393222 1177
393223 1324
393224 1465
393225 1323
393226 1322
393227 1030
393228 1323
393229 1177
393230 1248
393231 1247
393232 1248
393233 1176
393234 1029
393235 1248
393236 1393
393237 1322
393238 1247
393239 1247
393240 1176
393241 1247
393242 1247
393243 1247
393244 1176
393245 1030
393246 1247
393247 1103
458752 894
458753 1106
458754 1467
458755 1467
458756 1467
458757 747
458758 1396
458759 1467
458760 1248
458761 1176
458762 1176
458763 1176
458764 1176
458765 1176
458766 1176
458767 1176
458768 1106
458769 1030
458770 1030
458771 1248
458772 1106
458773 1030
458774 1247
458775 1176
458776 1247
458777 1248
458778 1106
458779 1248
458780 1106
458781 1248
458782 1322
458783 1322
524288 748
524289 1034
524290 1030
524291 1030
524292 1030
524293 1249
524294 1249
524295 1249
524296 1249
524297 1249
524298 1106
524299 1249
524300 1249
524301 1249
524302 1249
524303 1177
524304 1248
524305 1177
524306 1249
524307 1538
524308 1536
524309 1535
524310 1176
524311 959
524312 1247
524313 1247
524314 1105
524315 1174
524316 1174
524317 1245
524318 1245
524319 1245
589824 1688
589825 1677
589826 1679
589827 1248
589828 1247
589829 1248
589830 1248
589831 1248
589832 1248
589833 1247
589834 1252
589835 1252
589836 1252
589837 1323
589838 1247
589839 1248
589840 1393
589841 1392
589842 1323
589843 1247
589844 1252
589845 1323
589846 1323
589847 1247
589848 1248
589849 1106
589850 816
589851 1248
589852 1248
589853 1247
589854 1320
589855 1246
655360 1400
655361 1248
655362 1176
655363 1248
655364 1248
655365 1248
655366 1248
655367 1248
655368 1248
655369 1177
655370 1106
655371 1248
655372 1177
655373 1176
655374 1106
655375 1176
655376 1247
655377 1247
655378 1394
655379 1248
655380 1176
655381 1177
655382 1247
655383 1394
655384 1248
655385 1248
655386 1248
655387 1467
655388 1467
655389 1105
655390 1392
655391 1175
720896 1253
720897 1395
720898 1178
720899 1324
720900 1465
720901 1393
720902 1247
720903 1177
720904 1247
720905 239
720906 239
720907 239
720908 239
720909 239
720910 239
720911 239
720912 239
720913 239
720914 239
720915 239
720916 239
720917 239
720918 239
720919 239
720920 239
720921 239
720922 239
720923 239
720924 239
720925 239
720926 239
720927 239
kernel_count 58625
