0 1181
1 1247
2 1247
3 1176
4 1247
5 1176
6 1247
7 1247
8 1176
9 1247
10 1177
11 1177
12 1248
13 1177
14 1105
15 1177
16 1248
17 1248
18 1106
19 1177
20 1177
21 1248
22 1177
23 1177
24 1247
25 1176
26 1176
27 1248
28 1247
29 1322
30 1247
31 1175
65536 748
65537 1176
65538 1247
65539 1247
65540 1247
65541 1247
65542 1175
65543 1247
65544 1175
65545 1247
65546 1247
65547 1175
65548 1175
65549 1247
65550 1175
65551 1247
65552 1247
65553 1175
65554 1176
65555 1176
65556 1176
65557 1247
65558 1247
65559 1105
65560 1105
65561 1246
65562 1246
65563 1246
65564 1176
65565 1247
65566 1174
65567 1174
131072 748
131073 1177
131074 1248
131075 1248
131076 1177
131077 1177
131078 1177
131079 1177
131080 1176
131081 1177
131082 1177
131083 1177
131084 1248
131085 1248
131086 1248
131087 1393
131088 1248
131089 1248
131090 1322
131091 1394
131092 1248
131093 1321
131094 1391
131095 1176
131096 1246
131097 1247
131098 1176
131099 1176
131100 1176
131101 1246
131102 1247
131103 1175
196608 748
196609 1105
196610 1249
196611 1177
196612 1248
196613 1249
196614 1030
196615 1249
196616 1104
196617 1176
196618 1177
196619 1395
196620 1177
196621 1395
196622 1249
196623 1176
196624 1177
196625 1248
196626 1105
196627 1249
196628 1176
196629 1105
196630 1324
196631 1248
196632 1248
196633 1324
196634 1323
196635 1248
196636 1249
196637 1539
196638 1248
196639 1322
262144 1329
262145 1248
262146 1177
262147 1177
262148 1177
262149 1176
262150 1034
262151 1177
262152 1248
262153 1248
262154 1030
262155 1177
262156 1106
262157 1248
262158 1248
262159 1248
262160 1392
262161 1177
262162 1248
262163 1248
262164 1248
262165 1392
262166 1248
262167 1392
262168 1247
262169 1246
262170 1175
262171 1105
262172 1247
262173 1105
262174 1176
262175 1247
327680 1180
327681 1249
327682 1176
327683 962
327684 891
327685 1176
327686 1248
327687 1608
327688 1103
327689 1104
327690 1105
327691 1175
327692 1175
327693 1175
327694 1175
327695 1175
327696 1176
327697 1247
327698 1176
327699 1247
327700 1320
327701 1245
327702 1174
327703 1245
327704 1174
327705 1245
327706 1176
327707 1105
327708 1105
327709 1176
327710 1247
327711 1247
393216 1254
393217 1248
393218 1249
393219 1395
393220 1394
393221 1249
393222 1030
393223 1249
393224 1249
393225 1177
393226 1249
393227 1248
393228 1177
393229 1249
393230 1249
393231 1177
393232 1177
393233 1174
393234 1174
393235 1175
393236 1175
393237 1175
393238 1174
393239 1175
393240 1681
393241 1247
393242 1248
393243 1469
393244 1030
393245 1103
393246 960
393247 1175
458752 1254
458753 1248
458754 1176
458755 1177
458756 1106
458757 1106
458758 1247
458759 1177
458760 1177
458761 1252
458762 1393
458763 1251
458764 1248
458765 1105
458766 1248
458767 1177
458768 1247
458769 1106
458770 1248
458771 1104
458772 1104
458773 1177
458774 1247
458775 1177
458776 1248
458777 1323
458778 1393
458779 1248
458780 1323
458781 1393
458782 1394
458783 1247
524288 748
524289 822
524290 822
524291 822
524292 1177
524293 1249
524294 1394
524295 1249
524296 1393
524297 1035
524298 1248
524299 1177
524300 1249
524301 1177
524302 1249
524303 1248
524304 1248
524305 1248
524306 1248
524307 1030
524308 1394
524309 1030
524310 1106
524311 1248
524312 1248
524313 1248
524314 1322
524315 1030
524316 1322
524317 1030
524318 1247
524319 1103
589824 1329
589825 1396
589826 1249
589827 1106
589828 1325
589829 1249
589830 1249
589831 1249
589832 1249
589833 1395
589834 1249
589835 1395
589836 1610
589837 1247
589838 1248
589839 1246
589840 1248
589841 1177
589842 1177
589843 1248
589844 1248
589845 1247
589846 1247
589847 1106
589848 1322
589849 1248
589850 1248
589851 1248
589852 1248
589853 1248
589854 1322
589855 1322
655360 1254
655361 1250
655362 1395
655363 1326
655364 1178
655365 1178
655366 1250
655367 1249
655368 1466
655369 1107
655370 1249
655371 1398
655372 1253
655373 1248
655374 1253
655375 1254
655376 1325
655377 1248
655378 1247
655379 1249
655380 1470
655381 1322
655382 239
655383 239
655384 239
655385 239
655386 239
655387 239
655388 239
655389 239
655390 239
655391 239
kernel_count 54692
