0 1254
1 1177
2 1248
3 1248
4 1248
5 1177
6 1248
7 1248
8 1176
9 1248
10 1248
11 1248
12 1177
13 1248
14 1248
15 1248
16 1248
17 1248
18 1248
19 1248
20 1251
21 1247
22 1248
23 1247
24 1248
25 1176
26 1176
27 1176
28 1177
29 1177
30 1392
31 1390
65536 1328
65537 1322
65538 1397
65539 1248
65540 1397
65541 1247
65542 1248
65543 1177
65544 1176
65545 1106
65546 1106
65547 1177
65548 1176
65549 1177
65550 1397
65551 1105
65552 1397
65553 1394
65554 1030
65555 1248
65556 1177
65557 1397
65558 1247
65559 1397
65560 1393
65561 1030
65562 1248
65563 1322
65564 1322
65565 1322
65566 1322
65567 1247
131072 1254
131073 1251
131074 1250
131075 1248
131076 1322
131077 1177
131078 1176
131079 1248
131080 1248
131081 1177
131082 1176
131083 1248
131084 1248
131085 1176
131086 1247
131087 1247
131088 1248
131089 1321
131090 1247
131091 1321
131092 1247
131093 1321
131094 1248
131095 1247
131096 1248
131097 1248
131098 1321
131099 1247
131100 1321
131101 1247
131102 1321
131103 1247
196608 1253
196609 1106
196610 1248
196611 1176
196612 1248
196613 1248
196614 1248
196615 1248
196616 1248
196617 1393
196618 1248
196619 1248
196620 1248
196621 1247
196622 1248
196623 1248
196624 1322
196625 1322
196626 1247
196627 1247
196628 1247
196629 1247
196630 1246
196631 1246
196632 1175
196633 1246
196634 1245
196635 1105
196636 1246
196637 1246
196638 1175
196639 1102
262144 1254
262145 1176
262146 1177
262147 1246
262148 1248
262149 1247
262150 1248
262151 1248
262152 1394
262153 1106
262154 1248
262155 1248
262156 1175
262157 1177
262158 1177
262159 1104
262160 1177
262161 1248
262162 1248
262163 1248
262164 1248
262165 1177
262166 1177
262167 1106
262168 1106
262169 1248
262170 1325
262171 1397
262172 1248
262173 1105
262174 1177
262175 1321
327680 823
327681 1247
327682 1176
327683 1174
327684 1177
327685 1177
327686 1180
327687 1251
327688 1176
327689 1246
327690 1247
327691 1105
327692 1394
327693 1105
327694 958
327695 958
327696 958
327697 958
327698 958
327699 958
327700 958
327701 958
327702 1177
327703 1248
327704 1176
327705 958
327706 958
327707 958
327708 1393
327709 1322
327710 1177
327711 1322
393216 1254
393217 1469
393218 1248
393219 1249
393220 1468
393221 1249
393222 1106
393223 1178
393224 1249
393225 1106
393226 1248
393227 1463
393228 1248
393229 1177
393230 1248
393231 1177
393232 1248
393233 1106
393234 1177
393235 1106
393236 1177
393237 1177
393238 1030
393239 1030
393240 1248
393241 1248
393242 1248
393243 1246
393244 1248
393245 1247
393246 1106
393247 1321
458752 1181
458753 1324
458754 1248
458755 1177
458756 1106
458757 1247
458758 1249
458759 1249
458760 1249
458761 1177
458762 1029
458763 1029
458764 1248
458765 1177
458766 1465
458767 1249
458768 1106
458769 1323
458770 1248
458771 1323
458772 1249
458773 1106
458774 1323
458775 1248
458776 1248
458777 1176
458778 1247
458779 1249
458780 1249
458781 1394
458782 1394
458783 1174
524288 893
524289 1176
524290 1176
524291 1247
524292 1176
524293 1247
524294 1247
524295 1247
524296 1247
524297 1105
524298 1247
524299 1247
524300 1247
524301 1247
524302 1247
524303 1175
524304 1176
524305 1247
524306 1176
524307 1247
524308 1247
524309 1247
524310 1247
524311 1247
524312 1246
524313 1247
524314 1246
524315 1247
524316 1105
524317 1104
524318 1247
524319 1247
589824 748
589825 747
589826 747
589827 1538
589828 1177
589829 1106
589830 1248
589831 1466
589832 1324
589833 1177
589834 1249
589835 1248
589836 1465
589837 1248
589838 1251
589839 1247
589840 1247
589841 1247
589842 1175
589843 1247
589844 1247
589845 1247
589846 1247
589847 1247
589848 1247
589849 1247
589850 1247
589851 1247
589852 1247
589853 1247
589854 1247
589855 1247
655360 748
655361 746
655362 747
655363 1177
655364 1177
655365 1249
655366 1249
655367 1249
655368 1030
655369 1176
655370 1464
655371 1106
655372 1106
655373 1249
655374 1177
655375 1249
655376 1249
655377 1106
655378 1249
655379 1249
655380 1249
655381 1249
655382 1177
655383 1392
655384 1176
655385 1322
655386 1176
655387 1249
655388 1463
655389 958
655390 957
655391 1174
720896 747
720897 746
720898 746
720899 670
720900 1105
720901 1391
720902 1393
720903 1248
720904 1247
720905 1248
720906 1177
720907 1177
720908 1176
720909 1247
720910 1247
720911 1322
720912 1322
720913 1246
720914 1246
720915 1247
720916 1248
720917 1248
720918 1391
720919 1247
720920 1176
720921 1176
720922 1245
720923 1176
720924 1246
720925 1246
720926 1103
720927 1103
786432 1619
786433 1610
786434 1178
786435 1327
786436 1327
786437 1401
786438 1029
786439 1538
786440 1323
786441 1250
786442 1249
786443 1177
786444 1249
786445 1249
786446 1249
786447 1106
786448 1250
786449 1395
786450 1468
786451 239
786452 239
786453 239
786454 239
786455 239
786456 239
786457 239
786458 239
786459 239
786460 239
786461 239
786462 239
786463 239
kernel_count 64412
