0 1110
1 1177
2 1106
3 1249
4 1177
5 1106
6 1249
7 1395
8 1249
9 1249
10 1249
11 1176
12 1248
13 1248
14 1248
15 1248
16 1248
17 1248
18 1178
19 1249
20 1176
21 1249
22 1176
23 1177
24 1609
25 1251
26 1177
27 1248
28 1248
29 1248
30 1321
31 1247
65536 1182
65537 1177
65538 1247
65539 1177
65540 1176
65541 1247
65542 1248
65543 1248
65544 1177
65545 1177
65546 1177
65547 1177
65548 1177
65549 1247
65550 1176
65551 1248
65552 1248
65553 1248
65554 1248
65555 1248
65556 1248
65557 1248
65558 1176
65559 1030
65560 1030
65561 1106
65562 1106
65563 1030
65564 1248
65565 1251
65566 1246
65567 1102
131072 1182
131073 1248
131074 1248
131075 1248
131076 1248
131077 1248
131078 1248
131079 1248
131080 1248
131081 1323
131082 1248
131083 1181
131084 1323
131085 1105
131086 1106
131087 1248
131088 1177
131089 1248
131090 1248
131091 1248
131092 1248
131093 1248
131094 1177
131095 1247
131096 1248
131097 1248
131098 1247
131099 1248
131100 1106
131101 1248
131102 1248
131103 1392
196608 1182
196609 1176
196610 1106
196611 1106
196612 1106
196613 1035
196614 1252
196615 1325
196616 1177
196617 1176
196618 1181
196619 1181
196620 1181
196621 1181
196622 1182
196623 1465
196624 1394
196625 1249
196626 1247
196627 1467
196628 1393
196629 1393
196630 1678
196631 1176
196632 1247
196633 1246
196634 1176
196635 1176
196636 1246
196637 1247
196638 1247
196639 1247
262144 1034
262145 1248
262146 1249
262147 1249
262148 1248
262149 1106
262150 1177
262151 1106
262152 1106
262153 1178
262154 1030
262155 1030
262156 1106
262157 1178
262158 1030
262159 1178
262160 1030
262161 1030
262162 1106
262163 1106
262164 1249
262165 1249
262166 1030
262167 1464
262168 1464
262169 1464
262170 1249
262171 1393
262172 1247
262173 1175
262174 1176
262175 1247
327680 1254
327681 1247
327682 1248
327683 1106
327684 1248
327685 1248
327686 1248
327687 1248
327688 1322
327689 1247
327690 1175
327691 1247
327692 1247
327693 1246
327694 1246
327695 1246
327696 1247
327697 1247
327698 1247
327699 1246
327700 1247
327701 1247
327702 1247
327703 1246
327704 1247
327705 1030
327706 1247
327707 1247
327708 1247
327709 1104
327710 1104
327711 1173
393216 1181
393217 1249
393218 1248
393219 1249
393220 1178
393221 1177
393222 1249
393223 1249
393224 1248
393225 1249
393226 1249
393227 1249
393228 1249
393229 1249
393230 1248
393231 1249
393232 1249
393233 1249
393234 1249
393235 1249
393236 1249
393237 1464
393238 1176
393239 1247
393240 1175
393241 1103
393242 1175
393243 1247
393244 1246
393245 1246
393246 1247
393247 1247
458752 1254
458753 745
458754 745
458755 745
458756 1176
458757 1176
458758 1176
458759 1247
458760 1247
458761 1175
458762 1175
458763 1246
458764 1246
458765 1246
458766 1247
458767 1105
458768 1105
458769 1176
458770 1247
458771 1246
458772 1246
458773 1247
458774 1105
458775 1247
458776 1176
458777 1247
458778 1245
458779 1247
458780 1176
458781 1247
458782 1247
458783 1247
524288 1254
524289 1248
524290 1176
524291 1248
524292 1248
524293 1246
524294 1247
524295 1245
524296 1029
524297 239
524298 239
524299 239
524300 239
524301 239
524302 239
524303 239
524304 239
524305 239
524306 239
524307 239
524308 239
524309 239
524310 239
524311 239
524312 239
524313 239
524314 239
524315 239
524316 239
524317 239
524318 239
524319 239
kernel_count 42576
