0 1182
1 1248
2 1248
3 1248
4 1248
5 1177
6 1322
7 1323
8 1323
9 1248
10 1248
11 1177
12 1392
13 1247
14 1177
15 1247
16 1248
17 1176
18 1248
19 1176
20 1177
21 1106
22 1248
23 1248
24 1248
25 1247
26 1248
27 1248
28 1392
29 1392
30 1176
31 1247
65536 748
65537 747
65538 1034
65539 1177
65540 1029
65541 1106
65542 1106
65543 1248
65544 1248
65545 1104
65546 1176
65547 1176
65548 1177
65549 1106
65550 1248
65551 1106
65552 1397
65553 1029
65554 1323
65555 1105
65556 1247
65557 1322
65558 1396
65559 1176
65560 1247
65561 1247
65562 1247
65563 1247
65564 1247
65565 1247
65566 1247
65567 1247
131072 748
131073 1035
131074 1106
131075 1394
131076 1248
131077 1176
131078 1249
131079 1176
131080 1177
131081 1249
131082 1324
131083 1177
131084 1249
131085 1249
131086 1249
131087 1249
131088 1249
131089 1249
131090 1249
131091 1248
131092 1247
131093 1247
131094 1248
131095 1248
131096 1249
131097 1177
131098 1249
131099 1251
131100 1250
131101 1248
131102 1394
131103 1394
196608 1254
196609 1393
196610 1247
196611 1105
196612 959
196613 1248
196614 1176
196615 1393
196616 1392
196617 1247
196618 1247
196619 1247
196620 1248
196621 1248
196622 1248
196623 1248
196624 1248
196625 1322
196626 1248
196627 1247
196628 1106
196629 1030
196630 1106
196631 1106
196632 1177
196633 1106
196634 1177
196635 1175
196636 1104
196637 1104
196638 1178
196639 1103
262144 1403
262145 1249
262146 1249
262147 1249
262148 1249
262149 1394
262150 1248
262151 1247
262152 1248
262153 1177
262154 1177
262155 1248
262156 1030
262157 1321
262158 1248
262159 1106
262160 1248
262161 1177
262162 1247
262163 1174
262164 1176
262165 1174
262166 1174
262167 1248
262168 1247
262169 1247
262170 1247
262171 1248
262172 1248
262173 1247
262174 1321
262175 1247
327680 1253
327681 1248
327682 1106
327683 1248
327684 1248
327685 1177
327686 1248
327687 1248
327688 1248
327689 1247
327690 1175
327691 1175
327692 1106
327693 1248
327694 1248
327695 1248
327696 1248
327697 1250
327698 1106
327699 1248
327700 1177
327701 1029
327702 1247
327703 1176
327704 1247
327705 1248
327706 1177
327707 1248
327708 1177
327709 1105
327710 1248
327711 1322
393216 1253
393217 1177
393218 1248
393219 1248
393220 1176
393221 1249
393222 1249
393223 1249
393224 1249
393225 1176
393226 1249
393227 1029
393228 1249
393229 1249
393230 1248
393231 1248
393232 1177
393233 1249
393234 1175
393235 1249
393236 1324
393237 1176
393238 1464
393239 1464
393240 1249
393241 1324
393242 1466
393243 1247
393244 1247
393245 1176
393246 1247
393247 1247
458752 1254
458753 1248
458754 1248
458755 1248
458756 1176
458757 1176
458758 1177
458759 1177
458760 1177
458761 1248
458762 1248
458763 1247
458764 1177
458765 1247
458766 1248
458767 1176
458768 1177
458769 1177
458770 1247
458771 1176
458772 1248
458773 1248
458774 1247
458775 1393
458776 1106
458777 1248
458778 1248
458779 1177
458780 1177
458781 1176
458782 1247
458783 1178
524288 1254
524289 1248
524290 1248
524291 1248
524292 1177
524293 239
524294 239
524295 239
524296 239
524297 239
524298 239
524299 239
524300 239
524301 239
524302 239
524303 239
524304 239
524305 239
524306 239
524307 239
524308 239
524309 239
524310 239
524311 239
524312 239
524313 239
524314 239
524315 239
524316 239
524317 239
524318 239
524319 239
kernel_count 42252
