0 1033
1 1247
2 1247
3 1247
4 1247
5 1247
6 1247
7 1247
8 1247
9 1247
10 1247
11 1247
12 1247
13 1247
14 1247
15 1176
16 1247
17 1247
18 1247
19 1247
20 1247
21 1247
22 1247
23 1247
24 1247
25 1247
26 1247
27 1247
28 1247
29 1176
30 1247
31 1247
65536 1254
65537 1177
65538 1249
65539 1249
65540 1177
65541 1249
65542 1248
65543 1248
65544 1324
65545 1248
65546 1249
65547 1176
65548 1249
65549 1176
65550 1176
65551 1105
65552 1176
65553 1176
65554 1176
65555 1248
65556 1248
65557 1248
65558 1249
65559 1249
65560 1248
65561 1176
65562 1248
65563 1247
65564 1248
65565 1681
65566 1681
65567 1682
131072 1033
131073 1106
131074 1249
131075 1249
131076 1176
131077 1177
131078 1249
131079 1253
131080 1249
131081 1106
131082 1177
131083 1106
131084 1030
131085 1177
131086 1106
131087 1030
131088 1177
131089 1106
131090 1177
131091 1249
131092 1177
131093 1177
131094 1249
131095 1177
131096 1324
131097 1324
131098 1465
131099 1393
131100 1177
131101 1177
131102 1322
131103 1175
196608 1110
196609 1105
196610 1248
196611 1248
196612 1324
196613 1248
196614 1253
196615 1253
196616 1253
196617 1253
196618 1253
196619 1323
196620 1248
196621 1106
196622 1538
196623 1537
196624 1537
196625 1538
196626 1538
196627 1033
196628 1033
196629 1033
196630 1033
196631 1033
196632 1177
196633 1248
196634 1247
196635 1247
196636 1177
196637 1247
196638 1396
196639 1247
262144 1254
262145 1176
262146 1324
262147 1177
262148 1249
262149 1249
262150 1249
262151 1249
262152 1248
262153 1393
262154 1394
262155 1248
262156 1394
262157 1394
262158 1106
262159 1392
262160 1393
262161 1323
262162 1464
262163 1393
262164 1392
262165 1247
262166 1246
262167 1176
262168 1247
262169 1247
262170 1247
262171 1247
262172 1246
262173 1247
262174 1174
262175 1103
327680 1182
327681 1322
327682 1247
327683 1247
327684 1246
327685 1176
327686 1105
327687 1247
327688 1176
327689 1247
327690 1246
327691 1176
327692 1247
327693 1246
327694 1247
327695 1247
327696 1246
327697 1247
327698 1176
327699 1247
327700 1176
327701 1247
327702 1247
327703 1176
327704 1176
327705 1247
327706 1247
327707 1247
327708 1247
327709 1105
327710 1247
327711 1247
393216 1182
393217 1177
393218 1250
393219 1395
393220 1179
393221 1250
393222 1107
393223 1107
393224 1249
393225 1107
393226 1250
393227 1177
393228 1250
393229 1466
393230 1250
393231 1466
393232 1249
393233 1248
393234 1249
393235 1249
393236 1248
393237 1249
393238 1322
393239 1248
393240 1105
393241 239
393242 239
393243 239
393244 239
393245 239
393246 239
393247 239
kernel_count 35461
