0 1253
1 1248
2 1248
3 1248
4 1176
5 1248
6 1248
7 1176
8 1248
9 1248
10 1247
11 1248
12 1177
13 1106
14 1176
15 1177
16 1106
17 1177
18 1106
19 1105
20 1177
21 1248
22 1248
23 1392
24 1176
25 1104
26 1029
27 1029
28 1247
29 1247
30 1246
31 1246
65536 1037
65537 1249
65538 1248
65539 1176
65540 1176
65541 1176
65542 1176
65543 1539
65544 1539
65545 1247
65546 1248
65547 1248
65548 1177
65549 1177
65550 1248
65551 1248
65552 1247
65553 1247
65554 1392
65555 1175
65556 1248
65557 1176
65558 1105
65559 1247
65560 1247
65561 1392
65562 1175
65563 1247
65564 1176
65565 1247
65566 1175
65567 1175
131072 748
131073 1177
131074 1177
131075 1177
131076 1177
131077 1248
131078 1177
131079 1247
131080 1248
131081 1248
131082 1248
131083 1106
131084 1176
131085 1248
131086 1248
131087 1177
131088 1177
131089 1177
131090 1177
131091 1177
131092 1469
131093 1248
131094 1468
131095 1469
131096 1248
131097 1248
131098 1248
131099 1467
131100 1397
131101 1394
131102 1467
131103 1247
196608 748
196609 1248
196610 1176
196611 1248
196612 1248
196613 1247
196614 1177
196615 1247
196616 1248
196617 1106
196618 1248
196619 1247
196620 1247
196621 1248
196622 1248
196623 1248
196624 1248
196625 1176
196626 1248
196627 1248
196628 1248
196629 1248
196630 1247
196631 1246
196632 1392
196633 1176
196634 1246
196635 1176
196636 1247
196637 1246
196638 1392
196639 1102
262144 1252
262145 1468
262146 1248
262147 1395
262148 1106
262149 1249
262150 1249
262151 1106
262152 1249
262153 1397
262154 1397
262155 1248
262156 1106
262157 1106
262158 1249
262159 1177
262160 1322
262161 1394
262162 1249
262163 1249
262164 1248
262165 1249
262166 1248
262167 1249
262168 1177
262169 1177
262170 1469
262171 1248
262172 1248
262173 1466
262174 1394
262175 1394
327680 670
327681 1247
327682 1247
327683 744
327684 744
327685 744
327686 744
327687 1104
327688 1033
327689 1175
327690 1175
327691 1246
327692 1246
327693 1246
327694 1246
327695 1250
327696 1321
327697 1246
327698 1247
327699 1248
327700 1245
327701 1174
327702 1174
327703 1174
327704 1174
327705 1174
327706 1175
327707 1247
327708 1246
327709 1317
327710 1172
327711 1244
393216 1254
393217 1253
393218 1249
393219 1249
393220 1249
393221 1249
393222 1249
393223 1249
393224 1249
393225 1177
393226 1178
393227 1249
393228 1249
393229 1249
393230 1463
393231 1247
393232 1247
393233 1030
393234 1104
393235 1245
393236 1247
393237 1175
393238 1176
393239 1176
393240 1176
393241 1176
393242 1247
393243 1176
393244 1105
393245 1247
393246 1246
393247 1247
458752 748
458753 747
458754 892
458755 1176
458756 1248
458757 1248
458758 1249
458759 1608
458760 1175
458761 1323
458762 1252
458763 1247
458764 1247
458765 1105
458766 1248
458767 1248
458768 1248
458769 1248
458770 1321
458771 1246
458772 1247
458773 1247
458774 1247
458775 1247
458776 1247
458777 1247
458778 1247
458779 1247
458780 1247
458781 1245
458782 1245
458783 1245
524288 747
524289 747
524290 747
524291 747
524292 747
524293 747
524294 747
524295 747
524296 747
524297 747
524298 747
524299 891
524300 889
524301 1248
524302 1182
524303 1325
524304 1177
524305 1249
524306 1248
524307 1249
524308 1249
524309 1249
524310 1253
524311 1249
524312 1249
524313 1249
524314 1249
524315 1248
524316 1030
524317 1106
524318 1538
524319 1465
589824 1110
589825 1249
589826 1177
589827 897
589828 1249
589829 1178
589830 1177
589831 1325
589832 1249
589833 1325
589834 1249
589835 1175
589836 1177
589837 1177
589838 1177
589839 1177
589840 1177
589841 1249
589842 1249
589843 1030
589844 1324
589845 1608
589846 1249
589847 1611
589848 1325
589849 1609
589850 1249
589851 1325
589852 1611
589853 1176
589854 1176
589855 1175
655360 1254
655361 1248
655362 1177
655363 1248
655364 1248
655365 1177
655366 1248
655367 1247
655368 1248
655369 1247
655370 1248
655371 1248
655372 1034
655373 1248
655374 1247
655375 1106
655376 1248
655377 1248
655378 1247
655379 1252
655380 1248
655381 1248
655382 1323
655383 1177
655384 1247
655385 1248
655386 1177
655387 1248
655388 1394
655389 1175
655390 1247
655391 1103
720896 1182
720897 1249
720898 1249
720899 1249
720900 1249
720901 1249
720902 1249
720903 1176
720904 1177
720905 1324
720906 1249
720907 1248
720908 1106
720909 1106
720910 1034
720911 1105
720912 1034
720913 1105
720914 1034
720915 1105
720916 1034
720917 1105
720918 1249
720919 1393
720920 1249
720921 1249
720922 1249
720923 1176
720924 1177
720925 1462
720926 1247
720927 1463
786432 1252
786433 1248
786434 1177
786435 1250
786436 1250
786437 1035
786438 1250
786439 1250
786440 1250
786441 1250
786442 1179
786443 1250
786444 1325
786445 1325
786446 1325
786447 1250
786448 1250
786449 1253
786450 1324
786451 1247
786452 1394
786453 1251
786454 1177
786455 1249
786456 1250
786457 1250
786458 1250
786459 1250
786460 1395
786461 1467
786462 816
786463 239
kernel_count 65798
