0 1182
1 1249
2 1249
3 1249
4 1463
5 1247
6 1247
7 1247
8 1246
9 1247
10 1176
11 1246
12 1030
13 1030
14 1030
15 1029
16 1176
17 1246
18 1247
19 1176
20 1246
21 1176
22 1246
23 1175
24 1030
25 1247
26 1247
27 1176
28 1247
29 1247
30 1247
31 1247
65536 1253
65537 1249
65538 1105
65539 1248
65540 1324
65541 1248
65542 1323
65543 1176
65544 1324
65545 1177
65546 1249
65547 1249
65548 1248
65549 1249
65550 1249
65551 1249
65552 1177
65553 1177
65554 1106
65555 1249
65556 1106
65557 1249
65558 1106
65559 1249
65560 1248
65561 1608
65562 1249
65563 1105
65564 1176
65565 1609
65566 1103
65567 1174
131072 1117
131073 1106
131074 1030
131075 1030
131076 1321
131077 1246
131078 1248
131079 1248
131080 1248
131081 1105
131082 1247
131083 1180
131084 1180
131085 1177
131086 1248
131087 1248
131088 1248
131089 1248
131090 1177
131091 1248
131092 1248
131093 1321
131094 1246
131095 1176
131096 1246
131097 1246
131098 1176
131099 1246
131100 1246
131101 1105
131102 1246
131103 1247
196608 1110
196609 1106
196610 1249
196611 1177
196612 1396
196613 1248
196614 1029
196615 1105
196616 1177
196617 1248
196618 1248
196619 1394
196620 1394
196621 1248
196622 1249
196623 1249
196624 1394
196625 1324
196626 1394
196627 1324
196628 1394
196629 1323
196630 1465
196631 1247
196632 1248
196633 1248
196634 1177
196635 1323
196636 1248
196637 1392
196638 1246
196639 1175
262144 1254
262145 1249
262146 1249
262147 1177
262148 1323
262149 1465
262150 1324
262151 1177
262152 1030
262153 1463
262154 1462
262155 1466
262156 1463
262157 1466
262158 1393
262159 1106
262160 1106
262161 1106
262162 1248
262163 1106
262164 1106
262165 1106
262166 1248
262167 1247
262168 1177
262169 1321
262170 1322
262171 1322
262172 1247
262173 1105
262174 1247
262175 1175
327680 966
327681 1251
327682 1248
327683 1248
327684 1248
327685 1248
327686 1248
327687 1248
327688 1248
327689 1248
327690 1106
327691 1252
327692 1248
327693 1248
327694 1252
327695 1106
327696 1181
327697 1248
327698 1248
327699 1248
327700 1176
327701 1106
327702 1248
327703 1106
327704 1248
327705 1392
327706 1030
327707 1029
327708 1104
327709 1105
327710 1247
327711 1102
393216 748
393217 748
393218 1107
393219 1249
393220 1248
393221 1177
393222 1177
393223 1178
393224 1394
393225 1323
393226 1178
393227 1323
393228 1252
393229 1323
393230 1249
393231 1249
393232 1252
393233 1323
393234 1249
393235 1248
393236 1323
393237 1177
393238 1177
393239 239
393240 239
393241 239
393242 239
393243 239
393244 239
393245 239
393246 239
393247 239
kernel_count 34712
