0 1254
1 1247
2 1247
3 1247
4 1247
5 1247
6 1247
7 1247
8 1246
9 1247
10 1247
11 1247
12 1247
13 1176
14 1247
15 1247
16 1247
17 1176
18 1247
19 1030
20 1247
21 1247
22 1247
23 1247
24 1247
25 1247
26 1247
27 1247
28 1176
29 1247
30 1247
31 1247
65536 748
65537 1106
65538 1177
65539 1248
65540 1104
65541 1248
65542 1247
65543 1105
65544 1248
65545 1248
65546 1247
65547 1247
65548 1030
65549 1322
65550 1323
65551 1248
65552 1247
65553 1105
65554 1247
65555 1248
65556 1248
65557 1246
65558 1177
65559 1177
65560 1177
65561 1106
65562 1177
65563 1248
65564 1392
65565 1247
65566 1247
65567 1247
131072 1254
131073 1394
131074 1248
131075 1177
131076 1249
131077 1248
131078 1249
131079 1177
131080 1177
131081 1177
131082 1249
131083 1249
131084 1249
131085 1248
131086 1106
131087 1249
131088 1678
131089 1246
131090 1247
131091 1247
131092 1176
131093 1104
131094 1105
131095 1105
131096 1176
131097 1176
131098 1247
131099 1105
131100 1175
131101 1176
131102 1176
131103 1245
196608 1253
196609 1248
196610 1248
196611 1248
196612 1247
196613 1248
196614 1248
196615 1393
196616 1176
196617 1248
196618 1248
196619 1177
196620 1248
196621 1248
196622 1322
196623 1248
196624 1251
196625 1247
196626 1247
196627 1247
196628 1175
196629 1105
196630 1176
196631 1176
196632 1247
196633 1175
196634 1246
196635 1247
196636 1247
196637 1175
196638 1175
196639 1103
262144 1254
262145 1106
262146 1106
262147 1249
262148 1249
262149 1177
262150 1249
262151 1249
262152 1248
262153 1175
262154 1248
262155 1248
262156 1176
262157 1177
262158 1177
262159 1249
262160 1249
262161 1466
262162 1249
262163 1539
262164 1248
262165 1463
262166 1104
262167 1245
262168 1246
262169 1246
262170 1030
262171 1105
262172 1247
262173 1247
262174 1247
262175 1175
327680 1182
327681 1106
327682 1249
327683 1249
327684 1249
327685 1249
327686 1106
327687 1249
327688 1249
327689 1249
327690 1248
327691 1249
327692 1249
327693 1249
327694 1249
327695 1249
327696 1177
327697 1248
327698 1463
327699 1249
327700 1462
327701 1249
327702 1393
327703 1251
327704 1177
327705 1248
327706 1249
327707 1248
327708 1395
327709 1394
327710 1177
327711 1464
393216 1257
393217 1176
393218 1392
393219 1106
393220 1248
393221 1248
393222 1393
393223 1393
393224 1177
393225 1247
393226 1176
393227 1393
393228 1393
393229 1393
393230 1248
393231 1176
393232 1177
393233 1393
393234 1393
393235 1248
393236 1176
393237 1176
393238 1248
393239 1248
393240 1248
393241 1248
393242 1248
393243 1322
393244 1246
393245 1247
393246 1247
393247 1247
458752 1258
458753 1249
458754 1249
458755 1249
458756 1177
458757 1177
458758 1177
458759 1177
458760 1249
458761 1249
458762 1175
458763 1177
458764 1247
458765 1106
458766 1249
458767 1249
458768 1248
458769 1249
458770 1177
458771 1249
458772 1177
458773 1029
458774 1177
458775 1249
458776 1391
458777 1246
458778 1246
458779 1029
458780 1175
458781 1247
458782 1246
458783 1175
524288 1110
524289 1106
524290 1248
524291 1248
524292 1248
524293 1177
524294 1248
524295 1030
524296 1248
524297 1176
524298 1177
524299 1106
524300 1177
524301 1248
524302 1248
524303 1177
524304 1248
524305 1246
524306 1322
524307 1321
524308 1247
524309 1176
524310 1176
524311 1246
524312 1030
524313 1247
524314 1247
524315 1246
524316 1176
524317 1176
524318 1246
524319 1247
589824 748
589825 748
589826 1036
589827 1464
589828 1247
589829 1247
589830 1248
589831 1248
589832 1104
589833 239
589834 239
589835 239
589836 239
589837 239
589838 239
589839 239
589840 239
589841 239
589842 239
589843 239
589844 239
589845 239
589846 239
589847 239
589848 239
589849 239
589850 239
589851 239
589852 239
589853 239
589854 239
589855 239
kernel_count 48076
