0 1253
1 1322
2 1322
3 1322
4 1322
5 1322
6 1322
7 1030
8 1246
9 1247
10 1246
11 1246
12 1246
13 1246
14 1245
15 1246
16 1245
17 1246
18 1245
19 1246
20 1246
21 1105
22 1104
23 1246
24 1246
25 1246
26 1246
27 1246
28 1245
29 1244
30 1245
31 1244
65536 1253
65537 1247
65538 1106
65539 1248
65540 1106
65541 1106
65542 1248
65543 1247
65544 1106
65545 1248
65546 1247
65547 1248
65548 1248
65549 1177
65550 1248
65551 1106
65552 1175
65553 1248
65554 1106
65555 1248
65556 1248
65557 1248
65558 1106
65559 1177
65560 1176
65561 1248
65562 1177
65563 1320
65564 1174
65565 1247
65566 1247
65567 1247
131072 1254
131073 1249
131074 1537
131075 1177
131076 1248
131077 1249
131078 1249
131079 1249
131080 1538
131081 1538
131082 1249
131083 1537
131084 1177
131085 1176
131086 1176
131087 1106
131088 1249
131089 1249
131090 1249
131091 1249
131092 1177
131093 1177
131094 1106
131095 1249
131096 1177
131097 1177
131098 1464
131099 1175
131100 1030
131101 1030
131102 1176
131103 1245
196608 1182
196609 1176
196610 1177
196611 1177
196612 1176
196613 1177
196614 1248
196615 1248
196616 1248
196617 1248
196618 1248
196619 1105
196620 1248
196621 1177
196622 1247
196623 1248
196624 1177
196625 1177
196626 1177
196627 1177
196628 1106
196629 1177
196630 1177
196631 1177
196632 1177
196633 1322
196634 1322
196635 958
196636 1176
196637 1105
196638 1247
196639 1175
262144 1546
262145 1538
262146 1248
262147 1248
262148 1248
262149 1177
262150 1177
262151 1248
262152 1176
262153 1177
262154 1248
262155 1248
262156 1106
262157 1392
262158 1177
262159 1177
262160 1248
262161 1177
262162 1247
262163 1248
262164 1248
262165 1248
262166 1176
262167 1106
262168 1248
262169 1177
262170 1248
262171 1248
262172 1248
262173 1248
262174 1177
262175 1392
327680 1400
327681 1105
327682 1175
327683 1030
327684 1247
327685 1247
327686 1176
327687 1176
327688 1176
327689 1176
327690 1176
327691 1176
327692 1176
327693 1176
327694 1176
327695 1176
327696 1176
327697 1247
327698 1246
327699 1175
327700 1247
327701 1247
327702 1247
327703 1247
327704 1247
327705 1105
327706 1105
327707 1247
327708 1247
327709 1247
327710 1175
327711 1175
393216 1329
393217 747
393218 1322
393219 962
393220 1177
393221 1321
393222 747
393223 1322
393224 892
393225 1248
393226 1321
393227 1034
393228 1322
393229 1248
393230 1248
393231 1248
393232 1248
393233 1251
393234 1176
393235 1247
393236 1176
393237 1105
393238 1175
393239 1175
393240 1246
393241 1030
393242 1247
393243 1176
393244 1247
393245 1247
393246 1174
393247 1174
458752 1254
458753 1177
458754 1249
458755 1249
458756 1249
458757 1177
458758 1176
458759 1175
458760 1030
458761 1249
458762 1249
458763 1249
458764 1249
458765 1249
458766 1465
458767 1247
458768 1247
458769 1177
458770 1394
458771 1177
458772 1249
458773 1249
458774 1176
458775 1176
458776 1176
458777 1249
458778 1249
458779 1538
458780 1175
458781 1177
458782 1248
458783 1322
524288 1254
524289 1177
524290 1248
524291 1247
524292 1176
524293 1177
524294 1248
524295 1248
524296 1248
524297 1248
524298 1248
524299 1248
524300 1248
524301 1248
524302 1248
524303 1248
524304 1248
524305 1248
524306 1248
524307 1247
524308 1248
524309 1248
524310 1248
524311 1247
524312 1248
524313 1176
524314 1248
524315 1105
524316 1176
524317 1251
524318 1321
524319 1103
589824 1253
589825 1177
589826 1394
589827 1248
589828 1248
589829 1394
589830 1248
589831 1252
589832 1394
589833 1177
589834 1177
589835 1248
589836 1176
589837 1176
589838 1247
589839 1248
589840 1177
589841 1248
589842 1248
589843 1247
589844 1247
589845 1177
589846 1248
589847 1248
589848 1248
589849 1248
589850 1539
589851 1322
589852 1247
589853 1176
589854 1247
589855 1247
655360 748
655361 668
655362 239
655363 239
655364 239
655365 239
655366 239
655367 239
655368 239
655369 239
655370 239
655371 239
655372 239
655373 239
655374 239
655375 239
655376 239
655377 239
655378 239
655379 239
655380 239
655381 239
655382 239
655383 239
655384 239
655385 239
655386 239
655387 239
655388 239
655389 239
655390 239
655391 239
kernel_count 51987
