0 1254
1 1322
2 1247
3 1247
4 1246
5 1246
6 1176
7 1246
8 1104
9 1105
10 1105
11 1247
12 1246
13 1176
14 1176
15 1176
16 1176
17 1176
18 1176
19 1176
20 1246
21 1176
22 1176
23 1104
24 1247
25 1247
26 1247
27 1247
28 1175
29 1247
30 1175
31 1028
65536 1254
65537 1247
65538 1247
65539 1247
65540 1176
65541 1247
65542 1247
65543 1247
65544 1247
65545 1247
65546 1246
65547 1247
65548 1246
65549 1175
65550 1247
65551 1176
65552 1247
65553 1245
65554 1247
65555 1247
65556 1247
65557 1246
65558 1247
65559 1247
65560 1247
65561 1247
65562 1246
65563 1176
65564 1247
65565 1176
65566 1176
65567 1247
131072 1181
131073 1177
131074 1249
131075 1249
131076 1249
131077 1249
131078 1249
131079 1249
131080 1249
131081 1177
131082 1177
131083 1177
131084 1177
131085 1177
131086 1249
131087 1249
131088 1249
131089 1249
131090 1249
131091 1249
131092 1249
131093 1465
131094 1177
131095 1249
131096 1394
131097 1249
131098 1394
131099 1464
131100 1539
131101 1176
131102 1247
131103 1247
196608 1253
196609 1248
196610 1174
196611 1247
196612 1177
196613 1177
196614 1175
196615 1030
196616 1176
196617 1029
196618 1248
196619 1248
196620 1248
196621 1248
196622 1323
196623 1248
196624 1248
196625 1248
196626 1177
196627 1247
196628 1177
196629 1248
196630 1248
196631 1176
196632 1392
196633 1247
196634 1247
196635 1247
196636 1175
196637 1247
196638 1104
196639 1175
262144 748
262145 1105
262146 1248
262147 1105
262148 1321
262149 1030
262150 1030
262151 1177
262152 1247
262153 1247
262154 1248
262155 1247
262156 1176
262157 1248
262158 1248
262159 1393
262160 1392
262161 1248
262162 1176
262163 1248
262164 1176
262165 1177
262166 1248
262167 1248
262168 1247
262169 1248
262170 1251
262171 1176
262172 1105
262173 1247
262174 1247
262175 1103
327680 1254
327681 1247
327682 1247
327683 1175
327684 1247
327685 1247
327686 1105
327687 1246
327688 1247
327689 1246
327690 1247
327691 1247
327692 1247
327693 1247
327694 1246
327695 1247
327696 1247
327697 1176
327698 1176
327699 1175
327700 1176
327701 1176
327702 1246
327703 1246
327704 1246
327705 1247
327706 1176
327707 1246
327708 1247
327709 1174
327710 1175
327711 1175
393216 747
393217 747
393218 1178
393219 1178
393220 1176
393221 1249
393222 1176
393223 1176
393224 1823
393225 1249
393226 1464
393227 1177
393228 1249
393229 1249
393230 1464
393231 1249
393232 1249
393233 1248
393234 1463
393235 1245
393236 1246
393237 1105
393238 1033
393239 1245
393240 1175
393241 1247
393242 1176
393243 1246
393244 1247
393245 1246
393246 1247
393247 1247
458752 1037
458753 1177
458754 1177
458755 1177
458756 1177
458757 1248
458758 1247
458759 1176
458760 1177
458761 1177
458762 1106
458763 1396
458764 1246
458765 1248
458766 1176
458767 1176
458768 1176
458769 1246
458770 1176
458771 1247
458772 1176
458773 1248
458774 1247
458775 1248
458776 1177
458777 1248
458778 1251
458779 1248
458780 1321
458781 1247
458782 1247
458783 1247
524288 1254
524289 1248
524290 1247
524291 670
524292 747
524293 1106
524294 1248
524295 1323
524296 1248
524297 1034
524298 963
524299 1035
524300 1248
524301 1034
524302 963
524303 1177
524304 1248
524305 1323
524306 1177
524307 1323
524308 1177
524309 1248
524310 1248
524311 1248
524312 1392
524313 1247
524314 1247
524315 1247
524316 1247
524317 1247
524318 1247
524319 1103
589824 1038
589825 747
589826 1034
589827 1034
589828 1176
589829 1248
589830 1176
589831 1105
589832 1322
589833 1321
589834 1105
589835 1322
589836 1321
589837 1247
589838 1248
589839 1247
589840 1247
589841 1247
589842 1030
589843 1248
589844 1176
589845 1176
589846 1248
589847 1177
589848 1176
589849 1176
589850 1176
589851 1176
589852 1247
589853 1322
589854 1247
589855 1247
655360 1181
655361 1248
655362 1105
655363 1178
655364 1464
655365 1248
655366 1248
655367 1177
655368 1248
655369 1177
655370 1176
655371 1248
655372 1323
655373 1033
655374 1248
655375 1248
655376 1177
655377 1248
655378 1104
655379 745
655380 1176
655381 1248
655382 1248
655383 1177
655384 1177
655385 1248
655386 1248
655387 1247
655388 1247
655389 1394
655390 1246
655391 1246
720896 1254
720897 1248
720898 1249
720899 1323
720900 1249
720901 1178
720902 1178
720903 1248
720904 1324
720905 1321
720906 1030
720907 239
720908 239
720909 239
720910 239
720911 239
720912 239
720913 239
720914 239
720915 239
720916 239
720917 239
720918 239
720919 239
720920 239
720921 239
720922 239
720923 239
720924 239
720925 239
720926 239
720927 239
kernel_count 57913
