0 1180
1 1177
2 1323
3 1323
4 1106
5 1248
6 1247
7 1177
8 1248
9 1247
10 1247
11 1248
12 1248
13 1247
14 1177
15 1248
16 1248
17 1247
18 1248
19 1106
20 1248
21 1247
22 1391
23 1177
24 1247
25 1392
26 1175
27 1247
28 1105
29 1247
30 959
31 1247
65536 1181
65537 1249
65538 1105
65539 1326
65540 1326
65541 1397
65542 1106
65543 1177
65544 1327
65545 1326
65546 1326
65547 1249
65548 1177
65549 1177
65550 1326
65551 1326
65552 1397
65553 1106
65554 1248
65555 1249
65556 1249
65557 1464
65558 1178
65559 1249
65560 1178
65561 1030
65562 1464
65563 1322
65564 1247
65565 1247
65566 1246
65567 1246
131072 1254
131073 1248
131074 1248
131075 1248
131076 1392
131077 1246
131078 1246
131079 1176
131080 1247
131081 1247
131082 1247
131083 1247
131084 1247
131085 1176
131086 1247
131087 1247
131088 1176
131089 1246
131090 1175
131091 1176
131092 1176
131093 1246
131094 1247
131095 1175
131096 1105
131097 1247
131098 1247
131099 1247
131100 1105
131101 1247
131102 1246
131103 1247
196608 746
196609 1177
196610 1248
196611 1248
196612 1248
196613 1248
196614 1248
196615 1248
196616 1248
196617 1248
196618 1247
196619 1248
196620 1392
196621 1392
196622 1247
196623 1176
196624 1176
196625 1247
196626 1247
196627 1247
196628 1247
196629 1247
196630 1247
196631 1247
196632 1176
196633 1175
196634 1246
196635 1247
196636 1175
196637 1247
196638 1030
196639 1247
262144 1254
262145 1177
262146 1249
262147 1609
262148 1609
262149 1395
262150 1392
262151 1251
262152 1179
262153 1466
262154 1249
262155 1177
262156 1177
262157 1105
262158 1105
262159 1105
262160 1251
262161 1249
262162 1324
262163 1248
262164 1323
262165 1249
262166 1465
262167 1321
262168 1321
262169 1105
262170 1176
262171 1177
262172 1248
262173 1248
262174 1322
262175 1322
327680 1254
327681 1177
327682 1248
327683 1249
327684 1106
327685 1249
327686 1106
327687 1177
327688 1249
327689 1249
327690 1248
327691 1105
327692 1178
327693 1175
327694 1106
327695 1248
327696 1177
327697 1105
327698 1247
327699 1176
327700 1249
327701 1177
327702 1248
327703 1249
327704 1176
327705 1105
327706 1248
327707 1177
327708 1248
327709 1395
327710 1323
327711 1537
393216 1254
393217 1177
393218 1248
393219 1324
393220 1394
393221 1541
393222 1540
393223 1247
393224 1248
393225 1323
393226 1469
393227 1247
393228 1248
393229 1251
393230 1322
393231 1322
393232 1248
393233 1248
393234 1247
393235 1248
393236 1177
393237 1105
393238 1248
393239 1248
393240 1248
393241 1321
393242 1322
393243 1176
393244 1247
393245 1247
393246 1247
393247 1246
458752 1037
458753 746
458754 1034
458755 1177
458756 1248
458757 1247
458758 1247
458759 1176
458760 1246
458761 1247
458762 1177
458763 1248
458764 1248
458765 1177
458766 1176
458767 1248
458768 1248
458769 1248
458770 1106
458771 1248
458772 1247
458773 1104
458774 1104
458775 1103
458776 1033
458777 1104
458778 1176
458779 1397
458780 1247
458781 1394
458782 1248
458783 1469
524288 1257
524289 1107
524290 1107
524291 1107
524292 1177
524293 1177
524294 1107
524295 1250
524296 1249
524297 1250
524298 1250
524299 1179
524300 1178
524301 1107
524302 1248
524303 1250
524304 1609
524305 1249
524306 1248
524307 1178
524308 1322
524309 1248
524310 1248
524311 1249
524312 239
524313 239
524314 239
524315 239
524316 239
524317 239
524318 239
524319 239
kernel_count 45540
