0 1253
1 1177
2 1247
3 1247
4 1177
5 1247
6 1177
7 1247
8 1247
9 1177
10 1247
11 1177
12 1247
13 1247
14 1177
15 1247
16 1177
17 1247
18 1248
19 1248
20 1393
21 1248
22 1247
23 1247
24 1247
25 1247
26 1322
27 1251
28 1248
29 1322
30 1247
31 1247
65536 748
65537 1248
65538 1247
65539 1248
65540 1247
65541 1322
65542 1251
65543 1322
65544 1251
65545 1105
65546 1248
65547 1248
65548 1176
65549 1247
65550 1247
65551 1248
65552 1248
65553 1106
65554 1248
65555 1248
65556 1321
65557 1251
65558 1104
65559 1104
65560 1246
65561 1175
65562 1246
65563 1247
65564 1175
65565 1245
65566 1245
65567 1247
131072 1110
131073 1177
131074 1106
131075 1030
131076 1106
131077 1030
131078 1106
131079 1177
131080 1247
131081 1249
131082 1249
131083 1394
131084 1394
131085 1177
131086 1249
131087 1323
131088 1324
131089 1249
131090 1249
131091 1177
131092 1106
131093 1105
131094 1248
131095 1249
131096 1106
131097 1249
131098 1463
131099 1175
131100 1247
131101 1104
131102 1175
131103 1246
196608 1254
196609 1246
196610 1176
196611 1467
196612 1394
196613 1253
196614 1397
196615 1398
196616 1468
196617 1397
196618 1181
196619 1324
196620 1104
196621 1175
196622 1175
196623 1175
196624 1175
196625 1175
196626 1175
196627 1175
196628 1175
196629 1175
196630 1175
196631 1175
196632 1175
196633 1175
196634 1175
196635 1247
196636 1176
196637 1176
196638 1246
196639 1175
262144 1036
262145 1248
262146 1248
262147 1248
262148 1248
262149 1248
262150 1248
262151 1248
262152 1248
262153 1248
262154 1247
262155 1322
262156 1395
262157 1323
262158 1247
262159 1394
262160 1395
262161 1252
262162 1469
262163 1397
262164 1542
262165 1394
262166 1250
262167 1247
262168 1246
262169 1176
262170 1030
262171 1175
262172 1175
262173 1030
262174 1247
262175 1247
327680 894
327681 1538
327682 1177
327683 1249
327684 1249
327685 1249
327686 1249
327687 1249
327688 1249
327689 1249
327690 1249
327691 1249
327692 1249
327693 1249
327694 1249
327695 1177
327696 1248
327697 1249
327698 1249
327699 1249
327700 1249
327701 1249
327702 1249
327703 1249
327704 1106
327705 1248
327706 1249
327707 1249
327708 1248
327709 1248
327710 1465
327711 1466
393216 1254
393217 1465
393218 1250
393219 1250
393220 1107
393221 1250
393222 1250
393223 1250
393224 1107
393225 1250
393226 1395
393227 1107
393228 1250
393229 1466
393230 1465
393231 1322
393232 1249
393233 1107
393234 1249
393235 1249
393236 1249
393237 1107
393238 1249
393239 1177
393240 1180
393241 1175
393242 239
393243 239
393244 239
393245 239
393246 239
393247 239
kernel_count 35483
