0 1182
1 1177
2 1392
3 1175
4 1247
5 1176
6 1247
7 1247
8 1247
9 1175
10 1105
11 1246
12 1247
13 1247
14 1246
15 1176
16 1176
17 1105
18 1247
19 1247
20 1176
21 1176
22 1105
23 1175
24 1175
25 1176
26 1246
27 1247
28 1247
29 1246
30 1104
31 1175
65536 748
65537 747
65538 747
65539 747
65540 1106
65541 1176
65542 1248
65543 1248
65544 1249
65545 1249
65546 1249
65547 1106
65548 1248
65549 1177
65550 1177
65551 1177
65552 1029
65553 1105
65554 1106
65555 1177
65556 1177
65557 1464
65558 1247
65559 1105
65560 1176
65561 1246
65562 1247
65563 1105
65564 1247
65565 1246
65566 1247
65567 1247
131072 1472
131073 1464
131074 1464
131075 1464
131076 1464
131077 1249
131078 1178
131079 1249
131080 1176
131081 1249
131082 1249
131083 1249
131084 1249
131085 1249
131086 1249
131087 1249
131088 1177
131089 1249
131090 1177
131091 1249
131092 1249
131093 1248
131094 1249
131095 1249
131096 1248
131097 1248
131098 1463
131099 1173
131100 956
131101 956
131102 956
131103 956
196608 1110
196609 1177
196610 1177
196611 1106
196612 1106
196613 1392
196614 1177
196615 1248
196616 1248
196617 1461
196618 1463
196619 1176
196620 1175
196621 1247
196622 1247
196623 1174
196624 1246
196625 1247
196626 1246
196627 962
196628 1246
196629 1246
196630 1247
196631 1247
196632 1247
196633 1105
196634 1247
196635 1030
196636 1247
196637 1247
196638 1247
196639 1246
262144 748
262145 747
262146 1177
262147 1035
262148 747
262149 747
262150 746
262151 963
262152 1248
262153 1177
262154 1248
262155 1177
262156 1177
262157 1177
262158 963
262159 1176
262160 1106
262161 1247
262162 1105
262163 1176
262164 1324
262165 1177
262166 1248
262167 1248
262168 1246
262169 1248
262170 1248
262171 1247
262172 1177
262173 1248
262174 1248
262175 1322
327680 1254
327681 1247
327682 1247
327683 1247
327684 1175
327685 1105
327686 1176
327687 1033
327688 1104
327689 1247
327690 1105
327691 1105
327692 1105
327693 1176
327694 1247
327695 1247
327696 1247
327697 1176
327698 1246
327699 1247
327700 1176
327701 1247
327702 1247
327703 1247
327704 1174
327705 1247
327706 1176
327707 1105
327708 1246
327709 1246
327710 1247
327711 1246
393216 1254
393217 1030
393218 1176
393219 1246
393220 1247
393221 1176
393222 1176
393223 1247
393224 1175
393225 1247
393226 1246
393227 1247
393228 1030
393229 1105
393230 1104
393231 1105
393232 1247
393233 1247
393234 1247
393235 1175
393236 1247
393237 1175
393238 1176
393239 1176
393240 1105
393241 1105
393242 1176
393243 1247
393244 1246
393245 1246
393246 1030
393247 1247
458752 1110
458753 1249
458754 1395
458755 1248
458756 1247
458757 1247
458758 1248
458759 1176
458760 1248
458761 1248
458762 1248
458763 1248
458764 1248
458765 1248
458766 1248
458767 1248
458768 1392
458769 1247
458770 1247
458771 1247
458772 1175
458773 1247
458774 1175
458775 1175
458776 1247
458777 960
458778 1247
458779 960
458780 1247
458781 1245
458782 1246
458783 1246
524288 1253
524289 1248
524290 1250
524291 1178
524292 1250
524293 1250
524294 1178
524295 1177
524296 1249
524297 1250
524298 1250
524299 1176
524300 1249
524301 1178
524302 1250
524303 1250
524304 1106
524305 1395
524306 1611
524307 1248
524308 1248
524309 1248
524310 1248
524311 1247
524312 1248
524313 1248
524314 1176
524315 1247
524316 1248
524317 1240
524318 239
524319 239
kernel_count 44684
