0 1109
1 1248
2 1248
3 1248
4 1248
5 1248
6 1176
7 1393
8 1248
9 1105
10 1248
11 1248
12 1248
13 1248
14 1248
15 1248
16 1248
17 1176
18 1322
19 1247
20 1248
21 1321
22 1248
23 1321
24 1247
25 1176
26 1176
27 1175
28 1176
29 1176
30 1247
31 1247
65536 1253
65537 1247
65538 1176
65539 1247
65540 1029
65541 1029
65542 1247
65543 1175
65544 1245
65545 1247
65546 1176
65547 1176
65548 1247
65549 1247
65550 1247
65551 1247
65552 1105
65553 1247
65554 1247
65555 1247
65556 1247
65557 1247
65558 1247
65559 1247
65560 1247
65561 1247
65562 1247
65563 1247
65564 1247
65565 1247
65566 1247
65567 1247
131072 1182
131073 1248
131074 1248
131075 1248
131076 1248
131077 1176
131078 1248
131079 1248
131080 1248
131081 1106
131082 1106
131083 1106
131084 1176
131085 1248
131086 1247
131087 1248
131088 1247
131089 1322
131090 1247
131091 1176
131092 1247
131093 1247
131094 1247
131095 1247
131096 1175
131097 1176
131098 1105
131099 1245
131100 1176
131101 1247
131102 1246
131103 1175
196608 1401
196609 1393
196610 1247
196611 1247
196612 1247
196613 1105
196614 1176
196615 1176
196616 1247
196617 1247
196618 1247
196619 1247
196620 1176
196621 1247
196622 1029
196623 1247
196624 1247
196625 1247
196626 1246
196627 1247
196628 1247
196629 1175
196630 1176
196631 1176
196632 1176
196633 1247
196634 1247
196635 1104
196636 1247
196637 1247
196638 1247
196639 1175
262144 1110
262145 1177
262146 1248
262147 1394
262148 1176
262149 1247
262150 1247
262151 1247
262152 1176
262153 1176
262154 1246
262155 1247
262156 1176
262157 1247
262158 1176
262159 1247
262160 1105
262161 1175
262162 1176
262163 1176
262164 1247
262165 1247
262166 1247
262167 1247
262168 1173
262169 1173
262170 1176
262171 1247
262172 1247
262173 1247
262174 1175
262175 1103
327680 1254
327681 1248
327682 1248
327683 1248
327684 1247
327685 1248
327686 1177
327687 1029
327688 1177
327689 1248
327690 1393
327691 1248
327692 1248
327693 1105
327694 1248
327695 1247
327696 1248
327697 1248
327698 1248
327699 1248
327700 1247
327701 1248
327702 1248
327703 1248
327704 1248
327705 1176
327706 1248
327707 1248
327708 1393
327709 1394
327710 1322
327711 1322
393216 1253
393217 1248
393218 1248
393219 1248
393220 1248
393221 1248
393222 1393
393223 1394
393224 1248
393225 1247
393226 1176
393227 1033
393228 1248
393229 1393
393230 1177
393231 1248
393232 1248
393233 1247
393234 1248
393235 1394
393236 1248
393237 1248
393238 1394
393239 1248
393240 1248
393241 1248
393242 1176
393243 1248
393244 1248
393245 1248
393246 1323
393247 1536
458752 824
458753 1184
458754 1248
458755 1247
458756 1247
458757 1176
458758 1323
458759 1248
458760 1248
458761 1177
458762 1247
458763 1248
458764 1106
458765 1247
458766 1245
458767 1247
458768 1245
458769 1248
458770 1177
458771 1247
458772 1106
458773 1175
458774 1248
458775 1177
458776 1177
458777 1248
458778 1248
458779 1248
458780 1321
458781 1247
458782 1247
458783 1247
524288 748
524289 963
524290 1030
524291 1177
524292 1176
524293 1248
524294 1248
524295 1248
524296 1248
524297 1248
524298 1248
524299 1248
524300 1248
524301 1248
524302 1248
524303 1393
524304 1248
524305 1247
524306 1106
524307 1106
524308 1106
524309 1251
524310 1105
524311 1105
524312 1106
524313 1322
524314 1247
524315 1246
524316 1246
524317 1245
524318 1247
524319 1247
589824 1254
589825 1106
589826 1248
589827 952
589828 239
589829 239
589830 239
589831 239
589832 239
589833 239
589834 239
589835 239
589836 239
589837 239
589838 239
589839 239
589840 239
589841 239
589842 239
589843 239
589844 239
589845 239
589846 239
589847 239
589848 239
589849 239
589850 239
589851 239
589852 239
589853 239
589854 239
589855 239
kernel_count 47233
