0 1110
1 1030
2 1246
3 1246
4 1030
5 1246
6 1247
7 1245
8 1247
9 1246
10 1245
11 1247
12 1246
13 1245
14 1247
15 1245
16 1246
17 1247
18 1246
19 1104
20 1246
21 1246
22 1247
23 1246
24 1246
25 1246
26 1247
27 1030
28 1247
29 1247
30 1247
31 1174
65536 1110
65537 1105
65538 1176
65539 1249
65540 1177
65541 1032
65542 1105
65543 1105
65544 1105
65545 1249
65546 1177
65547 1032
65548 1177
65549 1248
65550 1249
65551 1466
65552 1248
65553 1106
65554 1106
65555 1176
65556 1248
65557 1466
65558 1394
65559 1246
65560 1105
65561 1247
65562 1247
65563 1176
65564 1247
65565 1247
65566 1247
65567 1247
131072 1328
131073 747
131074 747
131075 1321
131076 1176
131077 1248
131078 1177
131079 1246
131080 1248
131081 1247
131082 1247
131083 1248
131084 1390
131085 1245
131086 1246
131087 1247
131088 1105
131089 1105
131090 1174
131091 1246
131092 1175
131093 1247
131094 1176
131095 1247
131096 1247
131097 1247
131098 1246
131099 1247
131100 1247
131101 1175
131102 1246
131103 1246
196608 747
196609 962
196610 1176
196611 1176
196612 1176
196613 1175
196614 1247
196615 1247
196616 1176
196617 1248
196618 1104
196619 1104
196620 1175
196621 1248
196622 1248
196623 1248
196624 1177
196625 1176
196626 1248
196627 1247
196628 1248
196629 1248
196630 1177
196631 1252
196632 1392
196633 1391
196634 1392
196635 1247
196636 1247
196637 1247
196638 1176
196639 1247
262144 1329
262145 1322
262146 1105
262147 1176
262148 1175
262149 1105
262150 1247
262151 1176
262152 1245
262153 1175
262154 888
262155 1176
262156 1247
262157 1030
262158 1247
262159 1247
262160 1247
262161 1175
262162 1247
262163 1247
262164 1105
262165 1246
262166 1245
262167 1175
262168 1176
262169 1247
262170 1105
262171 1105
262172 1176
262173 1175
262174 1175
262175 1175
327680 1182
327681 1105
327682 239
327683 239
327684 239
327685 239
327686 239
327687 239
327688 239
327689 239
327690 239
327691 239
327692 239
327693 239
327694 239
327695 239
327696 239
327697 239
327698 239
327699 239
327700 239
327701 239
327702 239
327703 239
327704 239
327705 239
327706 239
327707 239
327708 239
327709 239
327710 239
327711 239
kernel_count 25984
