0 1253
1 1176
2 1246
3 1176
4 1246
5 1176
6 1246
7 1176
8 1247
9 1030
10 1105
11 1105
12 1175
13 1247
14 1246
15 1246
16 1247
17 1246
18 1246
19 1246
20 1247
21 1246
22 1247
23 1247
24 1247
25 1175
26 1247
27 1247
28 1247
29 1176
30 1247
31 1247
65536 1253
65537 1247
65538 1176
65539 1247
65540 1247
65541 1175
65542 1174
65543 1105
65544 1246
65545 1245
65546 1245
65547 1246
65548 1175
65549 1247
65550 1247
65551 1247
65552 1247
65553 1247
65554 1247
65555 1247
65556 1247
65557 1247
65558 1247
65559 1246
65560 1247
65561 1247
65562 1247
65563 1247
65564 1247
65565 1247
65566 1030
65567 1245
131072 1109
131073 1177
131074 1248
131075 1105
131076 1248
131077 1248
131078 1177
131079 1177
131080 1248
131081 1176
131082 1248
131083 1176
131084 1248
131085 1248
131086 1177
131087 1177
131088 1248
131089 1248
131090 1177
131091 1248
131092 1248
131093 1177
131094 1177
131095 1248
131096 1248
131097 1177
131098 1248
131099 1391
131100 1391
131101 1391
131102 1391
131103 1247
196608 1182
196609 1248
196610 1247
196611 1248
196612 1248
196613 1248
196614 1248
196615 1176
196616 1248
196617 1177
196618 1247
196619 1247
196620 1248
196621 1106
196622 1176
196623 1321
196624 1247
196625 1176
196626 1247
196627 1245
196628 1174
196629 1030
196630 1175
196631 1175
196632 1247
196633 957
196634 1246
196635 1247
196636 1247
196637 1247
196638 1246
196639 1247
262144 1182
262145 1248
262146 1177
262147 1177
262148 1247
262149 1247
262150 1322
262151 1106
262152 1322
262153 1323
262154 1252
262155 1323
262156 1247
262157 1176
262158 1323
262159 1322
262160 1394
262161 1321
262162 1180
262163 1322
262164 1105
262165 1247
262166 1176
262167 1247
262168 1246
262169 1176
262170 1247
262171 1246
262172 1176
262173 1247
262174 1246
262175 1174
327680 1252
327681 1247
327682 1175
327683 1248
327684 1177
327685 1248
327686 1175
327687 1248
327688 1248
327689 1393
327690 1248
327691 1177
327692 1177
327693 1248
327694 1177
327695 1177
327696 1396
327697 1467
327698 1467
327699 1467
327700 1392
327701 1177
327702 1248
327703 1392
327704 1177
327705 1248
327706 1392
327707 1176
327708 1248
327709 1392
327710 1175
327711 1175
393216 1038
393217 1176
393218 1248
393219 1248
393220 1177
393221 1030
393222 1030
393223 1030
393224 1106
393225 1248
393226 1322
393227 1246
393228 1105
393229 1393
393230 1247
393231 1394
393232 1252
393233 1104
393234 1103
393235 1103
393236 1175
393237 1175
393238 1175
393239 1468
393240 1397
393241 1391
393242 1104
393243 1104
393244 1246
393245 1175
393246 1321
393247 1391
458752 1182
458753 1249
458754 1249
458755 1176
458756 1249
458757 2542
458758 1176
458759 1248
458760 1248
458761 1248
458762 1177
458763 1177
458764 1246
458765 1323
458766 1247
458767 1248
458768 1106
458769 1253
458770 1177
458771 1247
458772 1030
458773 1247
458774 1394
458775 1467
458776 1181
458777 1247
458778 1177
458779 1246
458780 1247
458781 1391
458782 1246
458783 1175
524288 1254
524289 1248
524290 1249
524291 1249
524292 1248
524293 1249
524294 1249
524295 1249
524296 1177
524297 1106
524298 1249
524299 1249
524300 1466
524301 1324
524302 1539
524303 1247
524304 1248
524305 1248
524306 1177
524307 1248
524308 1248
524309 1177
524310 1247
524311 1177
524312 1393
524313 1394
524314 1177
524315 1177
524316 1177
524317 1179
524318 1175
524319 1103
589824 1253
589825 1610
589826 1177
589827 1177
589828 1248
589829 1030
589830 1248
589831 1248
589832 1323
589833 1322
589834 1177
589835 1030
589836 1177
589837 1247
589838 1247
589839 1323
589840 1248
589841 1248
589842 1177
589843 1030
589844 1248
589845 1106
589846 1252
589847 1176
589848 1030
589849 1252
589850 1177
589851 1106
589852 1252
589853 1252
589854 1391
589855 1246
655360 1254
655361 1249
655362 1178
655363 1250
655364 1250
655365 1250
655366 1178
655367 1467
655368 1250
655369 1250
655370 1178
655371 1178
655372 1036
655373 1107
655374 1178
655375 1107
655376 1106
655377 1617
655378 1250
655379 1250
655380 1903
655381 1249
655382 1249
655383 1249
655384 1248
655385 1249
655386 1252
655387 1248
655388 1177
655389 1247
655390 1323
655391 239
kernel_count 56812
