0 1254
1 1030
2 1030
3 1249
4 1463
5 1248
6 1177
7 1464
8 1249
9 957
10 1249
11 1249
12 1030
13 1177
14 1249
15 1463
16 1248
17 1249
18 1463
19 1249
20 1030
21 1249
22 1249
23 1030
24 1177
25 1249
26 1463
27 1248
28 1248
29 1463
30 1247
31 1247
65536 1254
65537 1247
65538 1105
65539 1176
65540 1176
65541 1176
65542 1176
65543 1105
65544 1176
65545 1247
65546 1247
65547 1247
65548 1105
65549 1105
65550 1247
65551 1245
65552 1247
65553 1247
65554 1247
65555 1246
65556 1247
65557 1246
65558 1176
65559 1247
65560 1176
65561 1246
65562 1247
65563 1175
65564 1175
65565 1175
65566 1175
65567 1175
131072 894
131073 1176
131074 1177
131075 1247
131076 1322
131077 1248
131078 1248
131079 1106
131080 1105
131081 1246
131082 1248
131083 1248
131084 1248
131085 1248
131086 1248
131087 1247
131088 1247
131089 1248
131090 1248
131091 1029
131092 1247
131093 1247
131094 1248
131095 1177
131096 1248
131097 1247
131098 1320
131099 1246
131100 1247
131101 1174
131102 1176
131103 1247
196608 1182
196609 1176
196610 1106
196611 747
196612 1177
196613 1176
196614 1177
196615 1248
196616 1176
196617 1106
196618 1177
196619 1248
196620 1248
196621 1248
196622 1248
196623 1177
196624 1248
196625 1177
196626 1252
196627 1396
196628 1106
196629 1247
196630 1247
196631 1177
196632 1177
196633 1248
196634 1248
196635 1177
196636 1248
196637 1248
196638 1325
196639 1247
262144 748
262145 747
262146 1183
262147 1541
262148 1177
262149 1176
262150 1177
262151 1106
262152 1541
262153 1177
262154 1176
262155 1177
262156 1106
262157 1177
262158 1176
262159 1177
262160 1177
262161 1177
262162 1177
262163 1322
262164 1321
262165 1176
262166 1392
262167 1323
262168 1177
262169 1248
262170 1248
262171 1248
262172 1392
262173 1246
262174 1247
262175 1175
327680 1034
327681 1177
327682 1105
327683 1395
327684 1245
327685 1248
327686 1247
327687 1248
327688 1247
327689 1248
327690 1176
327691 1324
327692 1324
327693 1397
327694 1177
327695 1251
327696 1248
327697 1030
327698 1248
327699 1177
327700 1323
327701 1177
327702 1175
327703 1248
327704 1248
327705 1177
327706 1177
327707 1393
327708 1106
327709 1106
327710 1321
327711 1247
393216 1330
393217 747
393218 1248
393219 1247
393220 1248
393221 1248
393222 1248
393223 1248
393224 1248
393225 1248
393226 1248
393227 1248
393228 1248
393229 1248
393230 1106
393231 1247
393232 1247
393233 1248
393234 1177
393235 1248
393236 1248
393237 1248
393238 1322
393239 1251
393240 1248
393241 1322
393242 1251
393243 1248
393244 1248
393245 1106
393246 1248
393247 1250
458752 748
458753 822
458754 822
458755 822
458756 747
458757 747
458758 1106
458759 1106
458760 1030
458761 1030
458762 1177
458763 1393
458764 1393
458765 1464
458766 1249
458767 1249
458768 1249
458769 1322
458770 1464
458771 1247
458772 1248
458773 955
458774 1176
458775 1176
458776 1177
458777 1247
458778 1248
458779 1248
458780 958
458781 1176
458782 1392
458783 1103
524288 1182
524289 1177
524290 1106
524291 1249
524292 1249
524293 1177
524294 1249
524295 1177
524296 1249
524297 1249
524298 1249
524299 1177
524300 1177
524301 1324
524302 1176
524303 1176
524304 1248
524305 1247
524306 1325
524307 1325
524308 1249
524309 1249
524310 1249
524311 1249
524312 1249
524313 1249
524314 1249
524315 1249
524316 1249
524317 1106
524318 955
524319 1677
589824 1110
589825 1106
589826 1248
589827 1247
589828 1106
589829 1106
589830 1247
589831 1394
589832 1177
589833 1105
589834 1176
589835 1394
589836 1106
589837 1394
589838 1394
589839 1468
589840 1177
589841 1105
589842 1255
589843 1323
589844 1324
589845 1326
589846 1392
589847 1104
589848 1247
589849 961
589850 1105
589851 1247
589852 1176
589853 1246
589854 1175
589855 1175
655360 1549
655361 1398
655362 1324
655363 1249
655364 1394
655365 1397
655366 1249
655367 1177
655368 1395
655369 1394
655370 1177
655371 1249
655372 1249
655373 1324
655374 1394
655375 1394
655376 1177
655377 1394
655378 1176
655379 1177
655380 1394
655381 1249
655382 1249
655383 1249
655384 1106
655385 1106
655386 1393
655387 1324
655388 1463
655389 1106
655390 1248
655391 1321
720896 823
720897 822
720898 1324
720899 1178
720900 1178
720901 1106
720902 1176
720903 1178
720904 1395
720905 1250
720906 1323
720907 1322
720908 1176
720909 1176
720910 519
720911 239
720912 239
720913 239
720914 239
720915 239
720916 239
720917 239
720918 239
720919 239
720920 239
720921 239
720922 239
720923 239
720924 239
720925 239
720926 239
720927 239
kernel_count 58764
