0 1329
1 1247
2 1248
3 1248
4 1248
5 1248
6 1177
7 1248
8 1177
9 1248
10 1248
11 1177
12 1030
13 1394
14 1177
15 1177
16 1177
17 1466
18 1324
19 1176
20 1248
21 1248
22 1248
23 1177
24 1177
25 1177
26 1396
27 1322
28 1247
29 1247
30 1246
31 1247
65536 1182
65537 1177
65538 1177
65539 1248
65540 1247
65541 1248
65542 1106
65543 1248
65544 1247
65545 1177
65546 1106
65547 1248
65548 1247
65549 1247
65550 1177
65551 1177
65552 1177
65553 1177
65554 1177
65555 1105
65556 1248
65557 1248
65558 1248
65559 1176
65560 1392
65561 1248
65562 1248
65563 1392
65564 1248
65565 1248
65566 1392
65567 1247
131072 1254
131073 1248
131074 1106
131075 1248
131076 1248
131077 960
131078 1031
131079 1247
131080 239
131081 239
131082 239
131083 239
131084 239
131085 239
131086 239
131087 239
131088 239
131089 239
131090 239
131091 239
131092 239
131093 239
131094 239
131095 239
131096 239
131097 239
131098 239
131099 239
131100 239
131101 239
131102 239
131103 239
kernel_count 12088
