0 1252
1 1176
2 1248
3 1248
4 1176
5 1248
6 1247
7 1248
8 1248
9 1248
10 1247
11 1248
12 1248
13 1248
14 1248
15 1247
16 1247
17 1176
18 1246
19 1247
20 1248
21 1247
22 1248
23 1248
24 1248
25 1247
26 1247
27 1248
28 1322
29 1321
30 1247
31 1175
65536 1254
65537 1176
65538 1175
65539 1175
65540 1247
65541 1247
65542 1247
65543 1247
65544 1176
65545 1246
65546 1247
65547 1105
65548 1247
65549 1033
65550 1247
65551 1104
65552 1104
65553 1104
65554 1104
65555 1104
65556 1175
65557 1175
65558 1247
65559 1247
65560 1246
65561 1247
65562 1247
65563 1176
65564 959
65565 1246
65566 1247
65567 1247
131072 1254
131073 1177
131074 1249
131075 1177
131076 1177
131077 1177
131078 1177
131079 1249
131080 1248
131081 1105
131082 1249
131083 1177
131084 1177
131085 1176
131086 1249
131087 1249
131088 1248
131089 1248
131090 1249
131091 1249
131092 1249
131093 1177
131094 1248
131095 1680
131096 1394
131097 1177
131098 1248
131099 1679
131100 1393
131101 1680
131102 1174
131103 1175
196608 1182
196609 1323
196610 1395
196611 1396
196612 1323
196613 1322
196614 1321
196615 1106
196616 1323
196617 1247
196618 1396
196619 1396
196620 1248
196621 1248
196622 1397
196623 1396
196624 1248
196625 1248
196626 1248
196627 1248
196628 1248
196629 1248
196630 1247
196631 1247
196632 1177
196633 1248
196634 1248
196635 1323
196636 1396
196637 1247
196638 1247
196639 1102
262144 1253
262145 1177
262146 1106
262147 1252
262148 1253
262149 1104
262150 1175
262151 1104
262152 1325
262153 1325
262154 1249
262155 1249
262156 1248
262157 1248
262158 1249
262159 1249
262160 1249
262161 1249
262162 1249
262163 1249
262164 1248
262165 1393
262166 1394
262167 1395
262168 1394
262169 1249
262170 1249
262171 1537
262172 1176
262173 1175
262174 1176
262175 1247
327680 1182
327681 1247
327682 1326
327683 1177
327684 1105
327685 1031
327686 1104
327687 1247
327688 1322
327689 1246
327690 1247
327691 1105
327692 1177
327693 1322
327694 1248
327695 1181
327696 1322
327697 1248
327698 1322
327699 1106
327700 1176
327701 1248
327702 1248
327703 1176
327704 1248
327705 1248
327706 1176
327707 1248
327708 1177
327709 1322
327710 1103
327711 1028
393216 1110
393217 1397
393218 1397
393219 1392
393220 1177
393221 1176
393222 1322
393223 1322
393224 1247
393225 1247
393226 1105
393227 1247
393228 1246
393229 1105
393230 1246
393231 1105
393232 1247
393233 1175
393234 1030
393235 1105
393236 1176
393237 1176
393238 1247
393239 1247
393240 1175
393241 1175
393242 1175
393243 1247
393244 1247
393245 1104
393246 1175
393247 1175
458752 748
458753 1177
458754 1253
458755 1323
458756 1248
458757 1248
458758 1175
458759 1466
458760 1248
458761 1247
458762 1392
458763 1248
458764 1248
458765 1247
458766 1177
458767 1034
458768 1106
458769 1176
458770 1247
458771 1029
458772 1248
458773 1248
458774 1248
458775 1248
458776 1393
458777 1322
458778 1322
458779 1322
458780 1322
458781 1322
458782 1247
458783 1247
524288 1254
524289 1249
524290 1249
524291 1249
524292 1249
524293 1030
524294 1249
524295 1106
524296 1252
524297 1251
524298 1465
524299 1177
524300 1176
524301 1177
524302 1177
524303 1177
524304 1176
524305 959
524306 1248
524307 1247
524308 1322
524309 1176
524310 1246
524311 1104
524312 1246
524313 1175
524314 1246
524315 1246
524316 1247
524317 1176
524318 1247
524319 1247
589824 1182
589825 1248
589826 1249
589827 1249
589828 1394
589829 1249
589830 1394
589831 1177
589832 1464
589833 1177
589834 1464
589835 1247
589836 1177
589837 1248
589838 1248
589839 1248
589840 1392
589841 1177
589842 1248
589843 1248
589844 1392
589845 1176
589846 1174
589847 1175
589848 1176
589849 1176
589850 1247
589851 1246
589852 1247
589853 1247
589854 1176
589855 1245
655360 748
655361 747
655362 1106
655363 1106
655364 1248
655365 1247
655366 1247
655367 1247
655368 1030
655369 1029
655370 1106
655371 1321
655372 1247
655373 1106
655374 1177
655375 1248
655376 1247
655377 1248
655378 1248
655379 1248
655380 1248
655381 1248
655382 1106
655383 1322
655384 1247
655385 1247
655386 1175
655387 1030
655388 1247
655389 1247
655390 1246
655391 1247
720896 1254
720897 1250
720898 1250
720899 1250
720900 1250
720901 1250
720902 1249
720903 1107
720904 1250
720905 1107
720906 1175
720907 1250
720908 1249
720909 1178
720910 1250
720911 1182
720912 1324
720913 1178
720914 1107
720915 1178
720916 1464
720917 1104
720918 886
720919 239
720920 239
720921 239
720922 239
720923 239
720924 239
720925 239
720926 239
720927 239
kernel_count 60486
