0 1253
1 1247
2 1246
3 1177
4 1248
5 1247
6 1177
7 1248
8 1248
9 1247
10 1247
11 1177
12 1248
13 1248
14 1246
15 1177
16 1248
17 1248
18 1247
19 1246
20 1177
21 1248
22 1247
23 1177
24 1248
25 1248
26 1322
27 1175
28 1247
29 1247
30 1105
31 1247
65536 1182
65537 1176
65538 1176
65539 1176
65540 1249
65541 1249
65542 1249
65543 1249
65544 1249
65545 1176
65546 1248
65547 1176
65548 1177
65549 1248
65550 1247
65551 1462
65552 1463
65553 1247
65554 1247
65555 1247
65556 1246
65557 1246
65558 1175
65559 1246
65560 1247
65561 1175
65562 1176
65563 1105
65564 1247
65565 1247
65566 1247
65567 1175
131072 1254
131073 1176
131074 1105
131075 1105
131076 1247
131077 1246
131078 1247
131079 1176
131080 1176
131081 1247
131082 1247
131083 1247
131084 1247
131085 1246
131086 1175
131087 1176
131088 1247
131089 1247
131090 1247
131091 1174
131092 1104
131093 1247
131094 1029
131095 1029
131096 1104
131097 1175
131098 1175
131099 1175
131100 1175
131101 1175
131102 1175
131103 1103
196608 1254
196609 1176
196610 1247
196611 1176
196612 1247
196613 1247
196614 1247
196615 1176
196616 1176
196617 1246
196618 1247
196619 1246
196620 1247
196621 1247
196622 1247
196623 1247
196624 1246
196625 1246
196626 1176
196627 1176
196628 1176
196629 1176
196630 1176
196631 1176
196632 1176
196633 1247
196634 1030
196635 1245
196636 1247
196637 1176
196638 1176
196639 1247
262144 748
262145 747
262146 1248
262147 1393
262148 1177
262149 1248
262150 1251
262151 1323
262152 1176
262153 1105
262154 1322
262155 1177
262156 1324
262157 1249
262158 1249
262159 1249
262160 1465
262161 1177
262162 1177
262163 1248
262164 1248
262165 1106
262166 1321
262167 1105
262168 1106
262169 1176
262170 1393
262171 1176
262172 1247
262173 1104
262174 1174
262175 959
327680 1254
327681 1182
327682 1540
327683 1464
327684 1392
327685 1249
327686 1464
327687 1393
327688 1177
327689 1177
327690 1177
327691 1248
327692 1248
327693 1248
327694 1177
327695 1248
327696 1322
327697 1176
327698 1176
327699 1176
327700 1106
327701 1177
327702 1177
327703 1322
327704 1105
327705 1176
327706 1247
327707 1247
327708 1176
327709 1247
327710 1247
327711 1247
393216 748
393217 1177
393218 1248
393219 1248
393220 1250
393221 1252
393222 1248
393223 1030
393224 1248
393225 1248
393226 1177
393227 1176
393228 1030
393229 1177
393230 1176
393231 1323
393232 1248
393233 1177
393234 1177
393235 1247
393236 1030
393237 1106
393238 1106
393239 1106
393240 1177
393241 1323
393242 1106
393243 1248
393244 1248
393245 1392
393246 1104
393247 1175
458752 823
458753 1106
458754 1176
458755 1325
458756 1177
458757 1395
458758 1105
458759 1251
458760 1177
458761 1398
458762 1395
458763 1248
458764 1468
458765 1468
458766 1176
458767 1468
458768 1469
458769 1248
458770 1323
458771 1106
458772 1249
458773 1249
458774 1175
458775 1249
458776 1249
458777 1464
458778 1248
458779 1392
458780 1247
458781 1247
458782 1175
458783 1247
524288 748
524289 747
524290 1248
524291 1177
524292 1248
524293 1177
524294 1030
524295 1249
524296 1248
524297 1105
524298 1248
524299 1247
524300 1176
524301 1106
524302 963
524303 1248
524304 1177
524305 1177
524306 1177
524307 1248
524308 1249
524309 1177
524310 1321
524311 1465
524312 1249
524313 1249
524314 1249
524315 1249
524316 1249
524317 1464
524318 1464
524319 1175
589824 1253
589825 1176
589826 1395
589827 1249
589828 1249
589829 1176
589830 1254
589831 1829
589832 1618
589833 1324
589834 1248
589835 1249
589836 1248
589837 1178
589838 1177
589839 1248
589840 1249
589841 1249
589842 1249
589843 1464
589844 1249
589845 1248
589846 1249
589847 1249
589848 1249
589849 1393
589850 1177
589851 1177
589852 1247
589853 1249
589854 1464
589855 1247
655360 1254
655361 1249
655362 1249
655363 1107
655364 1178
655365 1178
655366 1177
655367 1249
655368 1249
655369 1106
655370 1178
655371 1107
655372 1394
655373 1247
655374 1178
655375 1395
655376 1322
655377 1105
655378 1247
655379 239
655380 239
655381 239
655382 239
655383 239
655384 239
655385 239
655386 239
655387 239
655388 239
655389 239
655390 239
655391 239
kernel_count 54521
