0 1473
1 1465
2 1465
3 1248
4 1248
5 1248
6 1247
7 1247
8 1247
9 1247
10 1177
11 1248
12 1177
13 1251
14 1106
15 1322
16 1177
17 1248
18 1177
19 1251
20 1177
21 1322
22 1248
23 1248
24 1177
25 1251
26 1248
27 1177
28 1248
29 1176
30 1250
31 1175
65536 824
65537 747
65538 747
65539 747
65540 1248
65541 1247
65542 1248
65543 1177
65544 1248
65545 959
65546 1176
65547 1176
65548 1248
65549 1177
65550 1393
65551 1106
65552 1030
65553 1248
65554 1248
65555 1248
65556 1177
65557 1177
65558 1177
65559 1177
65560 1176
65561 1177
65562 1177
65563 1248
65564 1248
65565 1247
65566 1248
65567 1322
131072 1110
131073 1248
131074 1177
131075 1106
131076 1250
131077 1106
131078 1106
131079 1247
131080 1248
131081 1248
131082 1248
131083 1247
131084 1176
131085 1248
131086 1248
131087 1248
131088 1247
131089 1247
131090 1247
131091 1321
131092 1175
131093 1246
131094 1247
131095 1247
131096 1247
131097 1247
131098 1247
131099 1176
131100 1176
131101 1247
131102 1246
131103 1175
196608 1254
196609 1251
196610 1176
196611 1176
196612 1176
196613 961
196614 1176
196615 1104
196616 1176
196617 1246
196618 1030
196619 1030
196620 1030
196621 1247
196622 1247
196623 1247
196624 1247
196625 1176
196626 1246
196627 1247
196628 1176
196629 1105
196630 1247
196631 1247
196632 1176
196633 1247
196634 1175
196635 1032
196636 1032
196637 1029
196638 1175
196639 1175
262144 1034
262145 1248
262146 1248
262147 1177
262148 1248
262149 1247
262150 1248
262151 1248
262152 1177
262153 1248
262154 1248
262155 1246
262156 1246
262157 1247
262158 1247
262159 1248
262160 1247
262161 1248
262162 1248
262163 1248
262164 1248
262165 1248
262166 1106
262167 1106
262168 1322
262169 1247
262170 1247
262171 1247
262172 1246
262173 1247
262174 1247
262175 1247
327680 1110
327681 1248
327682 669
327683 1248
327684 1248
327685 1248
327686 1392
327687 1248
327688 1248
327689 1248
327690 1248
327691 1248
327692 1248
327693 1248
327694 1248
327695 1248
327696 1248
327697 1391
327698 1392
327699 1248
327700 1248
327701 1248
327702 1248
327703 1391
327704 1392
327705 1106
327706 1248
327707 1248
327708 1106
327709 1248
327710 1392
327711 1391
393216 1254
393217 1248
393218 1176
393219 1177
393220 1176
393221 1176
393222 1175
393223 1177
393224 1175
393225 1248
393226 1247
393227 1248
393228 1247
393229 1391
393230 1176
393231 1391
393232 1247
393233 1247
393234 1248
393235 1248
393236 1177
393237 1177
393238 1247
393239 1391
393240 1030
393241 1246
393242 1247
393243 1174
393244 1174
393245 1175
393246 1102
393247 1026
458752 1181
458753 1323
458754 1247
458755 1105
458756 1174
458757 1103
458758 1105
458759 1322
458760 1248
458761 1175
458762 1103
458763 1104
458764 1246
458765 1247
458766 1247
458767 1247
458768 1248
458769 1104
458770 1104
458771 1248
458772 1248
458773 1248
458774 1176
458775 1106
458776 1247
458777 1246
458778 1177
458779 1392
458780 1247
458781 1246
458782 1247
458783 1246
524288 1182
524289 1177
524290 1177
524291 1249
524292 1249
524293 1177
524294 1249
524295 1248
524296 1178
524297 1249
524298 1107
524299 1248
524300 1249
524301 1177
524302 1176
524303 1177
524304 1177
524305 1249
524306 1177
524307 1248
524308 1392
524309 1393
524310 1249
524311 1248
524312 1392
524313 1393
524314 1176
524315 1175
524316 239
524317 239
524318 239
524319 239
kernel_count 45022
