0 1253
1 1106
2 1392
3 1248
4 1248
5 1177
6 1248
7 1106
8 1248
9 1248
10 1106
11 1247
12 1106
13 1392
14 1248
15 1248
16 1177
17 1248
18 1106
19 1248
20 1248
21 1106
22 1247
23 1106
24 1392
25 1247
26 1247
27 1176
28 1247
29 1105
30 1247
31 1247
65536 748
65537 746
65538 1249
65539 1249
65540 1248
65541 1249
65542 1249
65543 1249
65544 1249
65545 1324
65546 1105
65547 1249
65548 1249
65549 1176
65550 1176
65551 1249
65552 1249
65553 1177
65554 1249
65555 1249
65556 1177
65557 1249
65558 1249
65559 1249
65560 1176
65561 1177
65562 1176
65563 1249
65564 1249
65565 1464
65566 1247
65567 1247
131072 1110
131073 747
131074 821
131075 746
131076 746
131077 1176
131078 1247
131079 1246
131080 1247
131081 1175
131082 1105
131083 1105
131084 1247
131085 1247
131086 1176
131087 1247
131088 1176
131089 1247
131090 1176
131091 1247
131092 1247
131093 1247
131094 1246
131095 1247
131096 1247
131097 1176
131098 1105
131099 1105
131100 1104
131101 1105
131102 1247
131103 1247
196608 1254
196609 1248
196610 1106
196611 1248
196612 1248
196613 1248
196614 1248
196615 1247
196616 1247
196617 1248
196618 1248
196619 1247
196620 1106
196621 1248
196622 1248
196623 1248
196624 1175
196625 1247
196626 1248
196627 1248
196628 1248
196629 1248
196630 1247
196631 1248
196632 959
196633 1248
196634 1248
196635 1247
196636 1247
196637 1392
196638 1392
196639 1392
262144 824
262145 1106
262146 1539
262147 1540
262148 1540
262149 1251
262150 1176
262151 1176
262152 1248
262153 1247
262154 1323
262155 1034
262156 1177
262157 1106
262158 1105
262159 1176
262160 1248
262161 1248
262162 1248
262163 1177
262164 1248
262165 1248
262166 1177
262167 1322
262168 1394
262169 1176
262170 1320
262171 886
262172 1104
262173 1104
262174 1175
262175 1175
327680 748
327681 747
327682 747
327683 1176
327684 1176
327685 1249
327686 1177
327687 1177
327688 1247
327689 1177
327690 1248
327691 1393
327692 1393
327693 1394
327694 1248
327695 1393
327696 1393
327697 1394
327698 1248
327699 1393
327700 1393
327701 1394
327702 1106
327703 1106
327704 1177
327705 1606
327706 1106
327707 1606
327708 1607
327709 1175
327710 1246
327711 1245
393216 1254
393217 1106
393218 1176
393219 1394
393220 1394
393221 1464
393222 1248
393223 1176
393224 1249
393225 1249
393226 1249
393227 1394
393228 1177
393229 1177
393230 1177
393231 1248
393232 1249
393233 1177
393234 1177
393235 1177
393236 1248
393237 1249
393238 1177
393239 1177
393240 1177
393241 1247
393242 1464
393243 1465
393244 1249
393245 1106
393246 1323
393247 1393
458752 824
458753 747
458754 747
458755 747
458756 821
458757 1247
458758 1104
458759 1177
458760 1248
458761 1248
458762 1247
458763 1248
458764 1248
458765 1033
458766 1247
458767 1248
458768 1248
458769 1247
458770 1248
458771 1034
458772 1034
458773 1247
458774 1248
458775 1321
458776 1248
458777 1249
458778 1250
458779 1176
458780 1176
458781 1247
458782 1246
458783 1247
524288 1254
524289 1248
524290 1248
524291 1106
524292 1106
524293 1176
524294 1030
524295 1248
524296 1248
524297 1177
524298 1247
524299 963
524300 1177
524301 1030
524302 1248
524303 1248
524304 1248
524305 1248
524306 1248
524307 1248
524308 1106
524309 1176
524310 1177
524311 1251
524312 1105
524313 1176
524314 1246
524315 1247
524316 1247
524317 1246
524318 1247
524319 1247
589824 748
589825 1179
589826 1325
589827 1396
589828 1107
589829 1178
589830 1249
589831 1248
589832 1106
589833 1249
589834 1249
589835 1249
589836 1249
589837 1249
589838 1249
589839 1249
589840 1249
589841 1249
589842 1393
589843 1321
589844 239
589845 239
589846 239
589847 239
589848 239
589849 239
589850 239
589851 239
589852 239
589853 239
589854 239
589855 239
kernel_count 48945
