0 1253
1 1248
2 1248
3 1248
4 1176
5 1248
6 1248
7 958
8 1247
9 1247
10 1248
11 1249
12 1249
13 1249
14 1106
15 1249
16 1249
17 1249
18 1249
19 1249
20 1249
21 1106
22 1249
23 1249
24 1249
25 1106
26 1249
27 1249
28 1249
29 1538
30 1538
31 1246
65536 1181
65537 1322
65538 1250
65539 1246
65540 1247
65541 1247
65542 1247
65543 958
65544 1176
65545 1175
65546 1176
65547 1176
65548 1176
65549 1175
65550 1247
65551 1246
65552 1247
65553 1247
65554 1246
65555 1246
65556 1247
65557 1105
65558 1105
65559 1247
65560 1247
65561 1247
65562 1247
65563 1246
65564 1246
65565 1175
65566 1246
65567 1174
131072 1254
131073 1246
131074 1245
131075 1105
131076 1247
131077 1247
131078 1247
131079 1247
131080 1247
131081 1247
131082 1176
131083 1176
131084 1176
131085 1176
131086 1247
131087 1247
131088 1247
131089 1247
131090 1175
131091 1247
131092 1247
131093 1247
131094 1247
131095 1175
131096 1247
131097 1247
131098 1246
131099 1176
131100 1247
131101 1176
131102 1175
131103 1247
196608 1254
196609 1106
196610 1249
196611 1029
196612 1249
196613 1175
196614 1538
196615 1106
196616 1105
196617 1248
196618 1248
196619 1248
196620 1248
196621 1248
196622 1177
196623 1248
196624 1248
196625 1248
196626 1247
196627 1176
196628 1248
196629 1177
196630 1248
196631 1323
196632 1177
196633 1248
196634 1390
196635 1391
196636 1248
196637 1177
196638 1248
196639 1320
262144 1254
262145 1248
262146 1467
262147 1467
262148 1248
262149 1467
262150 1467
262151 1248
262152 1248
262153 1248
262154 1248
262155 1247
262156 1248
262157 1248
262158 1177
262159 1248
262160 1247
262161 1106
262162 1180
262163 959
262164 1106
262165 1180
262166 1030
262167 1181
262168 1180
262169 1106
262170 1247
262171 1247
262172 1248
262173 1248
262174 1323
262175 1389
327680 1254
327681 1248
327682 1177
327683 1249
327684 1253
327685 1177
327686 1176
327687 1249
327688 1035
327689 1249
327690 1399
327691 1249
327692 1177
327693 1248
327694 1399
327695 1249
327696 1248
327697 1324
327698 1398
327699 1249
327700 1248
327701 1324
327702 1398
327703 1249
327704 1394
327705 1249
327706 1177
327707 1175
327708 1247
327709 1247
327710 1247
327711 1605
393216 1252
393217 1247
393218 1246
393219 1176
393220 1246
393221 1247
393222 1176
393223 1181
393224 1034
393225 1034
393226 1175
393227 1251
393228 1251
393229 1175
393230 1176
393231 1246
393232 1540
393233 1391
393234 1246
393235 1246
393236 1176
393237 1246
393238 1247
393239 1248
393240 1106
393241 1248
393242 1105
393243 1105
393244 1176
393245 1176
393246 1250
393247 1250
458752 1258
458753 1177
458754 1247
458755 1247
458756 1248
458757 1105
458758 1248
458759 1248
458760 1175
458761 1248
458762 1248
458763 1176
458764 1176
458765 1248
458766 1248
458767 1177
458768 1177
458769 1246
458770 1248
458771 1247
458772 1248
458773 1248
458774 1105
458775 1105
458776 1247
458777 890
458778 1176
458779 1177
458780 1177
458781 1322
458782 1246
458783 1247
524288 1254
524289 1609
524290 1249
524291 1248
524292 1249
524293 1249
524294 1465
524295 1248
524296 1248
524297 1251
524298 1246
524299 1246
524300 1175
524301 1175
524302 1247
524303 1176
524304 1176
524305 1176
524306 1247
524307 1247
524308 1247
524309 1246
524310 1247
524311 1247
524312 1247
524313 1175
524314 1105
524315 1246
524316 1246
524317 1246
524318 1246
524319 1247
589824 1329
589825 1249
589826 1249
589827 1249
589828 1176
589829 1180
589830 1248
589831 1324
589832 1106
589833 1249
589834 1248
589835 1465
589836 1248
589837 1248
589838 1248
589839 1177
589840 1248
589841 1177
589842 1248
589843 1177
589844 1393
589845 1248
589846 1247
589847 1177
589848 1028
589849 1177
589850 1248
589851 1247
589852 1248
589853 1322
589854 1322
589855 1247
655360 1330
655361 1249
655362 1253
655363 1248
655364 1106
655365 1248
655366 1248
655367 1249
655368 1177
655369 1249
655370 1248
655371 1255
655372 1248
655373 1106
655374 1248
655375 1248
655376 1106
655377 1248
655378 1247
655379 1248
655380 1176
655381 1247
655382 1105
655383 1176
655384 1023
655385 239
655386 239
655387 239
655388 239
655389 239
655390 239
655391 239
kernel_count 55739
