0 1253
1 1247
2 1105
3 1247
4 1247
5 1246
6 1247
7 1176
8 1176
9 1246
10 1175
11 1176
12 1245
13 1247
14 1176
15 1246
16 1246
17 1104
18 1247
19 1175
20 1246
21 1246
22 1247
23 1246
24 1246
25 1246
26 1175
27 1176
28 1176
29 1176
30 1247
31 1247
65536 1181
65537 1327
65538 1327
65539 1327
65540 1249
65541 1106
65542 1177
65543 1327
65544 1327
65545 1249
65546 1106
65547 1177
65548 1327
65549 1327
65550 1249
65551 1177
65552 1326
65553 1327
65554 1249
65555 1249
65556 1248
65557 1249
65558 1611
65559 1248
65560 1469
65561 1323
65562 1394
65563 1247
65564 1030
65565 1104
65566 1246
65567 1246
131072 747
131073 1105
131074 1106
131075 1106
131076 1177
131077 1248
131078 1248
131079 1248
131080 1247
131081 1106
131082 1248
131083 1248
131084 1248
131085 1106
131086 1248
131087 1321
131088 1247
131089 1176
131090 1176
131091 1176
131092 1105
131093 1247
131094 1176
131095 1247
131096 1247
131097 1246
131098 1104
131099 1247
131100 1105
131101 1247
131102 1247
131103 1247
196608 1254
196609 1106
196610 1106
196611 1177
196612 1248
196613 1248
196614 1248
196615 1248
196616 1248
196617 1248
196618 1248
196619 1248
196620 1030
196621 1247
196622 1248
196623 1177
196624 1177
196625 1177
196626 1177
196627 1177
196628 1248
196629 1248
196630 1177
196631 1248
196632 1248
196633 1177
196634 1248
196635 1177
196636 1179
196637 1321
196638 1175
196639 1103
262144 1182
262145 1177
262146 1177
262147 1176
262148 1249
262149 1248
262150 1252
262151 1472
262152 1543
262153 1465
262154 1395
262155 1249
262156 1176
262157 1322
262158 1323
262159 1177
262160 1177
262161 1249
262162 1106
262163 1824
262164 1395
262165 1824
262166 1394
262167 1248
262168 1254
262169 1537
262170 1176
262171 1247
262172 1033
262173 1103
262174 1104
262175 1175
327680 1254
327681 1248
327682 1248
327683 1249
327684 1106
327685 1394
327686 1248
327687 1248
327688 1249
327689 1249
327690 1181
327691 1324
327692 1252
327693 1248
327694 1177
327695 1248
327696 1176
327697 1247
327698 1176
327699 1105
327700 1249
327701 1463
327702 1392
327703 1175
327704 1177
327705 1106
327706 1106
327707 1106
327708 1463
327709 1392
327710 1177
327711 1463
393216 1110
393217 1106
393218 1248
393219 1248
393220 1248
393221 1324
393222 1248
393223 1469
393224 1391
393225 1392
393226 1322
393227 1248
393228 1251
393229 1251
393230 1248
393231 1248
393232 1321
393233 1322
393234 1175
393235 1246
393236 1247
393237 1174
393238 1246
393239 1176
393240 1176
393241 1176
393242 1105
393243 1104
393244 1175
393245 1030
393246 1030
393247 1247
458752 1253
458753 1106
458754 1465
458755 1176
458756 1248
458757 1394
458758 1248
458759 1248
458760 1248
458761 1467
458762 1177
458763 1248
458764 1247
458765 1247
458766 1104
458767 1033
458768 1177
458769 1248
458770 1323
458771 1252
458772 1248
458773 1029
458774 1106
458775 1392
458776 1104
458777 1247
458778 1247
458779 1175
458780 1031
458781 1031
458782 1031
458783 1102
524288 1254
524289 1249
524290 1249
524291 1247
524292 1177
524293 1253
524294 1248
524295 1177
524296 1177
524297 1249
524298 1031
524299 1249
524300 1248
524301 1253
524302 1249
524303 1249
524304 1248
524305 1248
524306 1178
524307 1249
524308 1249
524309 1248
524310 1178
524311 1393
524312 1248
524313 1248
524314 1247
524315 1247
524316 1177
524317 1248
524318 1249
524319 239
kernel_count 46346
