0 1180
1 1248
2 1106
3 1248
4 1248
5 1106
6 1176
7 1247
8 1177
9 1177
10 1248
11 1177
12 1177
13 1246
14 1177
15 1177
16 1177
17 1321
18 1321
19 1247
20 1250
21 1247
22 1247
23 1247
24 1247
25 1105
26 1247
27 1247
28 1247
29 1246
30 1246
31 1247
65536 1254
65537 1177
65538 1248
65539 1248
65540 1177
65541 1248
65542 1248
65543 1248
65544 1248
65545 1106
65546 1396
65547 1106
65548 1248
65549 1248
65550 1248
65551 1248
65552 1106
65553 1177
65554 1392
65555 1323
65556 1393
65557 1177
65558 1248
65559 1248
65560 1176
65561 1177
65562 1248
65563 1248
65564 1106
65565 1248
65566 1106
65567 1322
131072 1110
131073 1248
131074 1249
131075 1176
131076 1249
131077 1178
131078 1323
131079 1324
131080 1323
131081 1324
131082 1252
131083 1178
131084 1323
131085 1324
131086 1178
131087 1248
131088 1249
131089 1248
131090 1248
131091 1248
131092 1466
131093 1322
131094 1322
131095 1321
131096 1322
131097 1321
131098 1106
131099 1177
131100 1322
131101 1247
131102 1105
131103 1247
196608 1253
196609 1177
196610 1247
196611 1030
196612 1247
196613 1030
196614 1247
196615 1177
196616 1030
196617 1247
196618 1106
196619 1247
196620 1248
196621 1247
196622 1247
196623 1394
196624 1176
196625 1247
196626 1247
196627 1105
196628 1247
196629 1247
196630 1176
196631 1247
196632 1247
196633 1176
196634 1246
196635 1176
196636 1246
196637 1247
196638 1176
196639 1247
262144 1110
262145 1177
262146 1246
262147 1246
262148 1247
262149 1248
262150 1323
262151 1323
262152 1105
262153 1104
262154 1248
262155 1106
262156 1247
262157 1177
262158 1247
262159 1248
262160 1248
262161 1176
262162 1105
262163 1106
262164 1248
262165 1393
262166 1248
262167 1321
262168 1393
262169 1248
262170 1106
262171 1177
262172 1322
262173 1101
262174 1101
262175 1101
327680 1110
327681 1248
327682 1248
327683 1249
327684 1249
327685 1249
327686 1249
327687 1465
327688 1248
327689 1177
327690 1610
327691 1611
327692 1324
327693 887
327694 1612
327695 1033
327696 1396
327697 1247
327698 1177
327699 1176
327700 1247
327701 1033
327702 1248
327703 1248
327704 1176
327705 1323
327706 1247
327707 1175
327708 1105
327709 1392
327710 1392
327711 1322
393216 1186
393217 1105
393218 1177
393219 1251
393220 1106
393221 1249
393222 1325
393223 1176
393224 1248
393225 1249
393226 1400
393227 1249
393228 1249
393229 2042
393230 1253
393231 1105
393232 1249
393233 1538
393234 1105
393235 1321
393236 1176
393237 1246
393238 1247
393239 1105
393240 1247
393241 1104
393242 1104
393243 1104
393244 1104
393245 1176
393246 1175
393247 1103
458752 1110
458753 1249
458754 1030
458755 1249
458756 1249
458757 1177
458758 1249
458759 1106
458760 1249
458761 1176
458762 1248
458763 1249
458764 1177
458765 1466
458766 1175
458767 1176
458768 1248
458769 1106
458770 1106
458771 1106
458772 1105
458773 1177
458774 1177
458775 1248
458776 1248
458777 1177
458778 1247
458779 1326
458780 1180
458781 1176
458782 1176
458783 1246
524288 1253
524289 1177
524290 1248
524291 1176
524292 1248
524293 1249
524294 1177
524295 1106
524296 1106
524297 1465
524298 1537
524299 1537
524300 1537
524301 1177
524302 1106
524303 1177
524304 1248
524305 1248
524306 1248
524307 1248
524308 1248
524309 1248
524310 1246
524311 1247
524312 1248
524313 1391
524314 1247
524315 1176
524316 1246
524317 1247
524318 1246
524319 1247
589824 1254
589825 1177
589826 239
589827 239
589828 239
589829 239
589830 239
589831 239
589832 239
589833 239
589834 239
589835 239
589836 239
589837 239
589838 239
589839 239
589840 239
589841 239
589842 239
589843 239
589844 239
589845 239
589846 239
589847 239
589848 239
589849 239
589850 239
589851 239
589852 239
589853 239
589854 239
589855 239
kernel_count 47451
