0 1253
1 1247
2 1248
3 1247
4 1247
5 1248
6 1248
7 1392
8 1245
9 1392
10 1245
11 1392
12 1245
13 1392
14 1247
15 1321
16 1247
17 1321
18 1247
19 1392
20 1391
21 1248
22 1248
23 1176
24 1176
25 1392
26 1246
27 1392
28 1175
29 1246
30 1247
31 1247
65536 1182
65537 1247
65538 1393
65539 892
65540 747
65541 892
65542 1106
65543 1248
65544 1247
65545 1252
65546 1247
65547 1248
65548 1250
65549 965
65550 963
65551 1248
65552 1392
65553 1176
65554 1247
65555 1176
65556 1176
65557 1246
65558 1105
65559 1247
65560 1247
65561 1247
65562 1176
65563 1247
65564 1247
65565 1176
65566 1247
65567 1247
131072 1182
131073 1247
131074 1248
131075 1176
131076 1248
131077 1030
131078 1176
131079 1177
131080 1247
131081 1176
131082 1248
131083 1248
131084 1247
131085 1252
131086 1323
131087 1468
131088 1247
131089 1469
131090 1175
131091 1034
131092 1247
131093 1034
131094 1247
131095 1176
131096 1105
131097 1246
131098 1176
131099 1247
131100 1247
131101 1247
131102 1247
131103 1247
196608 1330
196609 1177
196610 1176
196611 1248
196612 1177
196613 1177
196614 1249
196615 1249
196616 1177
196617 1249
196618 1176
196619 1682
196620 1248
196621 1252
196622 1535
196623 1248
196624 1392
196625 1247
196626 1247
196627 1246
196628 1176
196629 1176
196630 1247
196631 1175
196632 1175
196633 1174
196634 1175
196635 1029
196636 1175
196637 1175
196638 1174
196639 1175
262144 672
262145 1177
262146 1247
262147 1175
262148 1176
262149 1177
262150 1322
262151 1391
262152 1391
262153 1247
262154 1392
262155 1247
262156 1246
262157 1247
262158 1247
262159 1105
262160 1246
262161 1247
262162 1104
262163 1175
262164 1105
262165 1030
262166 1104
262167 1175
262168 1176
262169 1175
262170 1175
262171 1034
262172 1247
262173 1246
262174 1175
262175 1175
327680 1182
327681 1251
327682 1248
327683 1177
327684 1177
327685 1248
327686 1248
327687 1248
327688 1248
327689 1248
327690 1176
327691 1179
327692 1104
327693 1105
327694 1176
327695 1248
327696 1177
327697 1248
327698 1248
327699 1248
327700 1106
327701 1248
327702 1248
327703 1176
327704 1247
327705 1247
327706 1177
327707 1177
327708 1251
327709 1177
327710 1248
327711 1322
393216 1182
393217 1249
393218 1249
393219 1177
393220 1106
393221 1182
393222 1177
393223 1111
393224 823
393225 1105
393226 1324
393227 1325
393228 1325
393229 1249
393230 1248
393231 1106
393232 1104
393233 1104
393234 1104
393235 1105
393236 1176
393237 1177
393238 1324
393239 1463
393240 1464
393241 1176
393242 1176
393243 1248
393244 1177
393245 1178
393246 1030
393247 1464
458752 970
458753 892
458754 671
458755 967
458756 822
458757 1249
458758 1176
458759 1030
458760 1322
458761 1249
458762 1030
458763 1249
458764 1249
458765 1249
458766 1323
458767 1106
458768 1249
458769 1177
458770 1249
458771 1177
458772 1176
458773 1030
458774 1249
458775 1249
458776 1464
458777 1464
458778 1247
458779 1247
458780 1247
458781 1247
458782 1176
458783 1247
524288 748
524289 747
524290 1248
524291 1246
524292 239
524293 239
524294 239
524295 239
524296 239
524297 239
524298 239
524299 239
524300 239
524301 239
524302 239
524303 239
524304 239
524305 239
524306 239
524307 239
524308 239
524309 239
524310 239
524311 239
524312 239
524313 239
524314 239
524315 239
524316 239
524317 239
524318 239
524319 239
kernel_count 41650
