0 1182
1 1177
2 1175
3 1246
4 1176
5 1248
6 1248
7 1177
8 1466
9 1248
10 1247
11 1248
12 1177
13 1177
14 1030
15 1248
16 1177
17 1248
18 1177
19 1177
20 1177
21 1177
22 1175
23 1246
24 1176
25 1248
26 1248
27 1177
28 1466
29 1247
30 1175
31 1175
65536 1254
65537 1248
65538 1248
65539 1105
65540 1176
65541 1248
65542 1248
65543 1030
65544 1248
65545 1247
65546 1247
65547 1105
65548 1105
65549 1105
65550 1247
65551 1247
65552 1247
65553 1247
65554 1248
65555 1248
65556 1177
65557 1177
65558 1104
65559 1177
65560 1248
65561 1322
65562 1322
65563 1177
65564 1322
65565 1176
65566 1176
65567 1246
131072 1254
131073 1177
131074 1248
131075 1177
131076 1248
131077 1248
131078 1247
131079 1248
131080 1180
131081 1322
131082 1246
131083 1105
131084 1247
131085 1247
131086 1247
131087 1247
131088 1247
131089 1105
131090 1247
131091 1032
131092 1176
131093 1176
131094 1246
131095 1247
131096 1247
131097 1247
131098 1247
131099 1247
131100 1175
131101 1176
131102 1176
131103 1247
196608 1182
196609 1176
196610 1105
196611 1246
196612 1176
196613 1247
196614 1247
196615 1176
196616 1176
196617 1247
196618 1247
196619 1247
196620 1246
196621 1247
196622 1030
196623 1247
196624 1247
196625 1246
196626 1246
196627 1247
196628 1247
196629 1030
196630 1176
196631 1176
196632 1105
196633 1176
196634 1245
196635 1246
196636 1246
196637 1176
196638 1247
196639 1247
262144 1182
262145 1177
262146 1248
262147 1177
262148 1248
262149 1176
262150 1175
262151 1323
262152 1248
262153 1248
262154 1392
262155 1177
262156 1177
262157 1248
262158 1393
262159 1177
262160 1391
262161 1392
262162 1175
262163 1176
262164 1248
262165 1176
262166 1321
262167 1251
262168 1246
262169 1246
262170 1247
262171 1247
262172 1247
262173 1247
262174 1176
262175 1247
327680 1253
327681 1248
327682 1248
327683 1106
327684 1248
327685 1248
327686 1177
327687 1248
327688 1177
327689 1248
327690 1177
327691 1177
327692 1177
327693 1106
327694 1248
327695 1177
327696 1030
327697 1247
327698 1177
327699 1248
327700 1177
327701 1247
327702 1247
327703 1247
327704 1247
327705 1247
327706 1247
327707 1247
327708 1248
327709 1394
327710 1396
327711 1246
393216 1108
393217 1247
393218 1394
393219 1249
393220 1322
393221 1322
393222 1323
393223 1177
393224 1249
393225 1540
393226 1540
393227 1248
393228 1249
393229 1249
393230 1177
393231 1249
393232 1249
393233 1249
393234 1177
393235 1177
393236 1252
393237 1249
393238 1324
393239 1104
393240 1249
393241 1177
393242 1177
393243 1177
393244 1249
393245 1464
393246 1176
393247 1247
458752 1110
458753 1106
458754 1106
458755 1106
458756 1249
458757 1249
458758 1248
458759 1178
458760 1249
458761 1325
458762 1249
458763 1249
458764 1177
458765 1177
458766 1106
458767 1249
458768 1176
458769 1249
458770 1249
458771 1249
458772 1249
458773 1177
458774 1248
458775 1249
458776 1177
458777 1249
458778 1248
458779 1248
458780 1677
458781 1679
458782 1174
458783 1173
524288 1180
524289 1177
524290 1106
524291 1106
524292 1541
524293 1324
524294 1612
524295 1177
524296 1248
524297 1248
524298 1248
524299 1248
524300 1177
524301 1106
524302 1247
524303 1106
524304 1106
524305 1248
524306 1247
524307 1248
524308 1248
524309 1248
524310 1322
524311 1248
524312 1248
524313 1177
524314 1322
524315 1248
524316 1247
524317 1105
524318 1250
524319 1174
589824 748
589825 239
589826 239
589827 239
589828 239
589829 239
589830 239
589831 239
589832 239
589833 239
589834 239
589835 239
589836 239
589837 239
589838 239
589839 239
589840 239
589841 239
589842 239
589843 239
589844 239
589845 239
589846 239
589847 239
589848 239
589849 239
589850 239
589851 239
589852 239
589853 239
589854 239
589855 239
kernel_count 47009
