0 1330
1 1106
2 1465
3 1249
4 1249
5 1249
6 1248
7 1177
8 1465
9 1249
10 1249
11 1249
12 1322
13 1322
14 1250
15 1177
16 1249
17 1249
18 1249
19 1323
20 1177
21 1464
22 1249
23 1249
24 1249
25 1249
26 1249
27 1464
28 1247
29 1247
30 1247
31 1174
65536 1254
65537 1176
65538 1398
65539 1248
65540 1247
65541 1247
65542 1248
65543 1392
65544 1177
65545 1177
65546 1391
65547 1177
65548 1247
65549 1176
65550 1105
65551 1105
65552 1105
65553 1248
65554 1246
65555 1247
65556 1248
65557 1248
65558 1177
65559 1177
65560 1392
65561 1392
65562 1176
65563 1247
65564 1246
65565 1246
65566 1246
65567 1247
131072 1330
131073 1176
131074 815
131075 1248
131076 1248
131077 1248
131078 1248
131079 1248
131080 1248
131081 1247
131082 1247
131083 1248
131084 1248
131085 1248
131086 1248
131087 1322
131088 1248
131089 1322
131090 1248
131091 1248
131092 1177
131093 1245
131094 1319
131095 1248
131096 1248
131097 1248
131098 1248
131099 1248
131100 1177
131101 1248
131102 1248
131103 1322
196608 1181
196609 1324
196610 963
196611 1249
196612 1249
196613 1249
196614 1249
196615 1106
196616 1248
196617 1177
196618 1177
196619 1394
196620 1393
196621 1393
196622 1248
196623 1176
196624 1248
196625 1176
196626 1321
196627 1394
196628 1249
196629 1249
196630 1249
196631 1393
196632 1249
196633 1029
196634 1324
196635 1463
196636 1245
196637 1247
196638 1247
196639 1246
262144 1402
262145 1249
262146 1324
262147 1249
262148 1248
262149 1324
262150 1249
262151 1323
262152 1249
262153 1249
262154 1323
262155 1323
262156 1178
262157 1324
262158 239
262159 239
262160 239
262161 239
262162 239
262163 239
262164 239
262165 239
262166 239
262167 239
262168 239
262169 239
262170 239
262171 239
262172 239
262173 239
262174 239
262175 239
kernel_count 23766
