0 1182
1 1177
2 1177
3 1176
4 1106
5 1176
6 1177
7 1176
8 1177
9 1248
10 1393
11 1248
12 1248
13 1248
14 1248
15 1248
16 1247
17 1248
18 1247
19 1248
20 1248
21 1177
22 1248
23 1247
24 1106
25 1248
26 1248
27 1248
28 1322
29 1322
30 1106
31 1322
65536 1182
65537 1465
65538 1324
65539 1248
65540 1249
65541 1249
65542 1249
65543 1464
65544 1248
65545 1393
65546 1322
65547 1322
65548 1177
65549 1177
65550 1179
65551 1180
65552 1179
65553 1180
65554 1179
65555 1180
65556 1180
65557 1105
65558 1180
65559 1179
65560 1176
65561 1105
65562 1176
65563 1175
65564 1247
65565 1105
65566 1247
65567 1247
131072 1253
131073 747
131074 1248
131075 1106
131076 747
131077 1248
131078 1106
131079 747
131080 1247
131081 1248
131082 1106
131083 1321
131084 1247
131085 1247
131086 1247
131087 1247
131088 1247
131089 1176
131090 1175
131091 1176
131092 1175
131093 1175
131094 1175
131095 1030
131096 1246
131097 1247
131098 1246
131099 1105
131100 1247
131101 1176
131102 1246
131103 1247
196608 1182
196609 1247
196610 1247
196611 1247
196612 1247
196613 1247
196614 1105
196615 1105
196616 1247
196617 1247
196618 1247
196619 1246
196620 1246
196621 1247
196622 1246
196623 1247
196624 1247
196625 1246
196626 1247
196627 1247
196628 1247
196629 1175
196630 1246
196631 1247
196632 1105
196633 1247
196634 1247
196635 1175
196636 1247
196637 1247
196638 1247
196639 1173
262144 1182
262145 1177
262146 1248
262147 1248
262148 1248
262149 1247
262150 1247
262151 1247
262152 1247
262153 1247
262154 1322
262155 1177
262156 1248
262157 1177
262158 1175
262159 1247
262160 1177
262161 1177
262162 1177
262163 1106
262164 1177
262165 1248
262166 1251
262167 1247
262168 1176
262169 1247
262170 1247
262171 1245
262172 1176
262173 1030
262174 1247
262175 1173
327680 1254
327681 1247
327682 1106
327683 1247
327684 1247
327685 1247
327686 1247
327687 1105
327688 1106
327689 1247
327690 1247
327691 1247
327692 1247
327693 1105
327694 1106
327695 1176
327696 1177
327697 1248
327698 1248
327699 1248
327700 1247
327701 1248
327702 1248
327703 1251
327704 1105
327705 1247
327706 1247
327707 1175
327708 1030
327709 1247
327710 1247
327711 1175
393216 1182
393217 1106
393218 1247
393219 1247
393220 1248
393221 1246
393222 1248
393223 1177
393224 1177
393225 1177
393226 1248
393227 1248
393228 1247
393229 1247
393230 1248
393231 1247
393232 1248
393233 1248
393234 1034
393235 1106
393236 1105
393237 1248
393238 1322
393239 1322
393240 1247
393241 959
393242 1251
393243 1105
393244 1174
393245 1034
393246 1247
393247 1245
458752 1399
458753 1177
458754 1177
458755 1249
458756 1249
458757 1249
458758 1249
458759 1610
458760 1248
458761 1248
458762 1106
458763 1176
458764 1177
458765 1247
458766 1177
458767 1321
458768 1030
458769 1176
458770 1246
458771 1176
458772 1105
458773 1103
458774 1105
458775 1033
458776 1249
458777 1105
458778 1105
458779 1180
458780 1247
458781 1176
458782 1176
458783 1247
524288 748
524289 963
524290 1253
524291 1106
524292 1248
524293 1248
524294 1248
524295 1248
524296 1248
524297 1248
524298 1106
524299 1248
524300 1177
524301 1394
524302 1177
524303 1177
524304 1248
524305 1248
524306 1248
524307 1248
524308 1248
524309 1396
524310 1396
524311 1248
524312 1177
524313 1322
524314 1246
524315 1247
524316 1105
524317 1176
524318 1247
524319 1175
589824 748
589825 1249
589826 1177
589827 1249
589828 1249
589829 1030
589830 1177
589831 1035
589832 1030
589833 1030
589834 955
589835 1177
589836 1249
589837 1249
589838 1030
589839 1177
589840 1177
589841 1324
589842 1177
589843 1177
589844 1106
589845 1105
589846 1249
589847 1177
589848 1249
589849 1249
589850 1176
589851 1249
589852 1462
589853 1105
589854 1246
589855 1246
655360 746
655361 746
655362 746
655363 746
655364 1178
655365 1249
655366 1323
655367 1178
655368 1249
655369 1249
655370 1178
655371 1323
655372 1177
655373 1248
655374 1106
655375 1248
655376 1177
655377 1177
655378 1176
655379 1176
655380 1176
655381 1248
655382 1177
655383 1248
655384 1248
655385 1177
655386 239
655387 239
655388 239
655389 239
655390 239
655391 239
kernel_count 54324
