0 1258
1 1249
2 1465
3 1249
4 1177
5 1177
6 1177
7 1177
8 1177
9 1177
10 1177
11 1176
12 1249
13 1249
14 1030
15 1248
16 1176
17 1176
18 1248
19 1177
20 1176
21 1249
22 1177
23 1105
24 1176
25 1249
26 1249
27 1249
28 1464
29 1179
30 1247
31 1247
65536 1182
65537 1248
65538 1248
65539 1247
65540 1247
65541 1248
65542 1247
65543 1248
65544 1248
65545 1248
65546 1248
65547 1176
65548 1177
65549 1175
65550 1176
65551 1176
65552 1106
65553 1539
65554 1177
65555 1539
65556 1177
65557 1395
65558 1247
65559 1539
65560 1176
65561 1176
65562 1246
65563 1246
65564 1247
65565 1175
65566 1104
65567 1173
131072 1110
131073 1106
131074 1106
131075 1249
131076 1249
131077 1249
131078 1464
131079 1248
131080 1030
131081 1177
131082 1177
131083 1248
131084 1177
131085 1248
131086 1177
131087 1177
131088 1248
131089 1177
131090 1322
131091 1248
131092 1177
131093 1248
131094 1177
131095 1177
131096 1248
131097 1177
131098 1248
131099 1177
131100 1177
131101 1247
131102 1322
131103 1175
196608 1179
196609 1397
196610 1324
196611 1323
196612 1394
196613 1324
196614 1248
196615 1035
196616 1393
196617 1251
196618 1251
196619 1249
196620 1249
196621 1177
196622 1177
196623 1249
196624 1324
196625 1324
196626 1323
196627 957
196628 1252
196629 1030
196630 1463
196631 1246
196632 1247
196633 1176
196634 1247
196635 1247
196636 1176
196637 1247
196638 1176
196639 1245
262144 966
262145 1177
262146 1177
262147 1248
262148 1248
262149 1248
262150 1247
262151 1321
262152 1321
262153 1177
262154 1247
262155 1246
262156 1321
262157 1321
262158 1248
262159 1248
262160 1248
262161 1248
262162 1392
262163 1322
262164 1106
262165 1322
262166 1105
262167 1176
262168 1247
262169 1247
262170 1175
262171 1105
262172 1247
262173 1176
262174 1176
262175 1247
327680 1253
327681 1249
327682 1249
327683 1249
327684 1106
327685 1248
327686 1249
327687 1105
327688 1249
327689 1462
327690 1248
327691 1248
327692 1248
327693 1030
327694 1248
327695 1248
327696 1248
327697 1247
327698 1106
327699 1248
327700 1322
327701 1251
327702 1105
327703 1105
327704 1247
327705 1247
327706 1246
327707 1105
327708 1105
327709 1247
327710 1176
327711 1246
393216 1182
393217 1178
393218 1249
393219 1249
393220 1249
393221 1249
393222 1249
393223 1249
393224 1178
393225 1248
393226 1248
393227 1537
393228 1248
393229 1537
393230 1177
393231 1248
393232 1177
393233 1177
393234 1177
393235 1177
393236 1249
393237 239
393238 239
393239 239
393240 239
393241 239
393242 239
393243 239
393244 239
393245 239
393246 239
393247 239
kernel_count 34537
