0 1110
1 1105
2 1105
3 1105
4 1105
5 1247
6 1246
7 1175
8 1105
9 1105
10 1105
11 1105
12 1105
13 1247
14 1246
15 1246
16 1247
17 1247
18 1246
19 1247
20 1247
21 1247
22 1247
23 1247
24 1246
25 1247
26 1247
27 1247
28 1175
29 1247
30 1247
31 1247
65536 1254
65537 1177
65538 1249
65539 1248
65540 1248
65541 1249
65542 1248
65543 1177
65544 1178
65545 1248
65546 1248
65547 1177
65548 1248
65549 1177
65550 1178
65551 1248
65552 1105
65553 1248
65554 1105
65555 1105
65556 1177
65557 1249
65558 1176
65559 1249
65560 1252
65561 1463
65562 1245
65563 1247
65564 1175
65565 1246
65566 1246
65567 1247
131072 1254
131073 1322
131074 1106
131075 1106
131076 1106
131077 1106
131078 1106
131079 1177
131080 1248
131081 1248
131082 1248
131083 1248
131084 1248
131085 1248
131086 1322
131087 1247
131088 1247
131089 1247
131090 1247
131091 1247
131092 1175
131093 1103
131094 1030
131095 1246
131096 1247
131097 1030
131098 1103
131099 1175
131100 1175
131101 1247
131102 1174
131103 1103
196608 747
196609 893
196610 1178
196611 1249
196612 1247
196613 1106
196614 1249
196615 1249
196616 1107
196617 1249
196618 1029
196619 1035
196620 1250
196621 1248
196622 1105
196623 239
196624 239
196625 239
196626 239
196627 239
196628 239
196629 239
196630 239
196631 239
196632 239
196633 239
196634 239
196635 239
196636 239
196637 239
196638 239
196639 239
kernel_count 17651
