0 1254
1 1176
2 1248
3 1324
4 1463
5 1176
6 1247
7 1247
8 1246
9 1246
10 1105
11 1246
12 1246
13 1175
14 1246
15 1176
16 1247
17 1246
18 1175
19 1247
20 1247
21 1247
22 1176
23 1176
24 1176
25 1176
26 1247
27 1246
28 1176
29 1247
30 1246
31 1175
65536 748
65537 747
65538 1248
65539 1177
65540 1321
65541 1323
65542 1247
65543 1248
65544 1323
65545 1247
65546 1248
65547 1248
65548 1248
65549 1248
65550 1465
65551 1467
65552 1322
65553 1246
65554 1247
65555 1246
65556 1247
65557 1247
65558 1247
65559 1247
65560 1246
65561 958
65562 887
65563 1034
65564 1247
65565 1176
65566 1247
65567 1247
131072 966
131073 747
131074 747
131075 747
131076 747
131077 746
131078 963
131079 1106
131080 1106
131081 1177
131082 1249
131083 1249
131084 1177
131085 1106
131086 1255
131087 1176
131088 1105
131089 1249
131090 1249
131091 1249
131092 1394
131093 1394
131094 1030
131095 1249
131096 1249
131097 1249
131098 1679
131099 1679
131100 1247
131101 1247
131102 1175
131103 1103
196608 1254
196609 1106
196610 1249
196611 1177
196612 1249
196613 1176
196614 1249
196615 1249
196616 1249
196617 1249
196618 1248
196619 1105
196620 1106
196621 1178
196622 1249
196623 1249
196624 1177
196625 1177
196626 1610
196627 1466
196628 1248
196629 1248
196630 1177
196631 1249
196632 1177
196633 1252
196634 1251
196635 1321
196636 1249
196637 1464
196638 1322
196639 1247
262144 1254
262145 1177
262146 1177
262147 1177
262148 1248
262149 1247
262150 1247
262151 1248
262152 1248
262153 1248
262154 1248
262155 1248
262156 1248
262157 1106
262158 1248
262159 1248
262160 1246
262161 1105
262162 1105
262163 1106
262164 1248
262165 1248
262166 1177
262167 1248
262168 1469
262169 1248
262170 1248
262171 1248
262172 1247
262173 1248
262174 1248
262175 1322
327680 900
327681 822
327682 1177
327683 1323
327684 1035
327685 896
327686 747
327687 747
327688 747
327689 746
327690 746
327691 746
327692 821
327693 1322
327694 1177
327695 1177
327696 1177
327697 1248
327698 1177
327699 1177
327700 1177
327701 1030
327702 1322
327703 1248
327704 1176
327705 1180
327706 1105
327707 1247
327708 1247
327709 1105
327710 1247
327711 1247
393216 1182
393217 1177
393218 1177
393219 1177
393220 1106
393221 1177
393222 1177
393223 1176
393224 1176
393225 1249
393226 1249
393227 1105
393228 1249
393229 1106
393230 1177
393231 1464
393232 1106
393233 1322
393234 1248
393235 1177
393236 1248
393237 1177
393238 1176
393239 959
393240 1030
393241 1247
393242 1322
393243 1247
393244 1105
393245 1247
393246 1247
393247 1247
458752 1401
458753 1249
458754 1178
458755 1249
458756 1178
458757 1177
458758 1249
458759 1249
458760 1178
458761 1249
458762 1251
458763 1178
458764 1249
458765 1248
458766 1249
458767 1249
458768 1323
458769 1246
458770 1247
458771 239
458772 239
458773 239
458774 239
458775 239
458776 239
458777 239
458778 239
458779 239
458780 239
458781 239
458782 239
458783 239
kernel_count 38247
