0 1472
1 1177
2 1177
3 1323
4 1106
5 1177
6 1177
7 1177
8 1247
9 1177
10 1248
11 1247
12 1247
13 1248
14 1247
15 1248
16 1248
17 1248
18 1247
19 1248
20 1248
21 1248
22 1392
23 1247
24 1247
25 1176
26 1105
27 1247
28 1247
29 1175
30 1175
31 1173
65536 1253
65537 1396
65538 1247
65539 1247
65540 1247
65541 1176
65542 1247
65543 1247
65544 1247
65545 1247
65546 1176
65547 1247
65548 1247
65549 1247
65550 1246
65551 1176
65552 1247
65553 1246
65554 1176
65555 1176
65556 1246
65557 1247
65558 1246
65559 1246
65560 1247
65561 1246
65562 1246
65563 1247
65564 1175
65565 1247
65566 1103
65567 1028
131072 1110
131073 1248
131074 1248
131075 1248
131076 1247
131077 1248
131078 1248
131079 1177
131080 1177
131081 1248
131082 1248
131083 1248
131084 1248
131085 1248
131086 1248
131087 1248
131088 1106
131089 1248
131090 1248
131091 1175
131092 1392
131093 1248
131094 1247
131095 1247
131096 1248
131097 1248
131098 1245
131099 1248
131100 1106
131101 1247
131102 1246
131103 1392
196608 1186
196609 1106
196610 1181
196611 1181
196612 748
196613 1106
196614 1321
196615 1322
196616 239
196617 239
196618 239
196619 239
196620 239
196621 239
196622 239
196623 239
196624 239
196625 239
196626 239
196627 239
196628 239
196629 239
196630 239
196631 239
196632 239
196633 239
196634 239
196635 239
196636 239
196637 239
196638 239
196639 239
kernel_count 17153
