0 1473
1 1248
2 1177
3 1248
4 1177
5 1248
6 1177
7 1248
8 1106
9 1106
10 1323
11 1106
12 1248
13 1393
14 1248
15 1248
16 1177
17 1323
18 1248
19 1177
20 1177
21 1248
22 1248
23 1248
24 1248
25 1248
26 1323
27 1252
28 1106
29 1248
30 1392
31 1247
65536 748
65537 747
65538 823
65539 747
65540 747
65541 747
65542 747
65543 747
65544 747
65545 1176
65546 1249
65547 1465
65548 1176
65549 1249
65550 1539
65551 1177
65552 1106
65553 1248
65554 1177
65555 1683
65556 1249
65557 1249
65558 1465
65559 1106
65560 1323
65561 1321
65562 1247
65563 1247
65564 1176
65565 1175
65566 1175
65567 1175
131072 748
131073 1106
131074 1177
131075 1106
131076 1106
131077 1248
131078 1177
131079 1248
131080 1106
131081 1106
131082 1248
131083 1248
131084 1177
131085 1177
131086 1322
131087 1247
131088 1247
131089 1246
131090 1247
131091 1246
131092 1247
131093 1246
131094 1246
131095 1246
131096 1246
131097 1246
131098 1246
131099 1246
131100 1247
131101 1176
131102 1247
131103 1103
196608 748
196609 1175
196610 746
196611 1247
196612 1247
196613 1105
196614 1247
196615 1247
196616 1105
196617 746
196618 746
196619 1247
196620 1247
196621 1175
196622 1246
196623 1247
196624 1105
196625 1176
196626 1247
196627 1176
196628 1246
196629 1247
196630 1247
196631 1176
196632 1247
196633 1247
196634 1104
196635 1174
196636 1175
196637 1175
196638 1175
196639 1175
262144 1186
262145 1106
262146 1322
262147 1106
262148 1322
262149 1106
262150 1322
262151 1106
262152 1392
262153 1177
262154 1248
262155 1247
262156 1247
262157 1247
262158 1248
262159 1176
262160 1177
262161 1248
262162 1246
262163 239
262164 239
262165 239
262166 239
262167 239
262168 239
262169 239
262170 239
262171 239
262172 239
262173 239
262174 239
262175 239
kernel_count 22977
