0 1253
1 1246
2 1246
3 1105
4 1246
5 1247
6 1105
7 1247
8 1246
9 1247
10 1247
11 1246
12 1105
13 1247
14 1247
15 1247
16 1247
17 1247
18 1246
19 1246
20 1176
21 1247
22 1176
23 1176
24 1247
25 1247
26 1175
27 1247
28 1247
29 1247
30 1247
31 1247
65536 748
65537 747
65538 1177
65539 1177
65540 1177
65541 1177
65542 1177
65543 1177
65544 1176
65545 1177
65546 1248
65547 1248
65548 1247
65549 1177
65550 1247
65551 1248
65552 1248
65553 1248
65554 1248
65555 1177
65556 1106
65557 1105
65558 1247
65559 1248
65560 1248
65561 1393
65562 1248
65563 1322
65564 1246
65565 1105
65566 961
65567 1246
131072 1254
131073 1248
131074 1248
131075 1247
131076 1248
131077 1247
131078 1248
131079 1248
131080 1248
131081 1248
131082 1177
131083 1177
131084 1248
131085 1177
131086 1247
131087 1323
131088 1323
131089 1247
131090 1248
131091 1177
131092 1392
131093 1247
131094 1246
131095 1177
131096 1177
131097 1176
131098 1177
131099 1177
131100 1392
131101 1392
131102 1392
131103 1392
196608 1254
196609 1177
196610 1176
196611 1248
196612 1248
196613 1248
196614 1247
196615 1248
196616 1322
196617 1248
196618 1248
196619 1248
196620 1248
196621 1106
196622 1322
196623 1175
196624 1245
196625 1247
196626 1247
196627 1247
196628 1175
196629 1246
196630 1247
196631 1247
196632 1176
196633 1247
196634 1176
196635 1176
196636 1175
196637 1245
196638 1246
196639 1247
262144 1254
262145 1248
262146 1176
262147 1176
262148 1247
262149 1248
262150 1248
262151 1248
262152 1176
262153 1248
262154 1176
262155 1247
262156 1176
262157 1106
262158 1177
262159 1177
262160 1177
262161 1177
262162 1177
262163 1177
262164 1248
262165 1247
262166 1177
262167 1106
262168 1248
262169 1247
262170 1248
262171 1248
262172 1248
262173 1248
262174 1250
262175 1175
327680 1330
327681 1248
327682 1248
327683 1248
327684 1177
327685 1321
327686 1251
327687 1248
327688 1248
327689 1248
327690 1248
327691 1177
327692 1248
327693 1176
327694 1248
327695 1106
327696 1248
327697 1248
327698 1247
327699 1393
327700 1177
327701 1248
327702 1247
327703 1392
327704 1247
327705 1247
327706 1246
327707 1176
327708 1245
327709 1246
327710 1246
327711 1247
393216 1254
393217 1325
393218 1249
393219 1249
393220 1249
393221 1249
393222 1249
393223 1249
393224 1249
393225 1249
393226 1249
393227 1249
393228 1249
393229 1248
393230 1249
393231 1249
393232 1249
393233 1249
393234 1249
393235 1177
393236 1249
393237 1249
393238 1249
393239 1249
393240 1106
393241 1249
393242 1177
393243 1249
393244 1248
393245 1611
393246 1245
393247 1175
458752 1181
458753 1247
458754 1176
458755 1247
458756 1247
458757 1247
458758 1105
458759 1105
458760 1105
458761 1105
458762 1177
458763 1177
458764 1248
458765 1247
458766 1248
458767 1248
458768 1033
458769 1033
458770 1177
458771 1393
458772 1248
458773 1033
458774 1176
458775 1322
458776 1176
458777 1321
458778 1175
458779 1174
458780 1105
458781 1247
458782 1176
458783 1175
524288 1038
524289 1178
524290 1036
524291 1178
524292 1249
524293 1248
524294 1249
524295 1325
524296 1325
524297 1399
524298 1399
524299 1249
524300 1249
524301 1325
524302 1395
524303 1326
524304 1396
524305 1249
524306 1249
524307 1178
524308 1107
524309 1249
524310 1470
524311 1106
524312 1248
524313 1176
524314 1030
524315 1175
524316 239
524317 239
524318 239
524319 239
kernel_count 45597
