0 1253
1 1246
2 1246
3 1247
4 1247
5 1247
6 1176
7 1247
8 1176
9 1176
10 1175
11 1175
12 1175
13 1176
14 1175
15 1175
16 1175
17 1176
18 1175
19 1104
20 1247
21 1247
22 1247
23 1247
24 1247
25 1247
26 1176
27 1247
28 1176
29 1246
30 1247
31 1175
65536 1254
65537 1105
65538 1249
65539 1249
65540 1248
65541 1248
65542 1249
65543 1249
65544 1248
65545 1249
65546 1177
65547 1177
65548 1249
65549 1249
65550 1177
65551 1249
65552 1248
65553 1467
65554 1176
65555 1325
65556 1608
65557 1176
65558 1249
65559 1679
65560 1248
65561 1248
65562 1248
65563 1106
65564 1030
65565 1176
65566 1391
65567 1391
131072 1110
131073 1106
131074 1247
131075 1248
131076 1248
131077 1248
131078 1248
131079 1248
131080 1322
131081 1247
131082 1177
131083 1248
131084 1248
131085 1248
131086 1248
131087 1248
131088 1177
131089 1248
131090 1248
131091 1248
131092 1248
131093 1248
131094 1248
131095 1248
131096 1322
131097 1176
131098 1176
131099 1176
131100 1247
131101 1246
131102 1247
131103 1175
196608 1254
196609 1248
196610 1248
196611 1106
196612 1106
196613 1106
196614 1467
196615 1322
196616 1176
196617 1250
196618 1177
196619 1248
196620 1247
196621 1106
196622 1248
196623 1248
196624 1106
196625 1248
196626 1321
196627 1248
196628 1247
196629 1246
196630 1177
196631 1322
196632 1247
196633 1247
196634 1247
196635 1247
196636 1247
196637 1176
196638 1246
196639 1247
262144 1254
262145 1248
262146 1247
262147 1248
262148 1248
262149 1248
262150 1247
262151 1248
262152 1248
262153 1247
262154 1106
262155 1177
262156 1248
262157 1248
262158 1177
262159 1323
262160 1393
262161 1393
262162 1394
262163 1246
262164 1322
262165 1322
262166 1322
262167 1247
262168 1105
262169 1246
262170 1247
262171 1247
262172 1247
262173 1246
262174 1246
262175 1244
327680 1182
327681 1830
327682 1830
327683 1176
327684 1830
327685 1830
327686 1325
327687 1326
327688 1393
327689 1394
327690 1249
327691 1394
327692 1176
327693 1252
327694 1248
327695 745
327696 1176
327697 745
327698 1247
327699 1248
327700 1248
327701 1247
327702 1324
327703 1249
327704 1324
327705 1249
327706 1395
327707 1464
327708 1246
327709 1103
327710 1247
327711 1245
393216 1254
393217 1182
393218 1253
393219 1182
393220 1253
393221 1325
393222 1399
393223 1248
393224 1539
393225 1539
393226 1105
393227 1033
393228 1033
393229 1033
393230 1105
393231 1248
393232 1106
393233 1105
393234 1106
393235 1177
393236 1247
393237 1247
393238 1247
393239 1106
393240 1176
393241 1390
393242 1393
393243 1250
393244 1248
393245 1320
393246 1176
393247 1246
458752 1479
458753 1470
458754 1248
458755 1399
458756 1395
458757 1248
458758 1468
458759 1111
458760 1323
458761 1252
458762 1537
458763 1247
458764 1325
458765 1176
458766 1324
458767 1394
458768 1396
458769 1177
458770 1034
458771 1177
458772 1034
458773 1177
458774 1248
458775 1177
458776 1250
458777 1322
458778 1247
458779 1247
458780 1246
458781 1176
458782 1247
458783 1028
524288 1254
524289 1248
524290 1106
524291 1177
524292 1248
524293 1248
524294 1248
524295 1248
524296 1248
524297 1177
524298 1248
524299 1248
524300 1177
524301 1177
524302 1176
524303 1248
524304 1248
524305 1248
524306 1177
524307 1321
524308 1176
524309 1248
524310 1177
524311 1248
524312 1247
524313 1322
524314 1247
524315 1247
524316 1176
524317 1246
524318 1247
524319 1175
589824 1110
589825 1249
589826 1247
589827 1248
589828 1248
589829 1177
589830 1177
589831 1249
589832 1178
589833 1177
589834 1177
589835 1249
589836 1178
589837 1178
589838 1398
589839 1249
589840 1182
589841 1324
589842 1249
589843 1249
589844 1248
589845 1249
589846 1249
589847 1393
589848 1248
589849 1249
589850 1248
589851 1249
589852 1393
589853 1031
589854 1249
589855 239
kernel_count 52142
