0 1253
1 1175
2 1246
3 1247
4 1247
5 1176
6 1246
7 1175
8 1246
9 1247
10 1247
11 1175
12 1246
13 1246
14 1247
15 1247
16 1247
17 1176
18 1246
19 1246
20 1247
21 1247
22 1247
23 1246
24 1247
25 1105
26 1175
27 1176
28 1175
29 1104
30 1175
31 1246
65536 1109
65537 1035
65538 746
65539 746
65540 746
65541 746
65542 1176
65543 1177
65544 1177
65545 1248
65546 1247
65547 1248
65548 1106
65549 1175
65550 1248
65551 1248
65552 1248
65553 1248
65554 1106
65555 1248
65556 1248
65557 1248
65558 1248
65559 1248
65560 1248
65561 1248
65562 1248
65563 1248
65564 1175
65565 1247
65566 1322
65567 1322
131072 1182
131073 1177
131074 1462
131075 1177
131076 1247
131077 1247
131078 1106
131079 1248
131080 1106
131081 1176
131082 1177
131083 1106
131084 1177
131085 1106
131086 1030
131087 1106
131088 814
131089 1248
131090 1392
131091 1247
131092 1247
131093 1104
131094 1176
131095 1247
131096 1176
131097 1176
131098 1247
131099 1246
131100 1247
131101 1246
131102 1247
131103 1247
196608 1257
196609 747
196610 747
196611 1322
196612 1177
196613 747
196614 1252
196615 1247
196616 1176
196617 1246
196618 1246
196619 1246
196620 1248
196621 1248
196622 1248
196623 1247
196624 1177
196625 1176
196626 1176
196627 1176
196628 1176
196629 1248
196630 1248
196631 1177
196632 1248
196633 1248
196634 1248
196635 1106
196636 1106
196637 1250
196638 1176
196639 1247
262144 748
262145 1247
262146 1177
262147 1248
262148 1248
262149 1247
262150 1248
262151 1248
262152 1248
262153 1248
262154 1177
262155 1248
262156 1247
262157 1396
262158 1396
262159 1326
262160 1180
262161 1177
262162 1247
262163 1247
262164 1248
262165 1106
262166 1176
262167 1321
262168 1104
262169 1247
262170 1321
262171 1249
262172 1246
262173 1248
262174 1321
262175 1246
327680 1253
327681 1246
327682 1247
327683 1247
327684 1247
327685 1322
327686 1247
327687 1248
327688 1323
327689 1248
327690 1248
327691 1248
327692 1177
327693 1177
327694 1104
327695 1106
327696 1394
327697 1248
327698 1246
327699 1177
327700 1248
327701 1106
327702 1323
327703 1176
327704 1395
327705 1394
327706 1247
327707 1175
327708 1247
327709 1467
327710 1173
327711 1175
393216 1258
393217 1177
393218 1177
393219 1175
393220 1105
393221 1247
393222 1246
393223 1105
393224 1106
393225 1248
393226 1175
393227 1248
393228 1175
393229 1105
393230 1248
393231 1248
393232 1323
393233 1248
393234 1248
393235 1248
393236 1323
393237 1248
393238 1248
393239 1323
393240 1252
393241 1177
393242 1321
393243 1177
393244 1321
393245 1106
393246 1248
393247 1391
458752 1254
458753 1106
458754 747
458755 1325
458756 1030
458757 1249
458758 1249
458759 1249
458760 1249
458761 1249
458762 1106
458763 1106
458764 1106
458765 1613
458766 1249
458767 1610
458768 1249
458769 1680
458770 1467
458771 1612
458772 1249
458773 1610
458774 1248
458775 1030
458776 1030
458777 1251
458778 1321
458779 1248
458780 1321
458781 1247
458782 1321
458783 1247
524288 1253
524289 1248
524290 1248
524291 1248
524292 1248
524293 1030
524294 1106
524295 1177
524296 1248
524297 1178
524298 1248
524299 1248
524300 1606
524301 1177
524302 1464
524303 1392
524304 1249
524305 1248
524306 1392
524307 1249
524308 1106
524309 1177
524310 1463
524311 1248
524312 1390
524313 1247
524314 1247
524315 1247
524316 1247
524317 1247
524318 1175
524319 1174
589824 1110
589825 1324
589826 1177
589827 1249
589828 1106
589829 1249
589830 1177
589831 1176
589832 1177
589833 1251
589834 1465
589835 1464
589836 1248
589837 1249
589838 1324
589839 1252
589840 1320
589841 1177
589842 1177
589843 1249
589844 1393
589845 1177
589846 1249
589847 1248
589848 1249
589849 1177
589850 1176
589851 1176
589852 1176
589853 1462
589854 1464
589855 1464
655360 1400
655361 1393
655362 1177
655363 1181
655364 1181
655365 1393
655366 1177
655367 1248
655368 1177
655369 1248
655370 1247
655371 1321
655372 1248
655373 1106
655374 1321
655375 1177
655376 1248
655377 1248
655378 1248
655379 1177
655380 1248
655381 1177
655382 1177
655383 1248
655384 1248
655385 1248
655386 1251
655387 1321
655388 1321
655389 1321
655390 1321
655391 1250
720896 1254
720897 1681
720898 1250
720899 1249
720900 1178
720901 1106
720902 1178
720903 1467
720904 1177
720905 1466
720906 1106
720907 1248
720908 1177
720909 1395
720910 1027
720911 239
720912 239
720913 239
720914 239
720915 239
720916 239
720917 239
720918 239
720919 239
720920 239
720921 239
720922 239
720923 239
720924 239
720925 239
720926 239
720927 239
kernel_count 59341
