0 1182
1 1177
2 1177
3 1177
4 1177
5 1177
6 1177
7 1249
8 1249
9 1178
10 1178
11 1393
12 1249
13 1249
14 1249
15 1393
16 1249
17 1464
18 1246
19 1246
20 1246
21 1247
22 1247
23 1247
24 1247
25 1247
26 1247
27 1247
28 1176
29 1176
30 1247
31 1175
65536 1109
65537 1249
65538 1249
65539 1324
65540 1252
65541 1249
65542 1252
65543 1176
65544 1249
65545 1324
65546 1176
65547 1105
65548 1105
65549 1249
65550 1249
65551 1106
65552 1249
65553 1249
65554 1464
65555 1249
65556 1177
65557 1249
65558 1177
65559 1249
65560 1324
65561 1463
65562 1246
65563 1246
65564 1247
65565 1247
65566 1247
65567 1245
131072 1109
131073 1106
131074 1249
131075 1249
131076 1106
131077 1106
131078 1249
131079 1398
131080 1397
131081 1397
131082 1398
131083 1251
131084 1394
131085 1249
131086 1249
131087 1249
131088 1249
131089 1249
131090 1247
131091 1249
131092 1249
131093 1176
131094 1394
131095 1248
131096 1106
131097 1106
131098 1177
131099 1394
131100 1394
131101 1247
131102 1246
131103 1174
196608 1254
196609 1177
196610 1394
196611 1324
196612 1248
196613 1253
196614 1324
196615 1175
196616 1247
196617 1246
196618 1247
196619 1247
196620 1538
196621 1177
196622 1248
196623 1323
196624 1392
196625 1321
196626 1321
196627 1321
196628 1394
196629 1247
196630 1106
196631 1322
196632 1322
196633 1247
196634 1247
196635 1246
196636 1247
196637 1247
196638 1176
196639 1247
262144 1254
262145 1249
262146 1249
262147 1323
262148 1249
262149 1249
262150 1178
262151 1249
262152 1177
262153 1249
262154 1177
262155 1178
262156 1249
262157 1249
262158 1249
262159 1177
262160 1106
262161 1106
262162 1248
262163 1394
262164 1248
262165 1247
262166 1177
262167 1177
262168 1177
262169 1105
262170 1106
262171 1106
262172 1179
262173 1176
262174 1246
262175 1246
327680 1110
327681 1249
327682 1248
327683 1681
327684 1249
327685 1249
327686 1249
327687 1248
327688 1894
327689 1895
327690 1177
327691 1177
327692 1249
327693 1894
327694 1894
327695 1177
327696 1177
327697 1253
327698 1253
327699 1610
327700 1249
327701 1177
327702 1465
327703 1176
327704 1105
327705 1106
327706 1177
327707 1322
327708 1251
327709 1247
327710 1247
327711 1247
393216 1548
393217 1323
393218 1247
393219 1105
393220 1105
393221 1105
393222 1033
393223 1104
393224 1177
393225 1106
393226 1537
393227 1104
393228 1537
393229 1106
393230 1324
393231 1106
393232 1248
393233 1248
393234 1252
393235 1248
393236 1248
393237 1395
393238 1395
393239 1175
393240 1176
393241 1322
393242 1395
393243 1397
393244 1395
393245 1177
393246 1396
393247 1028
458752 1254
458753 1324
458754 1106
458755 1324
458756 1177
458757 1392
458758 1466
458759 1466
458760 1248
458761 1106
458762 1248
458763 1106
458764 1106
458765 1106
458766 1251
458767 1248
458768 1247
458769 1246
458770 1246
458771 1246
458772 1246
458773 1176
458774 1103
458775 1176
458776 1178
458777 1173
458778 1173
458779 1173
458780 1102
458781 1031
458782 889
458783 1173
524288 1109
524289 1176
524290 1323
524291 1395
524292 1248
524293 1177
524294 1178
524295 1180
524296 1105
524297 1103
524298 1179
524299 1105
524300 1103
524301 1179
524302 1105
524303 1035
524304 1248
524305 1177
524306 1176
524307 1176
524308 1176
524309 1248
524310 1029
524311 1247
524312 1396
524313 1104
524314 1173
524315 1247
524316 1176
524317 1175
524318 1176
524319 1247
589824 1181
589825 1325
589826 1249
589827 1176
589828 1248
589829 1249
589830 1468
589831 1540
589832 1608
589833 1249
589834 1394
589835 1175
589836 1249
589837 1105
589838 1249
589839 1248
589840 1249
589841 1249
589842 1177
589843 1248
589844 1248
589845 1249
589846 1248
589847 1607
589848 1105
589849 1246
589850 1246
589851 1176
589852 1104
589853 1246
589854 1247
589855 1175
655360 1253
655361 1182
655362 1107
655363 964
655364 1250
655365 748
655366 1250
655367 1250
655368 1178
655369 1031
655370 1250
655371 1249
655372 1249
655373 1178
655374 1250
655375 1249
655376 1177
655377 1250
655378 1250
655379 1250
655380 1178
655381 1175
655382 1249
655383 1396
655384 1395
655385 1253
655386 1394
655387 1465
655388 1248
655389 1248
655390 1248
655391 239
kernel_count 57320
