0 1253
1 1248
2 1248
3 1393
4 1249
5 1177
6 1177
7 1177
8 1177
9 1464
10 1249
11 1249
12 1464
13 1248
14 1177
15 1030
16 1177
17 1464
18 1464
19 1105
20 1247
21 1176
22 1247
23 1247
24 1176
25 1247
26 1247
27 1176
28 1247
29 1247
30 1247
31 1247
65536 1253
65537 1248
65538 1106
65539 1247
65540 1246
65541 1247
65542 1106
65543 1106
65544 1177
65545 1248
65546 1177
65547 1247
65548 1248
65549 1177
65550 1177
65551 1248
65552 1248
65553 1247
65554 1248
65555 1177
65556 1106
65557 1248
65558 1393
65559 1393
65560 1393
65561 1176
65562 1177
65563 1248
65564 1248
65565 1247
65566 1106
65567 1322
131072 1472
131073 1248
131074 1178
131075 1248
131076 1106
131077 1177
131078 1464
131079 1247
131080 1177
131081 1177
131082 1177
131083 1177
131084 1393
131085 1323
131086 1177
131087 1248
131088 1248
131089 1393
131090 1393
131091 1322
131092 1176
131093 1177
131094 1248
131095 1247
131096 1248
131097 1177
131098 1392
131099 1247
131100 1247
131101 1174
131102 1175
131103 1175
196608 1254
196609 1177
196610 1248
196611 1177
196612 1177
196613 1176
196614 1177
196615 1248
196616 1321
196617 1321
196618 1247
196619 1247
196620 1247
196621 1247
196622 1247
196623 1247
196624 1247
196625 1248
196626 1177
196627 1247
196628 1177
196629 1391
196630 1392
196631 1175
196632 1176
196633 1176
196634 1247
196635 1105
196636 1176
196637 1247
196638 1247
196639 1247
262144 1109
262145 1247
262146 1248
262147 1105
262148 1177
262149 1248
262150 1104
262151 1248
262152 1177
262153 1106
262154 1106
262155 1175
262156 1105
262157 1248
262158 1179
262159 1179
262160 1322
262161 1180
262162 1108
262163 1251
262164 1247
262165 1179
262166 1250
262167 1248
262168 1180
262169 1179
262170 1322
262171 1177
262172 1179
262173 1251
262174 1247
262175 1178
327680 823
327681 747
327682 821
327683 820
327684 821
327685 746
327686 820
327687 821
327688 747
327689 1109
327690 1248
327691 1248
327692 1251
327693 1322
327694 1246
327695 1248
327696 1029
327697 1248
327698 1248
327699 1248
327700 1248
327701 1248
327702 1247
327703 1247
327704 1248
327705 1248
327706 1248
327707 1247
327708 1248
327709 1248
327710 1180
327711 1247
393216 1181
393217 1177
393218 1177
393219 1105
393220 1249
393221 1248
393222 1249
393223 1177
393224 1249
393225 1249
393226 1177
393227 1248
393228 1249
393229 1106
393230 1249
393231 1106
393232 1249
393233 1106
393234 1249
393235 1465
393236 1249
393237 1253
393238 1253
393239 1176
393240 1398
393241 1249
393242 1249
393243 1249
393244 1249
393245 1464
393246 1464
393247 1464
458752 1408
458753 1248
458754 1105
458755 1247
458756 1469
458757 1248
458758 1106
458759 1106
458760 1398
458761 1255
458762 1177
458763 1106
458764 1394
458765 1248
458766 1177
458767 1393
458768 1248
458769 1393
458770 1247
458771 1247
458772 1104
458773 1320
458774 1180
458775 1248
458776 1247
458777 1103
458778 1246
458779 1180
458780 1247
458781 1246
458782 1101
458783 1173
524288 1107
524289 1105
524290 1104
524291 1105
524292 1105
524293 1176
524294 1248
524295 1177
524296 1177
524297 1177
524298 1249
524299 1105
524300 1103
524301 1249
524302 1177
524303 1249
524304 1249
524305 1178
524306 1249
524307 1249
524308 1106
524309 1177
524310 1249
524311 1176
524312 1249
524313 1176
524314 1464
524315 1246
524316 1246
524317 1104
524318 1174
524319 1175
589824 1181
589825 1248
589826 1177
589827 1177
589828 1321
589829 1248
589830 1248
589831 1247
589832 1176
589833 1176
589834 1248
589835 1176
589836 1177
589837 1176
589838 1248
589839 1176
589840 1322
589841 1322
589842 1176
589843 1247
589844 1176
589845 1176
589846 1176
589847 1176
589848 1105
589849 1175
589850 1247
589851 1247
589852 1247
589853 1105
589854 1247
589855 1247
655360 1405
655361 1325
655362 1394
655363 1394
655364 1465
655365 1249
655366 1249
655367 1178
655368 1248
655369 1323
655370 1106
655371 1029
655372 1249
655373 1106
655374 1106
655375 1177
655376 1249
655377 1249
655378 1249
655379 1249
655380 1249
655381 1249
655382 1178
655383 1249
655384 1106
655385 1469
655386 1246
655387 1175
655388 1104
655389 1104
655390 1029
655391 1175
720896 1254
720897 1249
720898 1247
720899 1252
720900 1248
720901 1246
720902 1322
720903 1324
720904 1248
720905 1248
720906 1249
720907 1249
720908 1249
720909 1249
720910 1248
720911 1248
720912 1249
720913 1394
720914 1249
720915 1247
720916 1250
720917 1176
720918 1176
720919 1248
720920 1247
720921 1176
720922 1176
720923 955
720924 239
720925 239
720926 239
720927 239
kernel_count 60716
