0 1254
1 1248
2 1248
3 1247
4 1248
5 1248
6 1248
7 1248
8 1248
9 1248
10 1248
11 1248
12 1247
13 1248
14 1177
15 1180
16 1176
17 1248
18 1248
19 1180
20 1248
21 1247
22 1248
23 1177
24 1180
25 1248
26 1251
27 1247
28 1176
29 1247
30 1247
31 1247
65536 1254
65537 1249
65538 1248
65539 1177
65540 1248
65541 1464
65542 1463
65543 1392
65544 1246
65545 1247
65546 1247
65547 1247
65548 1246
65549 1247
65550 1247
65551 1176
65552 1247
65553 1247
65554 1176
65555 1246
65556 816
65557 1247
65558 1247
65559 1176
65560 1247
65561 1176
65562 1247
65563 1247
65564 1246
65565 1247
65566 1174
65567 1175
131072 1253
131073 1247
131074 1105
131075 1247
131076 1105
131077 1176
131078 1247
131079 1247
131080 1247
131081 1247
131082 1247
131083 1247
131084 1175
131085 1247
131086 1247
131087 1175
131088 1247
131089 1247
131090 1246
131091 1247
131092 1175
131093 1174
131094 1176
131095 1247
131096 1247
131097 1247
131098 1174
131099 1175
131100 1247
131101 1247
131102 1176
131103 1246
196608 1254
196609 1249
196610 1248
196611 1248
196612 1249
196613 1394
196614 1249
196615 1249
196616 1249
196617 1176
196618 1105
196619 1248
196620 1177
196621 1106
196622 1249
196623 1249
196624 1247
196625 1248
196626 1247
196627 1248
196628 1247
196629 1248
196630 1177
196631 1247
196632 1248
196633 1324
196634 1249
196635 1106
196636 1465
196637 1394
196638 1247
196639 1247
262144 1254
262145 1177
262146 1249
262147 1249
262148 1249
262149 1248
262150 1177
262151 1466
262152 1248
262153 1106
262154 1177
262155 1177
262156 1177
262157 1106
262158 1467
262159 1539
262160 1394
262161 1248
262162 1248
262163 1248
262164 1251
262165 1250
262166 1250
262167 1245
262168 1245
262169 1247
262170 1246
262171 1247
262172 1029
262173 1029
262174 1029
262175 1102
327680 1037
327681 1246
327682 1247
327683 1246
327684 1247
327685 961
327686 1175
327687 1175
327688 1176
327689 1175
327690 1175
327691 1321
327692 1246
327693 1176
327694 1176
327695 1033
327696 1391
327697 1247
327698 1247
327699 1247
327700 1247
327701 1247
327702 1247
327703 1247
327704 1247
327705 1106
327706 1248
327707 1248
327708 1106
327709 1251
327710 1251
327711 1247
393216 1253
393217 1177
393218 1248
393219 1177
393220 1248
393221 1322
393222 1177
393223 1248
393224 1248
393225 1248
393226 1321
393227 1105
393228 1248
393229 1247
393230 1248
393231 1176
393232 1177
393233 1106
393234 1248
393235 1248
393236 1248
393237 1177
393238 1247
393239 1175
393240 1250
393241 1246
393242 1246
393243 1247
393244 1246
393245 1245
393246 1030
393247 958
458752 1471
458753 1106
458754 1106
458755 1106
458756 1249
458757 1248
458758 1177
458759 1393
458760 1463
458761 1247
458762 1176
458763 1246
458764 1246
458765 1246
458766 1246
458767 1246
458768 1176
458769 1247
458770 1246
458771 1246
458772 1247
458773 1246
458774 1176
458775 1247
458776 1246
458777 1246
458778 1247
458779 1246
458780 1176
458781 1244
458782 1244
458783 1247
524288 1182
524289 1177
524290 1177
524291 1177
524292 1249
524293 1249
524294 1249
524295 1106
524296 1249
524297 1249
524298 1249
524299 1030
524300 1106
524301 1247
524302 1247
524303 1247
524304 1324
524305 1324
524306 1248
524307 1249
524308 1607
524309 1249
524310 1607
524311 1246
524312 1246
524313 1246
524314 1247
524315 1247
524316 1247
524317 1176
524318 1247
524319 1028
589824 1256
589825 1252
589826 1249
589827 1394
589828 1249
589829 1249
589830 1394
589831 1249
589832 1106
589833 1249
589834 1177
589835 1324
589836 1177
589837 1324
589838 1177
589839 1324
589840 1177
589841 1324
589842 1177
589843 1324
589844 1177
589845 1324
589846 1249
589847 1249
589848 1249
589849 1248
589850 1176
589851 1249
589852 1466
589853 1105
589854 1176
589855 1246
655360 1181
655361 1324
655362 1324
655363 1248
655364 1394
655365 1248
655366 1177
655367 1248
655368 1323
655369 1248
655370 1177
655371 1247
655372 1106
655373 1248
655374 1325
655375 1325
655376 1325
655377 1396
655378 1325
655379 1254
655380 1248
655381 1325
655382 1325
655383 1325
655384 1396
655385 1177
655386 1325
655387 1325
655388 1322
655389 1247
655390 1247
655391 1247
720896 1110
720897 1249
720898 1176
720899 1249
720900 1249
720901 1106
720902 1248
720903 1467
720904 1106
720905 1249
720906 1249
720907 1249
720908 1177
720909 1249
720910 1248
720911 1249
720912 1249
720913 1248
720914 1248
720915 1249
720916 1466
720917 1466
720918 1465
720919 1323
720920 1247
720921 1248
720922 1249
720923 1249
720924 1536
720925 1175
720926 1246
720927 1175
786432 1405
786433 1397
786434 961
786435 239
786436 239
786437 239
786438 239
786439 239
786440 239
786441 239
786442 239
786443 239
786444 239
786445 239
786446 239
786447 239
786448 239
786449 239
786450 239
786451 239
786452 239
786453 239
786454 239
786455 239
786456 239
786457 239
786458 239
786459 239
786460 239
786461 239
786462 239
786463 239
kernel_count 63373
