0 1401
1 1394
2 1394
3 1394
4 1394
5 1394
6 1394
7 1177
8 1177
9 1177
10 1248
11 1248
12 1247
13 1177
14 1248
15 1177
16 1248
17 1248
18 1247
19 1248
20 1248
21 1248
22 1248
23 1177
24 1391
25 1246
26 1247
27 1247
28 1247
29 1246
30 1246
31 1247
65536 1110
65537 1176
65538 1248
65539 1248
65540 1247
65541 1247
65542 1247
65543 1106
65544 1248
65545 1248
65546 1248
65547 1248
65548 1248
65549 1248
65550 1029
65551 1248
65552 1177
65553 1248
65554 1177
65555 1248
65556 1248
65557 1177
65558 1469
65559 1175
65560 1176
65561 1247
65562 1247
65563 1105
65564 1176
65565 1175
65566 1246
65567 1175
131072 1330
131073 1322
131074 1178
131075 1249
131076 1249
131077 1176
131078 1177
131079 1176
131080 1105
131081 1178
131082 1249
131083 1249
131084 1249
131085 1249
131086 1249
131087 1249
131088 1249
131089 1106
131090 1246
131091 1249
131092 1249
131093 1249
131094 1106
131095 1033
131096 1034
131097 1394
131098 1248
131099 1248
131100 1180
131101 1104
131102 1247
131103 1247
196608 1254
196609 746
196610 1177
196611 1248
196612 1248
196613 1248
196614 1394
196615 1247
196616 1394
196617 1394
196618 1248
196619 1248
196620 1248
196621 1248
196622 1248
196623 1325
196624 1176
196625 1248
196626 1248
196627 1175
196628 1247
196629 1176
196630 1177
196631 1106
196632 1177
196633 1248
196634 1468
196635 1467
196636 1246
196637 1246
196638 1247
196639 1028
262144 748
262145 747
262146 968
262147 746
262148 747
262149 1177
262150 1252
262151 1252
262152 1176
262153 1176
262154 1248
262155 1393
262156 1248
262157 1106
262158 1177
262159 1248
262160 1248
262161 1247
262162 1248
262163 1247
262164 1248
262165 1248
262166 1248
262167 1106
262168 1248
262169 1248
262170 1176
262171 1176
262172 1175
262173 1175
262174 1175
262175 1249
327680 1254
327681 1177
327682 1177
327683 1248
327684 1248
327685 1176
327686 1248
327687 1248
327688 1248
327689 1322
327690 1246
327691 1176
327692 1105
327693 1176
327694 1247
327695 1247
327696 1246
327697 1246
327698 1247
327699 1246
327700 1247
327701 1247
327702 1176
327703 1176
327704 1247
327705 1105
327706 1105
327707 1105
327708 1176
327709 1247
327710 1247
327711 1247
393216 1254
393217 1248
393218 1177
393219 1248
393220 1394
393221 1247
393222 1177
393223 1248
393224 1177
393225 1248
393226 1177
393227 1248
393228 1323
393229 1394
393230 1323
393231 1248
393232 1105
393233 1106
393234 1106
393235 1106
393236 1177
393237 1177
393238 1248
393239 1106
393240 1467
393241 1396
393242 1247
393243 1247
393244 1176
393245 1105
393246 1105
393247 1247
458752 748
458753 747
458754 1248
458755 1033
458756 1248
458757 1177
458758 1176
458759 1178
458760 1249
458761 1249
458762 1393
458763 1393
458764 1247
458765 1322
458766 1030
458767 1322
458768 1030
458769 1176
458770 1247
458771 1176
458772 1247
458773 1176
458774 1245
458775 1247
458776 1247
458777 1176
458778 1245
458779 1245
458780 1247
458781 1247
458782 1176
458783 1245
524288 748
524289 747
524290 1322
524291 1247
524292 1175
524293 1106
524294 1180
524295 1248
524296 1106
524297 1178
524298 1392
524299 1321
524300 1105
524301 1104
524302 1104
524303 1106
524304 1106
524305 1108
524306 1106
524307 1106
524308 1033
524309 1108
524310 1106
524311 1106
524312 1108
524313 962
524314 1177
524315 1106
524316 1394
524317 1252
524318 1392
524319 1392
589824 1110
589825 1394
589826 1323
589827 1248
589828 1321
589829 1104
589830 1105
589831 1248
589832 1323
589833 1247
589834 1248
589835 1247
589836 1247
589837 1247
589838 1248
589839 1248
589840 1465
589841 1465
589842 1466
589843 1105
589844 1105
589845 1176
589846 1105
589847 1105
589848 1175
589849 1175
589850 1105
589851 1246
589852 1246
589853 1176
589854 1175
589855 1246
655360 1182
655361 1176
655362 1394
655363 1249
655364 1249
655365 1248
655366 1398
655367 1397
655368 1249
655369 1248
655370 1249
655371 1395
655372 1249
655373 1030
655374 1248
655375 1105
655376 1248
655377 1034
655378 1105
655379 1540
655380 1248
655381 1395
655382 1611
655383 1177
655384 1248
655385 1321
655386 1247
655387 1177
655388 1105
655389 1105
655390 1106
655391 1321
720896 1253
720897 1252
720898 1180
720899 1249
720900 1249
720901 1249
720902 1177
720903 1177
720904 1249
720905 1249
720906 1249
720907 1249
720908 1249
720909 1249
720910 1029
720911 1324
720912 1324
720913 1181
720914 1324
720915 1324
720916 1324
720917 1249
720918 1252
720919 1249
720920 1249
720921 1249
720922 1463
720923 1248
720924 1248
720925 1464
720926 1246
720927 1247
786432 1110
786433 1248
786434 1249
786435 239
786436 239
786437 239
786438 239
786439 239
786440 239
786441 239
786442 239
786443 239
786444 239
786445 239
786446 239
786447 239
786448 239
786449 239
786450 239
786451 239
786452 239
786453 239
786454 239
786455 239
786456 239
786457 239
786458 239
786459 239
786460 239
786461 239
786462 239
786463 239
kernel_count 62345
