0 1401
1 1106
2 1178
3 1248
4 1249
5 1177
6 1249
7 1106
8 1177
9 1106
10 1177
11 1249
12 1249
13 1398
14 1398
15 1398
16 1249
17 1106
18 1249
19 1177
20 1249
21 1249
22 1249
23 1249
24 1177
25 1248
26 1462
27 1176
28 1246
29 1247
30 1103
31 1103
65536 1037
65537 1177
65538 1177
65539 1247
65540 1393
65541 1393
65542 1248
65543 1247
65544 1177
65545 1392
65546 1248
65547 1393
65548 1248
65549 1393
65550 1248
65551 1393
65552 1248
65553 1248
65554 1177
65555 1247
65556 1248
65557 1393
65558 1177
65559 1393
65560 1177
65561 1393
65562 1177
65563 1322
65564 1248
65565 1247
65566 1321
65567 1247
131072 824
131073 747
131074 822
131075 1105
131076 1247
131077 1249
131078 1249
131079 1249
131080 1249
131081 1176
131082 1177
131083 1249
131084 1106
131085 1248
131086 1249
131087 1252
131088 1249
131089 1249
131090 1249
131091 1249
131092 1249
131093 1177
131094 1177
131095 1249
131096 1106
131097 1248
131098 1249
131099 1249
131100 1464
131101 1247
131102 1245
131103 1247
196608 1254
196609 1107
196610 1249
196611 1178
196612 1249
196613 1393
196614 1247
196615 1176
196616 1176
196617 1247
196618 1177
196619 1176
196620 1247
196621 1247
196622 1247
196623 743
196624 239
196625 239
196626 239
196627 239
196628 239
196629 239
196630 239
196631 239
196632 239
196633 239
196634 239
196635 239
196636 239
196637 239
196638 239
196639 239
kernel_count 18357
