0 1253
1 1247
2 1394
3 1248
4 1105
5 1176
6 1176
7 1466
8 1248
9 1248
10 1177
11 1177
12 1177
13 1177
14 1248
15 1247
16 1248
17 1177
18 1105
19 1247
20 1246
21 1247
22 1247
23 1246
24 1394
25 1248
26 1105
27 1176
28 1030
29 1465
30 1247
31 1247
65536 1182
65537 1176
65538 1247
65539 1247
65540 1247
65541 1322
65542 1322
65543 1247
65544 1247
65545 1176
65546 1029
65547 958
65548 815
65549 1247
65550 1247
65551 1247
65552 1247
65553 1247
65554 1247
65555 1247
65556 1176
65557 1246
65558 1247
65559 1247
65560 1247
65561 1246
65562 1176
65563 1175
65564 1175
65565 1105
65566 1175
65567 1247
131072 1253
131073 1177
131074 1248
131075 1248
131076 1251
131077 1248
131078 1248
131079 1177
131080 1247
131081 1177
131082 1247
131083 1248
131084 1248
131085 1247
131086 1177
131087 1176
131088 1106
131089 1250
131090 1104
131091 1247
131092 1247
131093 1247
131094 1247
131095 1247
131096 1247
131097 1246
131098 1246
131099 1247
131100 1176
131101 1176
131102 1246
131103 1175
196608 1254
196609 1324
196610 1247
196611 1248
196612 1247
196613 1177
196614 1177
196615 1248
196616 1248
196617 1248
196618 1248
196619 1248
196620 1106
196621 1106
196622 1248
196623 1248
196624 1247
196625 1176
196626 1176
196627 1247
196628 1177
196629 1177
196630 1176
196631 1248
196632 1248
196633 1177
196634 1106
196635 1248
196636 1323
196637 1247
196638 1247
196639 1247
262144 1254
262145 1248
262146 1248
262147 1394
262148 1394
262149 1177
262150 1248
262151 1247
262152 1248
262153 1396
262154 1322
262155 1248
262156 1248
262157 1393
262158 1106
262159 1177
262160 1393
262161 1393
262162 1176
262163 1246
262164 1245
262165 1245
262166 1175
262167 1246
262168 1247
262169 1246
262170 1247
262171 1247
262172 1175
262173 1247
262174 1247
262175 1247
327680 1253
327681 1248
327682 1248
327683 1248
327684 1177
327685 1106
327686 1176
327687 1177
327688 1105
327689 1177
327690 1177
327691 1176
327692 1177
327693 1177
327694 1176
327695 1177
327696 1105
327697 1177
327698 1106
327699 1248
327700 1248
327701 1248
327702 1248
327703 1251
327704 1029
327705 1247
327706 1247
327707 1176
327708 1247
327709 1247
327710 1246
327711 1175
393216 1254
393217 1247
393218 1248
393219 1248
393220 1248
393221 1247
393222 1248
393223 1248
393224 1177
393225 1248
393226 1248
393227 1248
393228 1175
393229 1106
393230 1176
393231 1176
393232 1248
393233 1177
393234 1247
393235 1247
393236 1248
393237 1177
393238 1250
393239 1176
393240 1247
393241 1247
393242 1247
393243 1105
393244 1105
393245 1247
393246 1247
393247 1247
458752 1254
458753 1249
458754 1176
458755 1176
458756 1248
458757 1248
458758 1248
458759 1176
458760 1249
458761 1248
458762 1248
458763 1248
458764 1322
458765 1249
458766 1248
458767 1248
458768 1247
458769 1248
458770 1249
458771 1030
458772 1030
458773 1463
458774 1248
458775 1249
458776 1464
458777 1247
458778 1247
458779 1030
458780 1105
458781 1247
458782 1176
458783 1247
524288 1254
524289 1248
524290 1106
524291 1248
524292 1248
524293 1177
524294 1248
524295 1248
524296 1177
524297 1248
524298 1248
524299 1177
524300 1248
524301 1248
524302 1248
524303 1177
524304 1248
524305 1248
524306 1247
524307 1248
524308 885
524309 239
524310 239
524311 239
524312 239
524313 239
524314 239
524315 239
524316 239
524317 239
524318 239
524319 239
kernel_count 44406
