0 1110
1 1105
2 1247
3 1246
4 1247
5 1105
6 1247
7 1246
8 1247
9 1247
10 1246
11 1246
12 1246
13 1247
14 1246
15 1246
16 1246
17 1247
18 1246
19 1246
20 1246
21 1247
22 1246
23 1246
24 1247
25 1247
26 1247
27 1176
28 1247
29 1246
30 1246
31 1247
65536 1253
65537 1248
65538 1249
65539 1177
65540 1177
65541 1249
65542 1249
65543 1249
65544 1177
65545 1249
65546 1249
65547 1248
65548 1249
65549 1177
65550 1248
65551 1248
65552 1175
65553 1248
65554 1106
65555 1249
65556 1464
65557 1248
65558 1248
65559 1177
65560 1247
65561 1248
65562 1397
65563 1397
65564 1247
65565 1247
65566 1392
65567 1244
131072 1254
131073 1177
131074 889
131075 1177
131076 1176
131077 1177
131078 1176
131079 1105
131080 1105
131081 1106
131082 1106
131083 1249
131084 1249
131085 1249
131086 1249
131087 1177
131088 1177
131089 1177
131090 1249
131091 1247
131092 1249
131093 1248
131094 1248
131095 1248
131096 1177
131097 1248
131098 1248
131099 1176
131100 1104
131101 1463
131102 1104
131103 1174
196608 746
196609 1175
196610 1175
196611 1247
196612 1177
196613 1177
196614 1177
196615 1105
196616 1106
196617 1248
196618 1248
196619 1248
196620 1248
196621 1248
196622 1248
196623 1106
196624 1247
196625 1248
196626 1106
196627 1247
196628 1248
196629 1176
196630 1106
196631 1247
196632 1247
196633 1247
196634 1248
196635 1177
196636 1176
196637 1392
196638 1392
196639 1247
262144 1330
262145 822
262146 1249
262147 1323
262148 1251
262149 1104
262150 1032
262151 809
262152 239
262153 239
262154 239
262155 239
262156 239
262157 239
262158 239
262159 239
262160 239
262161 239
262162 239
262163 239
262164 239
262165 239
262166 239
262167 239
262168 239
262169 239
262170 239
262171 239
262172 239
262173 239
262174 239
262175 239
kernel_count 22057
