0 1254
1 1247
2 1247
3 1247
4 1247
5 1247
6 1247
7 1246
8 1175
9 1175
10 1176
11 1246
12 1247
13 1247
14 1247
15 1247
16 1247
17 1246
18 1175
19 1176
20 1174
21 1247
22 1174
23 1247
24 1247
25 1247
26 1247
27 1247
28 1246
29 1246
30 1175
31 1247
65536 1254
65537 1177
65538 1177
65539 1177
65540 1248
65541 1177
65542 1106
65543 1106
65544 1248
65545 1248
65546 1248
65547 1248
65548 1177
65549 1177
65550 1176
65551 1248
65552 1248
65553 1248
65554 1248
65555 1177
65556 1248
65557 1248
65558 1177
65559 1248
65560 1322
65561 1247
65562 1246
65563 886
65564 1176
65565 1246
65566 1247
65567 1247
131072 748
131073 1106
131074 1105
131075 1106
131076 1464
131077 1249
131078 1249
131079 1178
131080 1323
131081 1177
131082 1178
131083 1324
131084 1249
131085 1249
131086 1177
131087 1249
131088 1464
131089 1249
131090 1464
131091 1247
131092 1247
131093 1176
131094 1105
131095 1105
131096 1105
131097 1105
131098 1105
131099 1105
131100 1105
131101 1105
131102 1105
131103 1247
196608 748
196609 892
196610 1177
196611 1248
196612 1177
196613 1248
196614 1248
196615 1248
196616 1177
196617 1177
196618 1177
196619 1248
196620 1248
196621 1247
196622 1248
196623 1247
196624 1248
196625 1248
196626 1248
196627 1247
196628 1393
196629 1392
196630 1175
196631 1104
196632 1175
196633 1174
196634 1174
196635 1175
196636 1104
196637 1175
196638 1174
196639 1175
262144 748
262145 748
262146 747
262147 747
262148 748
262149 747
262150 1178
262151 1323
262152 1251
262153 1248
262154 1247
262155 1248
262156 1106
262157 1248
262158 1248
262159 1248
262160 1248
262161 1248
262162 1248
262163 1177
262164 1247
262165 1177
262166 1247
262167 239
262168 239
262169 239
262170 239
262171 239
262172 239
262173 239
262174 239
262175 239
kernel_count 23636
