0 1254
1 1247
2 1247
3 1030
4 1248
5 1247
6 1030
7 1030
8 1248
9 1106
10 1248
11 1248
12 1248
13 1248
14 1248
15 1248
16 1248
17 1177
18 1248
19 1248
20 1248
21 1177
22 1106
23 1180
24 1181
25 1248
26 1248
27 1248
28 1395
29 1247
30 1175
31 1103
65536 1182
65537 1177
65538 1248
65539 1248
65540 1247
65541 1248
65542 1322
65543 1177
65544 1248
65545 1248
65546 1248
65547 1248
65548 1106
65549 1248
65550 1248
65551 1248
65552 1248
65553 1251
65554 1248
65555 1176
65556 1251
65557 1248
65558 1248
65559 1251
65560 1251
65561 1248
65562 1177
65563 1249
65564 1247
65565 1247
65566 1247
65567 1247
131072 1330
131073 1178
131074 1250
131075 1396
131076 1250
131077 1326
131078 1250
131079 1471
131080 1178
131081 1249
131082 1394
131083 1249
131084 1252
131085 1031
131086 1177
131087 1248
131088 1177
131089 1106
131090 1247
131091 1176
131092 1030
131093 1247
131094 1176
131095 1030
131096 1248
131097 1246
131098 1248
131099 1175
131100 1176
131101 1248
131102 239
131103 239
kernel_count 15098
