0 1034
1 1029
2 1106
3 1248
4 1030
5 1106
6 1248
7 1248
8 1396
9 1395
10 1247
11 1248
12 1395
13 1395
14 1247
15 1395
16 1247
17 1395
18 1248
19 1396
20 1395
21 1246
22 1247
23 1247
24 1246
25 1246
26 1246
27 1247
28 1247
29 1246
30 1246
31 1246
65536 748
65537 671
65538 1177
65539 1392
65540 1393
65541 1393
65542 1176
65543 1106
65544 1105
65545 1247
65546 1248
65547 1106
65548 961
65549 1106
65550 1248
65551 1247
65552 1106
65553 1177
65554 1248
65555 1248
65556 1247
65557 1248
65558 1177
65559 1321
65560 1247
65561 1322
65562 1322
65563 1176
65564 1176
65565 1176
65566 1247
65567 1247
131072 1182
131073 1248
131074 1247
131075 1177
131076 1248
131077 1034
131078 1251
131079 1177
131080 1177
131081 1247
131082 1248
131083 1247
131084 1175
131085 1176
131086 1248
131087 1246
131088 1248
131089 1106
131090 1106
131091 1246
131092 1176
131093 1177
131094 1248
131095 1248
131096 1177
131097 1245
131098 1322
131099 1176
131100 1321
131101 1246
131102 1247
131103 1247
196608 1036
196609 1032
196610 1104
196611 1176
196612 1176
196613 1247
196614 1247
196615 1396
196616 1395
196617 1325
196618 1104
196619 1247
196620 1106
196621 1030
196622 1106
196623 1176
196624 1176
196625 1246
196626 1321
196627 1176
196628 1247
196629 1176
196630 1247
196631 1247
196632 1247
196633 1176
196634 1247
196635 1247
196636 1247
196637 1176
196638 1247
196639 1173
262144 1254
262145 1250
262146 1250
262147 1250
262148 1250
262149 1250
262150 1106
262151 1250
262152 1178
262153 1250
262154 1250
262155 1178
262156 1250
262157 1394
262158 1249
262159 1248
262160 1178
262161 1323
262162 1322
262163 1323
262164 1249
262165 1249
262166 1249
262167 1249
262168 1247
262169 1322
262170 1247
262171 1177
262172 1248
262173 957
262174 239
262175 239
kernel_count 25247
