0 1182
1 1325
2 1249
3 1177
4 1249
5 1249
6 1249
7 1177
8 1249
9 1177
10 1106
11 1176
12 1105
13 1679
14 1249
15 1249
16 1325
17 1396
18 1249
19 1249
20 1177
21 1106
22 1106
23 1680
24 1106
25 1323
26 1323
27 1466
28 1247
29 1176
30 1105
31 1247
65536 894
65537 747
65538 896
65539 1177
65540 1177
65541 1177
65542 1249
65543 1326
65544 1249
65545 1177
65546 1393
65547 1248
65548 1106
65549 1249
65550 1249
65551 1249
65552 1249
65553 1253
65554 1253
65555 1253
65556 1324
65557 1464
65558 1247
65559 1176
65560 1247
65561 1247
65562 1246
65563 1247
65564 1246
65565 1247
65566 1246
65567 1247
131072 1254
131073 1107
131074 1248
131075 1107
131076 1252
131077 1181
131078 747
131079 1248
131080 1249
131081 239
131082 239
131083 239
131084 239
131085 239
131086 239
131087 239
131088 239
131089 239
131090 239
131091 239
131092 239
131093 239
131094 239
131095 239
131096 239
131097 239
131098 239
131099 239
131100 239
131101 239
131102 239
131103 239
kernel_count 12251
