0 1110
1 1106
2 1248
3 1247
4 1248
5 1251
6 1248
7 1322
8 1246
9 1247
10 1247
11 1247
12 1247
13 1247
14 1247
15 1247
16 1247
17 1247
18 1247
19 1247
20 1247
21 1247
22 1247
23 1247
24 1247
25 1247
26 1105
27 1176
28 1103
29 1030
30 1175
31 1246
65536 1110
65537 1177
65538 1106
65539 1247
65540 1248
65541 1106
65542 1248
65543 1106
65544 1248
65545 1248
65546 1106
65547 1322
65548 1321
65549 1175
65550 1247
65551 1247
65552 1247
65553 1030
65554 1246
65555 1247
65556 1247
65557 1247
65558 1247
65559 1247
65560 1247
65561 1247
65562 1245
65563 1245
65564 1247
65565 1245
65566 1247
65567 1247
131072 748
131073 1105
131074 1035
131075 1325
131076 1248
131077 1680
131078 1248
131079 1248
131080 1177
131081 1322
131082 1248
131083 1322
131084 1248
131085 1322
131086 1322
131087 1247
131088 1247
131089 1247
131090 1175
131091 1246
131092 1247
131093 1246
131094 1246
131095 1246
131096 1246
131097 1247
131098 1246
131099 1247
131100 1247
131101 1246
131102 1247
131103 1175
196608 1254
196609 1248
196610 1248
196611 1247
196612 1247
196613 1248
196614 1106
196615 1177
196616 1247
196617 1323
196618 1176
196619 1248
196620 1393
196621 1322
196622 1247
196623 1248
196624 1248
196625 1248
196626 1248
196627 1177
196628 1175
196629 1176
196630 1176
196631 1176
196632 1176
196633 1177
196634 1179
196635 1175
196636 1175
196637 1247
196638 1247
196639 1247
262144 1253
262145 1248
262146 1248
262147 1248
262148 1248
262149 1106
262150 1397
262151 1396
262152 1248
262153 1248
262154 1034
262155 1176
262156 1177
262157 1177
262158 1177
262159 1396
262160 1176
262161 1106
262162 1248
262163 1247
262164 1176
262165 1247
262166 1248
262167 1247
262168 1247
262169 1322
262170 1247
262171 1247
262172 1248
262173 1322
262174 1322
262175 1175
327680 1329
327681 1394
327682 1395
327683 1249
327684 1394
327685 1177
327686 958
327687 1247
327688 1248
327689 1247
327690 1249
327691 1176
327692 1249
327693 1248
327694 1248
327695 1104
327696 1249
327697 1248
327698 1466
327699 1249
327700 1248
327701 1249
327702 1175
327703 1463
327704 1464
327705 1246
327706 1246
327707 1247
327708 1247
327709 1247
327710 1030
327711 1247
393216 1110
393217 1249
393218 1249
393219 1323
393220 1248
393221 1177
393222 1177
393223 1176
393224 1248
393225 1105
393226 1030
393227 1176
393228 1247
393229 1248
393230 1106
393231 1031
393232 1246
393233 1176
393234 1248
393235 1248
393236 1176
393237 1176
393238 1175
393239 1176
393240 1175
393241 1030
393242 239
393243 239
393244 239
393245 239
393246 239
393247 239
kernel_count 35053
