0 1110
1 1248
2 1248
3 1248
4 1248
5 1248
6 1248
7 1248
8 1323
9 1177
10 1325
11 1325
12 1106
13 1397
14 1322
15 1030
16 1247
17 1177
18 1248
19 1248
20 1248
21 1248
22 1177
23 1247
24 1177
25 1248
26 1248
27 1248
28 1177
29 1248
30 1175
31 1250
65536 1254
65537 1464
65538 1249
65539 1106
65540 1249
65541 1248
65542 1249
65543 1249
65544 1249
65545 1176
65546 1176
65547 1176
65548 1176
65549 1178
65550 1105
65551 1249
65552 1248
65553 1249
65554 1393
65555 1249
65556 1394
65557 1248
65558 1249
65559 1393
65560 1394
65561 1248
65562 1249
65563 1394
65564 1247
65565 1247
65566 1247
65567 1103
131072 1181
131073 1247
131074 1247
131075 1247
131076 1176
131077 1247
131078 1176
131079 1176
131080 1105
131081 1105
131082 1104
131083 1104
131084 1104
131085 1176
131086 1176
131087 1176
131088 1176
131089 1176
131090 1104
131091 1104
131092 1247
131093 1247
131094 1247
131095 1247
131096 1247
131097 1247
131098 1247
131099 1176
131100 1247
131101 1247
131102 1176
131103 1247
196608 1402
196609 1252
196610 1248
196611 1177
196612 1177
196613 1248
196614 1248
196615 1029
196616 1176
196617 1104
196618 1176
196619 1248
196620 1248
196621 1248
196622 1106
196623 1248
196624 1247
196625 1393
196626 1248
196627 1177
196628 1177
196629 1248
196630 1322
196631 1251
196632 1246
196633 1247
196634 1176
196635 1246
196636 1176
196637 1247
196638 1247
196639 1247
262144 1330
262145 1030
262146 1030
262147 1321
262148 1319
262149 1247
262150 1247
262151 1247
262152 1247
262153 1176
262154 1175
262155 1247
262156 1247
262157 1175
262158 1247
262159 1176
262160 1175
262161 1247
262162 1247
262163 1105
262164 1176
262165 1105
262166 1247
262167 1247
262168 1176
262169 1247
262170 1174
262171 1105
262172 1246
262173 1247
262174 1176
262175 1247
327680 1253
327681 1247
327682 1176
327683 958
327684 1030
327685 1247
327686 1176
327687 1176
327688 1104
327689 1247
327690 1247
327691 1247
327692 1247
327693 962
327694 1176
327695 1176
327696 887
327697 1175
327698 1247
327699 1247
327700 1105
327701 1247
327702 1105
327703 1176
327704 1247
327705 1176
327706 1247
327707 1247
327708 1247
327709 1030
327710 1247
327711 1173
393216 1182
393217 1177
393218 1177
393219 1394
393220 1394
393221 1248
393222 1248
393223 1246
393224 1248
393225 1248
393226 1248
393227 1248
393228 1248
393229 961
393230 1177
393231 1176
393232 1177
393233 1248
393234 1176
393235 1395
393236 1253
393237 1106
393238 1247
393239 1247
393240 1248
393241 1322
393242 1246
393243 1175
393244 1247
393245 1246
393246 1247
393247 1175
458752 1182
458753 1177
458754 1248
458755 1247
458756 1247
458757 1177
458758 1247
458759 1176
458760 1323
458761 1323
458762 1322
458763 1176
458764 1248
458765 1247
458766 1247
458767 1323
458768 1247
458769 1248
458770 1248
458771 1247
458772 1248
458773 1248
458774 1176
458775 1392
458776 1174
458777 1246
458778 1176
458779 1246
458780 1176
458781 1246
458782 1104
458783 1175
524288 1181
524289 1178
524290 1248
524291 1321
524292 1035
524293 1178
524294 1178
524295 1392
524296 1321
524297 1248
524298 1248
524299 1176
524300 1177
524301 1177
524302 1106
524303 1106
524304 1249
524305 1177
524306 1249
524307 1249
524308 1249
524309 1249
524310 1177
524311 1249
524312 1177
524313 1249
524314 1249
524315 1249
524316 1178
524317 1177
524318 1392
524319 1174
589824 1254
589825 1177
589826 1247
589827 1177
589828 1248
589829 1394
589830 1247
589831 1248
589832 1248
589833 1247
589834 1177
589835 1176
589836 1177
589837 958
589838 1248
589839 1177
589840 1247
589841 1325
589842 1106
589843 1106
589844 1248
589845 1248
589846 1247
589847 1248
589848 1324
589849 1175
589850 1253
589851 1324
589852 1248
589853 1248
589854 1324
589855 1247
655360 894
655361 239
655362 239
655363 239
655364 239
655365 239
655366 239
655367 239
655368 239
655369 239
655370 239
655371 239
655372 239
655373 239
655374 239
655375 239
655376 239
655377 239
655378 239
655379 239
655380 239
655381 239
655382 239
655383 239
655384 239
655385 239
655386 239
655387 239
655388 239
655389 239
655390 239
655391 239
kernel_count 51788
