0 1181
1 1177
2 1177
3 1176
4 1177
5 1177
6 1176
7 1177
8 1177
9 1176
10 1177
11 1177
12 1176
13 1177
14 1177
15 1176
16 1177
17 1177
18 1176
19 1176
20 1177
21 1177
22 1248
23 1248
24 1466
25 1467
26 1248
27 1536
28 1247
29 1247
30 1247
31 1247
65536 1254
65537 1247
65538 1177
65539 1247
65540 1177
65541 1176
65542 1176
65543 1177
65544 1176
65545 1177
65546 1177
65547 1106
65548 1248
65549 1106
65550 1248
65551 1177
65552 1177
65553 1248
65554 1106
65555 1248
65556 1248
65557 1248
65558 1396
65559 1247
65560 1175
65561 1105
65562 1247
65563 1175
65564 1105
65565 1247
65566 1176
65567 1247
131072 1181
131073 1177
131074 1249
131075 1178
131076 1249
131077 1249
131078 1106
131079 1029
131080 1249
131081 1248
131082 1249
131083 1249
131084 1248
131085 1106
131086 1249
131087 1106
131088 1105
131089 1249
131090 1248
131091 1249
131092 1537
131093 1177
131094 1249
131095 1249
131096 1249
131097 1177
131098 1249
131099 1177
131100 1464
131101 1247
131102 1246
131103 1247
196608 1254
196609 1248
196610 1248
196611 1392
196612 1247
196613 1248
196614 1248
196615 1248
196616 1248
196617 1252
196618 1248
196619 1248
196620 1177
196621 1248
196622 1176
196623 1391
196624 1176
196625 1247
196626 1247
196627 1176
196628 1176
196629 1176
196630 1247
196631 1247
196632 1176
196633 1176
196634 1246
196635 1176
196636 1246
196637 1176
196638 1176
196639 1247
262144 1182
262145 1249
262146 1324
262147 1249
262148 1324
262149 1249
262150 1249
262151 1249
262152 1178
262153 1177
262154 1248
262155 1248
262156 1178
262157 1107
262158 1393
262159 1393
262160 1248
262161 1177
262162 1175
262163 1248
262164 1248
262165 1248
262166 1248
262167 1177
262168 1177
262169 1248
262170 1248
262171 1247
262172 1248
262173 1248
262174 1027
262175 239
kernel_count 25456
