0 1110
1 1324
2 1324
3 1324
4 1249
5 1249
6 1249
7 1178
8 1249
9 1249
10 1464
11 1178
12 1394
13 1249
14 1392
15 1246
16 1246
17 1176
18 1176
19 1175
20 1246
21 1174
22 1174
23 1246
24 1246
25 1174
26 1175
27 1247
28 1247
29 1247
30 1247
31 1247
65536 748
65537 1106
65538 1324
65539 1177
65540 1248
65541 1249
65542 1248
65543 1249
65544 1249
65545 1249
65546 1177
65547 1249
65548 1176
65549 1177
65550 1249
65551 1175
65552 1249
65553 1248
65554 1248
65555 1248
65556 1030
65557 1177
65558 1248
65559 1249
65560 1249
65561 1177
65562 1176
65563 1467
65564 1467
65565 1467
65566 1176
65567 1175
131072 1253
131073 1248
131074 1248
131075 1106
131076 1177
131077 1030
131078 1177
131079 1177
131080 1176
131081 1106
131082 1030
131083 1181
131084 1323
131085 1030
131086 1181
131087 1176
131088 1177
131089 1248
131090 1175
131091 1106
131092 1106
131093 1106
131094 1105
131095 1105
131096 1106
131097 1106
131098 1248
131099 1247
131100 1466
131101 1105
131102 1105
131103 1246
196608 1474
196609 1248
196610 1248
196611 1247
196612 1177
196613 1177
196614 1248
196615 1248
196616 1177
196617 1247
196618 1248
196619 1248
196620 1248
196621 1248
196622 1248
196623 1248
196624 1248
196625 1248
196626 1247
196627 1247
196628 1247
196629 1248
196630 1248
196631 1247
196632 1176
196633 1248
196634 1247
196635 1247
196636 1247
196637 1247
196638 1394
196639 1175
262144 1182
262145 1249
262146 1249
262147 1249
262148 1249
262149 1249
262150 1249
262151 1249
262152 1249
262153 1176
262154 1181
262155 1323
262156 1106
262157 1464
262158 1175
262159 1246
262160 1247
262161 1247
262162 1246
262163 1105
262164 1246
262165 1247
262166 1175
262167 1175
262168 1247
262169 1247
262170 1176
262171 1247
262172 1030
262173 1030
262174 958
262175 1246
327680 1109
327681 1249
327682 1249
327683 1249
327684 1106
327685 1106
327686 1030
327687 1178
327688 1106
327689 1177
327690 1177
327691 1177
327692 1177
327693 1465
327694 1248
327695 1248
327696 1248
327697 1030
327698 1248
327699 1248
327700 1030
327701 1106
327702 1247
327703 1177
327704 1177
327705 1321
327706 1322
327707 1175
327708 1175
327709 1247
327710 1176
327711 1247
393216 1110
393217 1249
393218 1249
393219 1249
393220 1324
393221 1106
393222 1106
393223 1249
393224 1177
393225 1249
393226 1106
393227 1465
393228 1247
393229 1248
393230 1248
393231 1177
393232 963
393233 1106
393234 1106
393235 1106
393236 1106
393237 1105
393238 1106
393239 1247
393240 1248
393241 1248
393242 1177
393243 1106
393244 1248
393245 1251
393246 1251
393247 1247
458752 1254
458753 1105
458754 1248
458755 1248
458756 1176
458757 1322
458758 1106
458759 962
458760 1177
458761 1248
458762 1248
458763 1247
458764 1248
458765 1248
458766 1176
458767 1248
458768 1176
458769 1177
458770 1248
458771 1248
458772 1248
458773 1250
458774 1246
458775 1105
458776 1246
458777 1245
458778 1247
458779 1246
458780 1247
458781 1105
458782 1246
458783 1247
524288 1254
524289 1247
524290 1247
524291 1247
524292 1247
524293 1176
524294 1175
524295 1176
524296 1247
524297 1246
524298 1247
524299 1247
524300 1247
524301 1247
524302 1105
524303 1247
524304 1105
524305 1247
524306 1247
524307 1105
524308 1175
524309 1247
524310 1247
524311 1176
524312 1033
524313 1247
524314 1247
524315 1104
524316 1176
524317 1247
524318 1175
524319 1175
589824 1182
589825 1177
589826 1176
589827 1248
589828 1247
589829 1248
589830 1247
589831 1248
589832 1177
589833 1106
589834 1248
589835 1247
589836 1248
589837 1248
589838 1248
589839 1248
589840 1106
589841 1177
589842 1177
589843 1246
589844 1246
589845 1174
589846 1172
589847 239
589848 239
589849 239
589850 239
589851 239
589852 239
589853 239
589854 239
589855 239
kernel_count 49398
