0 1034
1 1247
2 1247
3 1176
4 1247
5 1248
6 1248
7 1248
8 1248
9 1177
10 1248
11 1248
12 1248
13 1248
14 1248
15 1248
16 1248
17 1248
18 1248
19 1248
20 1248
21 1248
22 1248
23 1248
24 1248
25 1392
26 1247
27 1247
28 1247
29 1175
30 1175
31 1103
65536 1254
65537 1249
65538 1248
65539 1249
65540 1249
65541 1393
65542 1394
65543 1249
65544 1249
65545 1177
65546 1177
65547 1323
65548 1249
65549 1177
65550 1176
65551 1177
65552 1177
65553 1176
65554 1177
65555 1393
65556 1248
65557 1248
65558 1248
65559 1247
65560 1248
65561 1248
65562 1248
65563 1177
65564 1322
65565 1247
65566 1175
65567 1245
131072 1110
131073 1106
131074 1105
131075 1247
131076 1248
131077 1248
131078 1176
131079 1248
131080 1248
131081 1030
131082 1248
131083 1248
131084 1030
131085 1030
131086 1248
131087 1248
131088 1392
131089 1392
131090 1106
131091 1176
131092 1248
131093 1177
131094 1176
131095 1176
131096 1323
131097 1394
131098 1321
131099 1246
131100 1246
131101 1246
131102 1247
131103 1247
196608 894
196609 1177
196610 1177
196611 1251
196612 1248
196613 1176
196614 1248
196615 1248
196616 1248
196617 1177
196618 1177
196619 1177
196620 1248
196621 1106
196622 1030
196623 1248
196624 1177
196625 1177
196626 1248
196627 1177
196628 1106
196629 1030
196630 1248
196631 1175
196632 1177
196633 1249
196634 1175
196635 1175
196636 1176
196637 1176
196638 1176
196639 1247
262144 1182
262145 1105
262146 1393
262147 1176
262148 1248
262149 1323
262150 1323
262151 1323
262152 1323
262153 1393
262154 1248
262155 1175
262156 1033
262157 1176
262158 1246
262159 1248
262160 1247
262161 1248
262162 1248
262163 1248
262164 1247
262165 1248
262166 1322
262167 1247
262168 1248
262169 1248
262170 1321
262171 1321
262172 1102
262173 1102
262174 1031
262175 1102
327680 1253
327681 1249
327682 1248
327683 1248
327684 1249
327685 1248
327686 1177
327687 1105
327688 1324
327689 1249
327690 1249
327691 1249
327692 1176
327693 1324
327694 1246
327695 1247
327696 1106
327697 1104
327698 1175
327699 1175
327700 1248
327701 1177
327702 1249
327703 1248
327704 1248
327705 1248
327706 1176
327707 1106
327708 1326
327709 1394
327710 1249
327711 1679
393216 1254
393217 1248
393218 1106
393219 1247
393220 1248
393221 1247
393222 1176
393223 1105
393224 1177
393225 887
393226 1104
393227 1105
393228 1105
393229 1105
393230 1105
393231 1104
393232 1105
393233 1248
393234 1322
393235 1248
393236 1322
393237 1175
393238 959
393239 812
393240 1179
393241 1322
393242 1248
393243 1178
393244 1175
393245 1176
393246 1176
393247 1177
458752 1185
458753 1248
458754 1247
458755 1248
458756 1177
458757 1030
458758 1106
458759 1106
458760 1030
458761 1247
458762 1248
458763 1247
458764 1247
458765 1105
458766 1248
458767 1248
458768 1247
458769 1248
458770 1248
458771 1177
458772 1030
458773 1392
458774 1175
458775 1247
458776 1176
458777 1105
458778 1247
458779 1104
458780 1247
458781 1247
458782 1102
458783 1028
524288 1254
524289 1326
524290 1472
524291 1471
524292 1326
524293 1250
524294 1250
524295 1178
524296 1250
524297 1107
524298 1250
524299 1250
524300 1250
524301 1897
524302 1178
524303 1178
524304 1249
524305 1397
524306 1248
524307 1106
524308 1177
524309 1248
524310 1248
524311 1248
524312 1030
524313 1104
524314 1105
524315 239
524316 239
524317 239
524318 239
524319 239
kernel_count 45130
