0 1181
1 1176
2 1176
3 1176
4 1176
5 1176
6 1322
7 1248
8 1177
9 1322
10 1177
11 1177
12 1177
13 1248
14 1177
15 1248
16 1177
17 1248
18 1248
19 1248
20 1322
21 1176
22 1247
23 1247
24 1246
25 1104
26 1247
27 1247
28 1176
29 1176
30 1245
31 1245
65536 1472
65537 1464
65538 1248
65539 1249
65540 1030
65541 1106
65542 1249
65543 1249
65544 1249
65545 1249
65546 1256
65547 1395
65548 1178
65549 1105
65550 1248
65551 1249
65552 1249
65553 1248
65554 1249
65555 1248
65556 1248
65557 1247
65558 669
65559 1247
65560 1177
65561 1178
65562 1393
65563 1253
65564 1466
65565 1248
65566 1247
65567 1466
131072 1262
131073 1179
131074 1176
131075 1246
131076 1247
131077 1247
131078 1176
131079 1105
131080 1244
131081 1246
131082 1247
131083 1247
131084 1247
131085 1247
131086 1247
131087 1247
131088 1247
131089 1175
131090 1246
131091 1175
131092 1247
131093 1105
131094 1104
131095 1247
131096 1176
131097 1176
131098 1176
131099 1176
131100 1247
131101 1176
131102 1247
131103 1103
196608 1254
196609 1248
196610 1611
196611 1249
196612 1251
196613 1252
196614 1249
196615 1249
196616 1249
196617 1395
196618 1249
196619 1249
196620 1106
196621 1248
196622 1392
196623 1393
196624 1392
196625 1248
196626 1247
196627 1248
196628 1466
196629 1394
196630 1249
196631 1394
196632 1247
196633 1248
196634 1466
196635 1392
196636 1248
196637 1392
196638 1104
196639 1173
262144 1254
262145 1248
262146 1106
262147 1106
262148 1248
262149 1177
262150 1176
262151 1177
262152 1177
262153 1248
262154 1393
262155 1393
262156 1248
262157 1248
262158 1246
262159 1393
262160 1393
262161 1177
262162 1393
262163 1176
262164 1177
262165 1176
262166 1176
262167 1176
262168 1248
262169 1176
262170 1177
262171 1176
262172 1248
262173 1177
262174 1246
262175 1322
327680 1258
327681 1248
327682 747
327683 1106
327684 1106
327685 1248
327686 1248
327687 1177
327688 1247
327689 1177
327690 1248
327691 1248
327692 1248
327693 1177
327694 1030
327695 1177
327696 1030
327697 1177
327698 1030
327699 1177
327700 1177
327701 1177
327702 1176
327703 1106
327704 1248
327705 1323
327706 1322
327707 1177
327708 1248
327709 1393
327710 1248
327711 1321
393216 1402
393217 1393
393218 1393
393219 1177
393220 1393
393221 1177
393222 1030
393223 1322
393224 1322
393225 1322
393226 1248
393227 1176
393228 1322
393229 1180
393230 1251
393231 1180
393232 1251
393233 1177
393234 1176
393235 1248
393236 1030
393237 1176
393238 1176
393239 1321
393240 1248
393241 1247
393242 1248
393243 1248
393244 1247
393245 1175
393246 1321
393247 1249
458752 1181
458753 1106
458754 1325
458755 1106
458756 1106
458757 1249
458758 1465
458759 1472
458760 892
458761 1182
458762 1106
458763 1181
458764 1472
458765 1324
458766 1249
458767 1324
458768 1249
458769 1248
458770 1392
458771 1464
458772 1249
458773 1392
458774 1249
458775 1464
458776 1248
458777 1392
458778 1464
458779 1175
458780 1244
458781 1173
458782 1175
458783 1175
524288 1180
524289 1175
524290 1251
524291 1325
524292 1325
524293 1104
524294 1105
524295 1105
524296 1104
524297 1251
524298 1323
524299 1179
524300 1251
524301 1323
524302 1250
524303 1251
524304 1323
524305 1252
524306 1177
524307 1248
524308 1248
524309 1248
524310 1393
524311 1393
524312 1248
524313 1177
524314 1248
524315 1249
524316 1247
524317 1245
524318 1103
524319 1246
589824 1254
589825 1248
589826 1247
589827 1248
589828 1248
589829 1323
589830 1248
589831 1175
589832 1247
589833 1247
589834 1177
589835 1177
589836 1177
589837 1248
589838 1248
589839 1247
589840 1248
589841 1105
589842 1106
589843 1248
589844 1248
589845 1247
589846 1177
589847 1177
589848 1030
589849 1177
589850 1177
589851 1177
589852 1247
589853 1177
589854 1392
589855 1320
655360 1254
655361 1248
655362 1178
655363 1106
655364 1321
655365 1249
655366 1035
655367 1105
655368 1176
655369 1249
655370 1035
655371 1177
655372 1249
655373 1249
655374 1463
655375 1248
655376 1106
655377 1248
655378 1106
655379 1177
655380 1176
655381 1321
655382 1247
655383 1392
655384 1175
655385 1246
655386 1246
655387 1246
655388 1247
655389 1104
655390 1173
655391 1175
720896 1258
720897 1253
720898 1253
720899 1177
720900 1031
720901 1183
720902 1183
720903 1249
720904 1249
720905 1249
720906 1325
720907 1254
720908 1325
720909 1178
720910 1248
720911 1464
720912 1248
720913 1464
720914 1248
720915 1176
720916 1248
720917 1248
720918 1247
720919 239
720920 239
720921 239
720922 239
720923 239
720924 239
720925 239
720926 239
720927 239
kernel_count 60879
