0 1254
1 1609
2 1247
3 1105
4 1248
5 1248
6 1106
7 1106
8 1106
9 1393
10 1177
11 1177
12 1322
13 1323
14 1248
15 1248
16 1247
17 1393
18 1177
19 1248
20 1321
21 1322
22 1246
23 1247
24 1247
25 1176
26 1029
27 1105
28 1247
29 1105
30 1176
31 1247
65536 1110
65537 1249
65538 1030
65539 1030
65540 1106
65541 1249
65542 1249
65543 1177
65544 1106
65545 1249
65546 1106
65547 1249
65548 1249
65549 1105
65550 1252
65551 1249
65552 1106
65553 1106
65554 1324
65555 1106
65556 1324
65557 1106
65558 1252
65559 1249
65560 1106
65561 1324
65562 1106
65563 1249
65564 1249
65565 1249
65566 1176
65567 1464
131072 1254
131073 1249
131074 1177
131075 1248
131076 1249
131077 1539
131078 1325
131079 1539
131080 1323
131081 1249
131082 1106
131083 1176
131084 1248
131085 1248
131086 1176
131087 1248
131088 1176
131089 1177
131090 1248
131091 1249
131092 1178
131093 1248
131094 1249
131095 1393
131096 1247
131097 1030
131098 1176
131099 1245
131100 1245
131101 1245
131102 1029
131103 1173
196608 1110
196609 1249
196610 1249
196611 1249
196612 1249
196613 1249
196614 1176
196615 1249
196616 1106
196617 1249
196618 1394
196619 1249
196620 1249
196621 1464
196622 1105
196623 1106
196624 1030
196625 1030
196626 1030
196627 1175
196628 1177
196629 1248
196630 1248
196631 1248
196632 1248
196633 1176
196634 1177
196635 1251
196636 1322
196637 1175
196638 1104
196639 1174
262144 824
262145 818
262146 743
262147 744
262148 239
262149 239
262150 239
262151 239
262152 239
262153 239
262154 239
262155 239
262156 239
262157 239
262158 239
262159 239
262160 239
262161 239
262162 239
262163 239
262164 239
262165 239
262166 239
262167 239
262168 239
262169 239
262170 239
262171 239
262172 239
262173 239
262174 239
262175 239
kernel_count 21435
