0 1256
1 1250
2 1250
3 1250
4 1250
5 1176
6 1177
7 1324
8 1249
9 1249
10 1106
11 1177
12 1178
13 1177
14 1106
15 1105
16 1177
17 1249
18 1324
19 1464
20 1247
21 1175
22 1176
23 1246
24 1246
25 1176
26 1105
27 1176
28 1176
29 1247
30 1247
31 1247
65536 1254
65537 1249
65538 1249
65539 1249
65540 1325
65541 1249
65542 1105
65543 1178
65544 1254
65545 1254
65546 1177
65547 1249
65548 1248
65549 1248
65550 1177
65551 1034
65552 1248
65553 1249
65554 1249
65555 1249
65556 1177
65557 1755
65558 1106
65559 1322
65560 1246
65561 1247
65562 1176
65563 1105
65564 1105
65565 1176
65566 1176
65567 1175
131072 1110
131073 1249
131074 1106
131075 1249
131076 1249
131077 1030
131078 1176
131079 1176
131080 1030
131081 1177
131082 1249
131083 1249
131084 1248
131085 1248
131086 1248
131087 1252
131088 1399
131089 1178
131090 1177
131091 1177
131092 1177
131093 1249
131094 1105
131095 1249
131096 1249
131097 1105
131098 1106
131099 1249
131100 1465
131101 1322
131102 1029
131103 1175
196608 1253
196609 1248
196610 1249
196611 1249
196612 1249
196613 1249
196614 1178
196615 1178
196616 1106
196617 1176
196618 1540
196619 1177
196620 1176
196621 1248
196622 1395
196623 1538
196624 1249
196625 1394
196626 1538
196627 1177
196628 1248
196629 1247
196630 1177
196631 1247
196632 1248
196633 1248
196634 1248
196635 1248
196636 1248
196637 1248
196638 1247
196639 1324
262144 1110
262145 1248
262146 1320
262147 1322
262148 1177
262149 1248
262150 1248
262151 1248
262152 1248
262153 1248
262154 1248
262155 1248
262156 1248
262157 1177
262158 1177
262159 1248
262160 1248
262161 1247
262162 1248
262163 1322
262164 1106
262165 1248
262166 1248
262167 1247
262168 1248
262169 1248
262170 1251
262171 1246
262172 1030
262173 1247
262174 1247
262175 1247
327680 1110
327681 1106
327682 1248
327683 1248
327684 1248
327685 1248
327686 1104
327687 1104
327688 1105
327689 1248
327690 1248
327691 1248
327692 1393
327693 1248
327694 1248
327695 1106
327696 1177
327697 1393
327698 1247
327699 1246
327700 1247
327701 1248
327702 1177
327703 1249
327704 1248
327705 1248
327706 1249
327707 1321
327708 1248
327709 1248
327710 1249
327711 1247
393216 748
393217 822
393218 822
393219 1105
393220 1177
393221 1249
393222 1324
393223 1253
393224 1177
393225 1324
393226 1325
393227 1249
393228 1249
393229 1249
393230 1248
393231 1249
393232 1324
393233 1252
393234 1175
393235 1104
393236 1106
393237 1178
393238 1254
393239 1041
393240 1181
393241 1248
393242 1176
393243 1176
393244 1394
393245 1394
393246 1394
393247 1321
458752 964
458753 1249
458754 1247
458755 1249
458756 1248
458757 1177
458758 1468
458759 1106
458760 1249
458761 1251
458762 1248
458763 1177
458764 1394
458765 1394
458766 1394
458767 1106
458768 1463
458769 1247
458770 1247
458771 1248
458772 1106
458773 1106
458774 1247
458775 1391
458776 1247
458777 1391
458778 1247
458779 1391
458780 1175
458781 1174
458782 1175
458783 1171
524288 1110
524289 1180
524290 1105
524291 1179
524292 1105
524293 1177
524294 745
524295 1247
524296 1105
524297 1105
524298 1248
524299 1247
524300 1176
524301 1176
524302 1175
524303 1247
524304 1176
524305 1105
524306 1247
524307 1176
524308 1105
524309 1247
524310 1176
524311 1248
524312 1177
524313 1248
524314 1248
524315 1248
524316 1322
524317 1105
524318 1247
524319 1245
589824 1034
589825 1248
589826 1249
589827 1249
589828 1176
589829 1249
589830 1395
589831 1105
589832 1248
589833 1249
589834 1324
589835 1176
589836 1176
589837 1248
589838 1177
589839 1249
589840 1177
589841 1249
589842 1324
589843 1249
589844 1249
589845 1249
589846 1177
589847 1249
589848 1249
589849 1249
589850 1176
589851 1178
589852 1465
589853 1252
589854 1321
589855 1463
655360 1253
655361 1105
655362 1248
655363 1249
655364 1177
655365 1106
655366 1106
655367 1177
655368 1249
655369 1249
655370 1177
655371 1249
655372 1249
655373 1394
655374 1249
655375 1248
655376 1249
655377 1249
655378 1249
655379 1464
655380 1463
655381 1176
655382 1322
655383 1322
655384 1322
655385 1247
655386 1247
655387 1247
655388 1247
655389 1246
655390 1246
655391 1102
720896 1034
720897 1107
720898 1107
720899 1178
720900 1178
720901 1178
720902 1178
720903 1178
720904 1249
720905 1031
720906 1250
720907 1250
720908 1608
720909 1322
720910 1247
720911 1099
720912 239
720913 239
720914 239
720915 239
720916 239
720917 239
720918 239
720919 239
720920 239
720921 239
720922 239
720923 239
720924 239
720925 239
720926 239
720927 239
kernel_count 59448
