0 1253
1 1248
2 1248
3 1248
4 1248
5 1248
6 1248
7 1248
8 1248
9 1248
10 1248
11 1030
12 1248
13 1248
14 1248
15 1248
16 1248
17 1248
18 1248
19 1248
20 1248
21 1248
22 1248
23 1248
24 1248
25 1248
26 1248
27 1248
28 1248
29 1248
30 1323
31 1391
65536 1252
65537 1177
65538 1248
65539 1248
65540 1322
65541 1321
65542 1321
65543 1321
65544 1248
65545 1176
65546 1247
65547 1247
65548 1105
65549 1247
65550 1247
65551 1248
65552 1393
65553 1247
65554 1393
65555 1248
65556 1393
65557 1393
65558 1247
65559 1248
65560 1321
65561 1248
65562 1177
65563 1322
65564 1322
65565 1104
65566 1104
65567 1174
131072 1254
131073 1105
131074 1106
131075 1177
131076 1176
131077 1323
131078 1248
131079 1176
131080 1252
131081 1248
131082 1248
131083 1248
131084 1248
131085 1248
131086 1393
131087 1248
131088 1394
131089 1248
131090 1248
131091 1177
131092 1248
131093 1030
131094 1030
131095 1030
131096 1030
131097 1030
131098 1030
131099 1030
131100 1030
131101 1396
131102 1247
131103 1247
196608 1253
196609 1248
196610 1176
196611 1177
196612 1252
196613 1252
196614 1393
196615 1248
196616 1177
196617 1176
196618 1248
196619 1176
196620 1323
196621 1247
196622 1248
196623 1248
196624 1248
196625 1247
196626 1392
196627 1247
196628 1248
196629 1177
196630 1248
196631 1177
196632 1248
196633 1177
196634 1248
196635 1177
196636 1248
196637 1177
196638 1248
196639 1322
262144 1182
262145 1178
262146 1176
262147 1178
262148 1249
262149 1249
262150 1467
262151 1252
262152 1249
262153 1252
262154 1248
262155 1248
262156 1248
262157 1105
262158 1248
262159 1247
262160 960
262161 239
262162 239
262163 239
262164 239
262165 239
262166 239
262167 239
262168 239
262169 239
262170 239
262171 239
262172 239
262173 239
262174 239
262175 239
kernel_count 23727
