0 1182
1 1246
2 1246
3 1246
4 1246
5 1247
6 1247
7 1105
8 1246
9 1246
10 1246
11 1246
12 1247
13 1247
14 1034
15 1246
16 1246
17 1246
18 1246
19 1247
20 1247
21 1105
22 1246
23 1246
24 1246
25 1246
26 1246
27 1247
28 1247
29 1247
30 1247
31 1247
65536 1182
65537 1247
65538 1246
65539 1246
65540 1176
65541 1175
65542 1247
65543 1247
65544 1247
65545 1247
65546 1247
65547 1176
65548 1247
65549 1247
65550 1176
65551 1176
65552 1176
65553 1176
65554 1247
65555 1105
65556 1247
65557 1105
65558 1105
65559 1247
65560 1246
65561 1247
65562 1176
65563 1105
65564 1176
65565 1247
65566 1246
65567 1175
131072 1254
131073 1249
131074 1249
131075 1249
131076 1248
131077 1325
131078 1609
131079 1176
131080 1249
131081 1465
131082 1248
131083 1393
131084 1177
131085 1177
131086 1176
131087 1176
131088 1321
131089 1176
131090 1248
131091 1321
131092 1176
131093 1248
131094 1321
131095 1176
131096 1248
131097 1321
131098 1176
131099 1248
131100 1321
131101 1175
131102 1247
131103 1031
196608 894
196609 1177
196610 1248
196611 1177
196612 1248
196613 1247
196614 1247
196615 1248
196616 1248
196617 1248
196618 1247
196619 1247
196620 1248
196621 1177
196622 1248
196623 1177
196624 1248
196625 1248
196626 1177
196627 1248
196628 1177
196629 1322
196630 1177
196631 1177
196632 1322
196633 1177
196634 1177
196635 1177
196636 1251
196637 1104
196638 1246
196639 1245
262144 1252
262145 1249
262146 1464
262147 1177
262148 1177
262149 1177
262150 1248
262151 1177
262152 1177
262153 1247
262154 1176
262155 1247
262156 1247
262157 1248
262158 1177
262159 1177
262160 1248
262161 1248
262162 1248
262163 1248
262164 1248
262165 1177
262166 1248
262167 1248
262168 1392
262169 1247
262170 1247
262171 1176
262172 1247
262173 1105
262174 1175
262175 1246
327680 1110
327681 1247
327682 1247
327683 1176
327684 1032
327685 1175
327686 1247
327687 1246
327688 1247
327689 1175
327690 1173
327691 884
327692 1246
327693 1246
327694 1246
327695 1104
327696 1175
327697 1246
327698 1246
327699 1248
327700 1391
327701 1247
327702 1245
327703 1246
327704 1247
327705 1247
327706 1247
327707 1176
327708 1176
327709 1104
327710 1247
327711 1247
393216 1254
393217 1177
393218 1394
393219 1253
393220 1176
393221 1177
393222 1249
393223 1249
393224 1106
393225 1104
393226 1105
393227 1105
393228 1106
393229 1178
393230 1249
393231 1248
393232 1249
393233 1249
393234 1325
393235 1394
393236 1175
393237 1176
393238 1324
393239 1249
393240 1463
393241 1176
393242 1247
393243 1246
393244 1247
393245 1175
393246 1175
393247 1247
458752 1473
458753 1176
458754 1177
458755 1465
458756 1536
458757 1177
458758 1465
458759 1536
458760 1465
458761 1607
458762 1175
458763 1174
458764 1105
458765 1247
458766 1176
458767 1247
458768 1105
458769 1247
458770 1247
458771 1247
458772 1246
458773 1175
458774 1247
458775 1247
458776 1247
458777 1246
458778 1105
458779 1247
458780 1176
458781 1176
458782 1245
458783 1245
524288 1182
524289 1324
524290 1249
524291 1106
524292 1249
524293 1324
524294 1249
524295 1248
524296 1465
524297 1248
524298 1465
524299 1106
524300 1177
524301 1176
524302 1249
524303 1177
524304 1176
524305 1177
524306 1249
524307 1176
524308 1249
524309 1249
524310 1394
524311 1465
524312 1247
524313 1247
524314 1175
524315 1246
524316 1176
524317 1247
524318 1176
524319 1247
589824 1253
589825 747
589826 747
589827 1105
589828 1249
589829 747
589830 747
589831 1249
589832 1249
589833 1106
589834 1246
589835 1249
589836 1248
589837 1177
589838 1249
589839 1394
589840 1248
589841 1248
589842 1176
589843 1393
589844 1393
589845 1322
589846 1251
589847 1247
589848 959
589849 1247
589850 1247
589851 1247
589852 1247
589853 1247
589854 1247
589855 1247
655360 1254
655361 1177
655362 1249
655363 1324
655364 1248
655365 1249
655366 1249
655367 1248
655368 1106
655369 1106
655370 1176
655371 1177
655372 1248
655373 1175
655374 1247
655375 1467
655376 1325
655377 1467
655378 1249
655379 1249
655380 1249
655381 1249
655382 1248
655383 1249
655384 1249
655385 1249
655386 1540
655387 1249
655388 1249
655389 1249
655390 1466
655391 1247
720896 1254
720897 1107
720898 1250
720899 1250
720900 1252
720901 1179
720902 1250
720903 1250
720904 1177
720905 1107
720906 1325
720907 1178
720908 1177
720909 1249
720910 1466
720911 1394
720912 1174
720913 1175
720914 239
720915 239
720916 239
720917 239
720918 239
720919 239
720920 239
720921 239
720922 239
720923 239
720924 239
720925 239
720926 239
720927 239
kernel_count 59775
