0 1181
1 1176
2 1176
3 1176
4 1176
5 1176
6 1177
7 1248
8 1106
9 1248
10 1247
11 1248
12 1247
13 1248
14 1248
15 1248
16 1248
17 1248
18 1248
19 1248
20 1248
21 1176
22 1247
23 1248
24 1247
25 1393
26 1394
27 1105
28 1246
29 1175
30 1247
31 1247
65536 1254
65537 1178
65538 1465
65539 1465
65540 1106
65541 1252
65542 1252
65543 1247
65544 1106
65545 1106
65546 1181
65547 1394
65548 1248
65549 1248
65550 1393
65551 1177
65552 1393
65553 1177
65554 1248
65555 1106
65556 1322
65557 1248
65558 1248
65559 1030
65560 1250
65561 1321
65562 1176
65563 1247
65564 1247
65565 1246
65566 1247
65567 1175
131072 1182
131073 1249
131074 1177
131075 1249
131076 816
131077 1249
131078 1249
131079 1106
131080 1106
131081 1469
131082 1469
131083 1106
131084 1469
131085 1469
131086 1177
131087 1177
131088 1182
131089 1106
131090 1537
131091 1538
131092 1538
131093 1178
131094 1538
131095 1030
131096 1321
131097 1247
131098 1246
131099 1030
131100 1176
131101 1176
131102 1247
131103 1247
196608 1110
196609 1249
196610 1249
196611 1324
196612 1249
196613 1249
196614 1105
196615 1249
196616 1248
196617 1176
196618 1176
196619 1175
196620 1325
196621 1249
196622 1249
196623 1249
196624 1466
196625 1391
196626 1465
196627 1252
196628 1249
196629 1176
196630 1106
196631 1249
196632 1249
196633 1324
196634 1249
196635 1030
196636 1248
196637 1538
196638 1246
196639 1247
262144 1254
262145 1248
262146 1249
262147 1463
262148 1393
262149 1464
262150 1249
262151 1464
262152 1464
262153 1464
262154 1249
262155 1249
262156 1249
262157 1177
262158 1030
262159 1249
262160 1176
262161 1177
262162 1177
262163 1177
262164 1176
262165 1176
262166 1176
262167 1177
262168 1249
262169 1249
262170 1393
262171 1392
262172 1177
262173 1177
262174 1106
262175 1463
327680 1254
327681 1249
327682 1249
327683 1324
327684 1322
327685 1249
327686 1249
327687 1324
327688 1324
327689 1249
327690 1394
327691 1393
327692 1249
327693 1249
327694 1249
327695 1177
327696 1249
327697 1106
327698 1249
327699 1176
327700 1251
327701 1177
327702 1177
327703 1392
327704 1394
327705 1248
327706 1322
327707 1102
327708 1102
327709 1102
327710 1031
327711 1103
393216 1182
393217 1177
393218 1247
393219 1105
393220 1324
393221 1247
393222 1105
393223 1323
393224 1181
393225 1177
393226 1104
393227 1248
393228 1248
393229 1248
393230 1324
393231 1177
393232 1176
393233 1106
393234 1105
393235 1176
393236 1323
393237 1247
393238 1105
393239 1467
393240 1252
393241 1253
393242 1176
393243 1248
393244 1106
393245 1248
393246 1247
393247 1466
458752 1254
458753 1106
458754 1249
458755 2039
458756 2038
458757 1177
458758 1106
458759 1030
458760 1395
458761 1249
458762 1249
458763 1323
458764 1177
458765 1254
458766 1106
458767 1538
458768 1608
458769 1248
458770 1106
458771 1392
458772 1248
458773 1177
458774 1177
458775 1105
458776 1177
458777 1105
458778 1033
458779 1031
458780 1031
458781 1394
458782 1028
458783 1028
524288 745
524289 744
524290 1174
524291 1178
524292 1177
524293 1176
524294 1176
524295 1104
524296 1181
524297 1034
524298 1181
524299 1181
524300 1105
524301 1181
524302 1106
524303 1394
524304 1177
524305 1539
524306 1247
524307 1249
524308 1249
524309 1395
524310 1177
524311 1248
524312 1249
524313 1248
524314 1249
524315 1537
524316 1247
524317 1176
524318 1247
524319 1174
589824 1254
589825 1176
589826 1249
589827 1248
589828 1249
589829 1248
589830 1248
589831 1177
589832 1177
589833 1177
589834 1177
589835 1249
589836 1249
589837 1249
589838 1106
589839 1106
589840 1464
589841 1177
589842 1248
589843 1322
589844 1247
589845 1247
589846 1180
589847 1246
589848 1246
589849 1247
589850 1176
589851 1247
589852 1247
589853 1247
589854 1247
589855 1247
655360 1110
655361 1249
655362 1177
655363 1178
655364 1107
655365 1177
655366 1539
655367 1030
655368 1030
655369 1107
655370 1248
655371 1178
655372 1249
655373 1249
655374 1107
655375 1107
655376 1249
655377 1178
655378 1249
655379 1249
655380 1249
655381 1248
655382 1393
655383 1393
655384 1394
655385 239
655386 239
655387 239
655388 239
655389 239
655390 239
655391 239
kernel_count 56156
