0 1254
1 1608
2 1249
3 1249
4 1177
5 1249
6 1608
7 1249
8 1249
9 1249
10 1608
11 1609
12 1249
13 1249
14 1249
15 1608
16 1248
17 1248
18 1248
19 1322
20 1322
21 1322
22 1321
23 1251
24 1176
25 1246
26 1247
27 1103
28 1103
29 1105
30 1176
31 1246
65536 1254
65537 1177
65538 1537
65539 1248
65540 1394
65541 1537
65542 1391
65543 1248
65544 1177
65545 1176
65546 1248
65547 1177
65548 1177
65549 1177
65550 1248
65551 1248
65552 1105
65553 1247
65554 1177
65555 1248
65556 1321
65557 1247
65558 1105
65559 1247
65560 1177
65561 1248
65562 1321
65563 1247
65564 1247
65565 1247
65566 1247
65567 1245
131072 1109
131073 1248
131074 1247
131075 1248
131076 1248
131077 1247
131078 1247
131079 1247
131080 1251
131081 1247
131082 1246
131083 1247
131084 1176
131085 1247
131086 1247
131087 1176
131088 1247
131089 1247
131090 1176
131091 1247
131092 1247
131093 1176
131094 1176
131095 1176
131096 1176
131097 1176
131098 1247
131099 1247
131100 1247
131101 1247
131102 1103
131103 1031
196608 1038
196609 1176
196610 1106
196611 1248
196612 1248
196613 1106
196614 1177
196615 1177
196616 1323
196617 1323
196618 1248
196619 1247
196620 1248
196621 1248
196622 1177
196623 1248
196624 1248
196625 1176
196626 1177
196627 1248
196628 1248
196629 1247
196630 1247
196631 1175
196632 1247
196633 1246
196634 1247
196635 1248
196636 1396
196637 1396
196638 1395
196639 1247
262144 1110
262145 1248
262146 1177
262147 1177
262148 1393
262149 1248
262150 1247
262151 1248
262152 1248
262153 1248
262154 1247
262155 1247
262156 1247
262157 1247
262158 1176
262159 1248
262160 1248
262161 1248
262162 1248
262163 1248
262164 1248
262165 1248
262166 1248
262167 1248
262168 1249
262169 1175
262170 1032
262171 1175
262172 1174
262173 1102
262174 1174
262175 1173
327680 746
327681 1322
327682 1033
327683 1181
327684 1393
327685 1247
327686 1031
327687 1031
327688 1031
327689 1031
327690 1176
327691 1176
327692 1249
327693 1175
327694 1031
327695 1031
327696 1249
327697 1463
327698 1177
327699 1177
327700 1247
327701 1248
327702 1177
327703 1248
327704 1106
327705 1248
327706 1247
327707 1106
327708 1106
327709 1176
327710 1392
327711 1244
393216 894
393217 1248
393218 1466
393219 1249
393220 1394
393221 1466
393222 823
393223 1034
393224 1177
393225 1177
393226 1176
393227 1105
393228 1106
393229 1106
393230 1105
393231 1177
393232 1248
393233 1248
393234 1248
393235 1251
393236 1248
393237 1248
393238 1104
393239 1175
393240 1246
393241 1247
393242 1248
393243 1253
393244 1465
393245 1392
393246 1392
393247 1247
458752 748
458753 1247
458754 1247
458755 1176
458756 1246
458757 1030
458758 1247
458759 1247
458760 1247
458761 1247
458762 1247
458763 1247
458764 1247
458765 1247
458766 1176
458767 1176
458768 1105
458769 1176
458770 1246
458771 1247
458772 1246
458773 1247
458774 1246
458775 1247
458776 1246
458777 1247
458778 1247
458779 1247
458780 1247
458781 1247
458782 1247
458783 1247
524288 1546
524289 1035
524290 747
524291 747
524292 747
524293 747
524294 747
524295 747
524296 747
524297 1030
524298 1248
524299 1106
524300 1248
524301 1248
524302 1177
524303 1248
524304 1248
524305 1030
524306 1248
524307 1177
524308 1248
524309 1177
524310 1177
524311 1247
524312 1247
524313 1247
524314 1248
524315 1247
524316 1247
524317 1247
524318 1106
524319 1392
589824 1254
589825 1540
589826 1248
589827 1248
589828 1106
589829 823
589830 1248
589831 1248
589832 823
589833 1252
589834 1538
589835 1397
589836 1248
589837 1177
589838 747
589839 1251
589840 1247
589841 1248
589842 1177
589843 1393
589844 1180
589845 1106
589846 1177
589847 1248
589848 1180
589849 1177
589850 1177
589851 1248
589852 1180
589853 1176
589854 1247
589855 1247
655360 1253
655361 1249
655362 1177
655363 1176
655364 1249
655365 1030
655366 1177
655367 1249
655368 1249
655369 1249
655370 1539
655371 1247
655372 1176
655373 1248
655374 1106
655375 1247
655376 1177
655377 1248
655378 1177
655379 1393
655380 1177
655381 1322
655382 1176
655383 1177
655384 1177
655385 1393
655386 1247
655387 1176
655388 1250
655389 1176
655390 1250
655391 1175
720896 1182
720897 1175
720898 1248
720899 1176
720900 1249
720901 1469
720902 1397
720903 1248
720904 1248
720905 1176
720906 1248
720907 1248
720908 1249
720909 1249
720910 1249
720911 1249
720912 1395
720913 1181
720914 1249
720915 1177
720916 1249
720917 1325
720918 1325
720919 1177
720920 1175
720921 1249
720922 1249
720923 1177
720924 1177
720925 1400
720926 1678
720927 1246
786432 1110
786433 1034
786434 1107
786435 1034
786436 1107
786437 1178
786438 1031
786439 1464
786440 1248
786441 1247
786442 1249
786443 239
786444 239
786445 239
786446 239
786447 239
786448 239
786449 239
786450 239
786451 239
786452 239
786453 239
786454 239
786455 239
786456 239
786457 239
786458 239
786459 239
786460 239
786461 239
786462 239
786463 239
kernel_count 63369
