0 960
1 1248
2 1249
3 1394
4 1249
5 1249
6 1393
7 1249
8 1394
9 1249
10 1249
11 1393
12 1249
13 1394
14 1249
15 1249
16 1393
17 1249
18 1394
19 1248
20 1177
21 1177
22 1248
23 1177
24 1249
25 1465
26 1249
27 1249
28 1608
29 1247
30 1175
31 1174
65536 1253
65537 1249
65538 1249
65539 1177
65540 1106
65541 1106
65542 1249
65543 1029
65544 1106
65545 1106
65546 1106
65547 1106
65548 1248
65549 1465
65550 1465
65551 1249
65552 1249
65553 1466
65554 1465
65555 1248
65556 1248
65557 1248
65558 1247
65559 1248
65560 1325
65561 1177
65562 1395
65563 1176
65564 1247
65565 1105
65566 1245
65567 1245
131072 1330
131073 1177
131074 1466
131075 1253
131076 1395
131077 1249
131078 1248
131079 1249
131080 1034
131081 1249
131082 1249
131083 1253
131084 1106
131085 746
131086 1248
131087 1249
131088 1398
131089 1177
131090 1247
131091 1395
131092 1247
131093 1466
131094 1465
131095 1247
131096 1104
131097 1176
131098 1247
131099 1105
131100 1247
131101 1247
131102 1247
131103 1175
196608 1254
196609 1106
196610 1106
196611 1177
196612 1253
196613 1249
196614 1249
196615 1249
196616 1106
196617 1249
196618 1249
196619 1248
196620 1176
196621 1177
196622 1106
196623 1398
196624 1248
196625 1324
196626 1248
196627 1463
196628 1249
196629 1463
196630 1247
196631 1247
196632 1247
196633 1247
196634 1247
196635 1247
196636 1176
196637 1247
196638 1175
196639 1103
262144 1181
262145 1107
262146 1178
262147 1250
262148 1250
262149 1611
262150 1249
262151 1249
262152 1250
262153 1250
262154 1326
262155 1178
262156 1178
262157 1177
262158 1177
262159 1249
262160 1250
262161 1249
262162 1249
262163 1177
262164 1249
262165 1250
262166 1250
262167 1107
262168 1250
262169 1250
262170 1250
262171 1539
262172 667
262173 239
262174 239
262175 239
kernel_count 25720
