0 1253
1 1247
2 1176
3 1248
4 1248
5 1248
6 1247
7 1176
8 1248
9 1248
10 1248
11 1247
12 1176
13 1248
14 1248
15 1248
16 1248
17 1466
18 1247
19 1105
20 1030
21 1176
22 1175
23 1247
24 1246
25 1246
26 1246
27 1175
28 1246
29 1175
30 1246
31 1174
65536 747
65537 746
65538 1248
65539 1248
65540 1248
65541 1248
65542 962
65543 1248
65544 1248
65545 1247
65546 1247
65547 1177
65548 1030
65549 1106
65550 1248
65551 1176
65552 1030
65553 1177
65554 1248
65555 1106
65556 1177
65557 1177
65558 1248
65559 1177
65560 1248
65561 1248
65562 1248
65563 1248
65564 1322
65565 1247
65566 1175
65567 1174
131072 1254
131073 1177
131074 1249
131075 1249
131076 1249
131077 1247
131078 1249
131079 1249
131080 1176
131081 1176
131082 1105
131083 1106
131084 1106
131085 1464
131086 1106
131087 1464
131088 1248
131089 1248
131090 1177
131091 1248
131092 1392
131093 1247
131094 1247
131095 1247
131096 1176
131097 1105
131098 1176
131099 1175
131100 1176
131101 1175
131102 1247
131103 1247
196608 1182
196609 1249
196610 1249
196611 1249
196612 1249
196613 1249
196614 1249
196615 1249
196616 1249
196617 1249
196618 1176
196619 1249
196620 1249
196621 1249
196622 1324
196623 1249
196624 1106
196625 1248
196626 1249
196627 1249
196628 1249
196629 1249
196630 1249
196631 1249
196632 1106
196633 1249
196634 1464
196635 1246
196636 1246
196637 1247
196638 1247
196639 1173
262144 1110
262145 1248
262146 1248
262147 1105
262148 1176
262149 1247
262150 1176
262151 1321
262152 1176
262153 1246
262154 1247
262155 1247
262156 1176
262157 1246
262158 1247
262159 1247
262160 1247
262161 1247
262162 957
262163 1030
262164 1030
262165 1247
262166 1175
262167 1247
262168 1247
262169 1176
262170 1176
262171 1104
262172 1247
262173 1105
262174 1174
262175 1175
327680 1038
327681 1035
327682 1177
327683 1247
327684 1106
327685 1035
327686 1106
327687 1176
327688 1248
327689 1248
327690 1247
327691 1247
327692 1247
327693 1248
327694 1248
327695 1248
327696 1248
327697 1177
327698 1247
327699 1248
327700 1248
327701 1177
327702 1248
327703 1535
327704 1535
327705 1176
327706 1176
327707 1246
327708 1247
327709 1247
327710 1247
327711 1247
393216 1181
393217 1248
393218 1323
393219 1248
393220 1323
393221 1247
393222 1106
393223 1323
393224 1247
393225 1247
393226 1246
393227 1176
393228 1247
393229 1247
393230 1034
393231 1246
393232 1175
393233 1247
393234 1247
393235 1246
393236 1247
393237 1247
393238 1105
393239 1176
393240 1247
393241 1176
393242 1176
393243 1176
393244 1247
393245 1246
393246 1247
393247 1247
458752 1182
458753 1177
458754 1176
458755 1249
458756 1323
458757 1177
458758 1105
458759 1249
458760 1248
458761 1248
458762 1248
458763 1323
458764 1249
458765 1176
458766 1176
458767 1249
458768 1177
458769 1176
458770 1176
458771 1176
458772 1176
458773 1248
458774 1248
458775 1177
458776 1394
458777 1247
458778 1247
458779 1176
458780 1247
458781 1247
458782 1175
458783 1028
524288 1181
524289 1107
524290 1178
524291 1178
524292 1177
524293 1252
524294 1107
524295 1176
524296 1176
524297 1176
524298 1395
524299 1396
524300 1249
524301 1250
524302 1179
524303 1250
524304 1250
524305 1250
524306 1177
524307 1249
524308 1249
524309 1395
524310 1325
524311 1467
524312 1323
524313 1247
524314 1248
524315 1248
524316 1248
524317 1105
524318 239
524319 239
kernel_count 45490
