0 1182
1 1248
2 1177
3 1177
4 1248
5 1248
6 1248
7 1177
8 1177
9 1177
10 1248
11 1322
12 1248
13 1322
14 1248
15 1246
16 1248
17 1246
18 1246
19 1246
20 1177
21 1248
22 1177
23 1177
24 1248
25 1248
26 1248
27 1177
28 1177
29 1177
30 1248
31 1322
65536 748
65537 822
65538 1106
65539 1177
65540 1463
65541 1249
65542 1177
65543 1249
65544 1176
65545 1249
65546 1249
65547 1249
65548 1177
65549 1177
65550 1177
65551 1177
65552 1177
65553 1177
65554 1177
65555 1248
65556 1249
65557 1249
65558 1249
65559 1464
65560 1463
65561 1033
65562 1033
65563 1247
65564 1247
65565 1246
65566 1246
65567 1246
131072 747
131073 1248
131074 1249
131075 1177
131076 1035
131077 1249
131078 1249
131079 1249
131080 1249
131081 1249
131082 1465
131083 1248
131084 1249
131085 1249
131086 1249
131087 1249
131088 1465
131089 1247
131090 1248
131091 1248
131092 1247
131093 1248
131094 1247
131095 1177
131096 1106
131097 1248
131098 1248
131099 1106
131100 1106
131101 1322
131102 1250
131103 1322
196608 748
196609 1176
196610 1176
196611 1177
196612 1323
196613 1470
196614 1106
196615 1249
196616 1328
196617 1396
196618 1400
196619 1253
196620 1249
196621 1177
196622 1249
196623 1106
196624 1249
196625 1106
196626 1034
196627 1249
196628 1249
196629 1178
196630 1177
196631 1249
196632 1249
196633 1177
196634 1247
196635 1248
196636 1325
196637 1249
196638 1394
196639 1608
262144 1254
262145 1247
262146 1248
262147 1394
262148 1177
262149 1248
262150 1326
262151 1392
262152 1393
262153 1393
262154 1176
262155 1248
262156 1177
262157 1247
262158 1105
262159 1248
262160 1248
262161 1248
262162 1248
262163 1248
262164 1248
262165 1321
262166 1247
262167 1246
262168 1247
262169 1246
262170 1246
262171 1247
262172 1246
262173 1247
262174 1102
262175 1102
327680 893
327681 1248
327682 1248
327683 1247
327684 1175
327685 1248
327686 1248
327687 1248
327688 1177
327689 1177
327690 1248
327691 1179
327692 1248
327693 1248
327694 1106
327695 1248
327696 1248
327697 1177
327698 1106
327699 1177
327700 1106
327701 1322
327702 1322
327703 1105
327704 1176
327705 1247
327706 1247
327707 1247
327708 1176
327709 1247
327710 1246
327711 1247
393216 1110
393217 1249
393218 1177
393219 1106
393220 1106
393221 1106
393222 1249
393223 1106
393224 1177
393225 1324
393226 1249
393227 1249
393228 1177
393229 1249
393230 1253
393231 1249
393232 1249
393233 1248
393234 1253
393235 1249
393236 1249
393237 1248
393238 1177
393239 1106
393240 1034
393241 1249
393242 1249
393243 1248
393244 1176
393245 1248
393246 1539
393247 1464
458752 900
458753 896
458754 823
458755 897
458756 1175
458757 1248
458758 1176
458759 1248
458760 1246
458761 1248
458762 1248
458763 1248
458764 1247
458765 1248
458766 1323
458767 1323
458768 1248
458769 1177
458770 1247
458771 1247
458772 1035
458773 1248
458774 1177
458775 1247
458776 1177
458777 1247
458778 1248
458779 1248
458780 1175
458781 1176
458782 1388
458783 1389
524288 746
524289 746
524290 670
524291 821
524292 1180
524293 1248
524294 1248
524295 1106
524296 1248
524297 1247
524298 1248
524299 1323
524300 1247
524301 1248
524302 1393
524303 1322
524304 1247
524305 1393
524306 1392
524307 1252
524308 1393
524309 1248
524310 1248
524311 1177
524312 1106
524313 1248
524314 1106
524315 1030
524316 1322
524317 1248
524318 1248
524319 1322
589824 748
589825 893
589826 1250
589827 1249
589828 1178
589829 1249
589830 1250
589831 1250
589832 1107
589833 1031
589834 1464
589835 1247
589836 1247
589837 1177
589838 1177
589839 1177
589840 1246
589841 1248
589842 1177
589843 1177
589844 1177
589845 1248
589846 1248
589847 1248
589848 1248
589849 1248
589850 1248
589851 1248
589852 1248
589853 1248
589854 1176
589855 1105
kernel_count 50913
