0 1253
1 1323
2 1252
3 1252
4 1248
5 1248
6 1248
7 1248
8 1248
9 1247
10 1106
11 1247
12 1247
13 1248
14 1392
15 1176
16 1247
17 1247
18 1247
19 1247
20 1247
21 1246
22 1246
23 1247
24 1247
25 1247
26 1246
27 1246
28 1247
29 1247
30 1247
31 1103
65536 1182
65537 1106
65538 1322
65539 1177
65540 1248
65541 1177
65542 1248
65543 1322
65544 1177
65545 1177
65546 1322
65547 1247
65548 1177
65549 1248
65550 1248
65551 1248
65552 1248
65553 1248
65554 1248
65555 1248
65556 1248
65557 1322
65558 1247
65559 1176
65560 1322
65561 1248
65562 1176
65563 1247
65564 1248
65565 1250
65566 1247
65567 1174
131072 1182
131073 747
131074 747
131075 1177
131076 1248
131077 1248
131078 1248
131079 745
131080 1105
131081 1322
131082 1245
131083 1247
131084 1247
131085 1104
131086 1104
131087 1175
131088 1175
131089 1104
131090 1103
131091 1103
131092 1175
131093 1175
131094 1174
131095 1175
131096 1175
131097 1103
131098 1103
131099 1103
131100 1103
131101 1174
131102 1175
131103 1174
196608 1182
196609 1177
196610 1247
196611 1248
196612 1247
196613 1246
196614 1106
196615 1177
196616 1248
196617 1177
196618 1248
196619 1248
196620 1248
196621 1177
196622 1322
196623 1246
196624 1248
196625 1323
196626 1248
196627 1248
196628 1248
196629 1177
196630 1248
196631 1248
196632 1248
196633 1177
196634 1248
196635 1391
196636 1391
196637 1106
196638 1247
196639 1391
262144 824
262145 747
262146 820
262147 822
262148 747
262149 747
262150 820
262151 822
262152 1392
262153 1394
262154 891
262155 1105
262156 1105
262157 1175
262158 1246
262159 1245
262160 1176
262161 1247
262162 1247
262163 1247
262164 1176
262165 1247
262166 1247
262167 1247
262168 1247
262169 1247
262170 1247
262171 1247
262172 1247
262173 1176
262174 1247
262175 1103
327680 1182
327681 1178
327682 1177
327683 1249
327684 1177
327685 1249
327686 1248
327687 1178
327688 1249
327689 1249
327690 1177
327691 1465
327692 1177
327693 1247
327694 1324
327695 1469
327696 1392
327697 1392
327698 1177
327699 1392
327700 1392
327701 1247
327702 1176
327703 1247
327704 1176
327705 1176
327706 1176
327707 1105
327708 1176
327709 1247
327710 1247
327711 1245
393216 1254
393217 1248
393218 1248
393219 1248
393220 1248
393221 1106
393222 1323
393223 1106
393224 1177
393225 1248
393226 1248
393227 1247
393228 1247
393229 1177
393230 1248
393231 1247
393232 1247
393233 1248
393234 1248
393235 1248
393236 1248
393237 1252
393238 1321
393239 1248
393240 1248
393241 1248
393242 1248
393243 1176
393244 1248
393245 1248
393246 1392
393247 1247
458752 1330
458753 1395
458754 1395
458755 1106
458756 1248
458757 1253
458758 1248
458759 1679
458760 1249
458761 1248
458762 1249
458763 1106
458764 1175
458765 1462
458766 1176
458767 1462
458768 1247
458769 1247
458770 1176
458771 1247
458772 1247
458773 1176
458774 1104
458775 1247
458776 1246
458777 1246
458778 1176
458779 1247
458780 1247
458781 1247
458782 1246
458783 1245
524288 1037
524289 1106
524290 1248
524291 1246
524292 1177
524293 1248
524294 1247
524295 1247
524296 1393
524297 1393
524298 1392
524299 1393
524300 1322
524301 1247
524302 1246
524303 1247
524304 1176
524305 1176
524306 1176
524307 1247
524308 1175
524309 1104
524310 1176
524311 1176
524312 1174
524313 1176
524314 1247
524315 1247
524316 1247
524317 1246
524318 1247
524319 1247
589824 748
589825 747
589826 747
589827 746
589828 963
589829 962
589830 1177
589831 1177
589832 1177
589833 1177
589834 1177
589835 1247
589836 1248
589837 1106
589838 1323
589839 1249
589840 1177
589841 1249
589842 1106
589843 1177
589844 1248
589845 1248
589846 1176
589847 1253
589848 1177
589849 1176
589850 1177
589851 1177
589852 1607
589853 1246
589854 1246
589855 1247
655360 1257
655361 1176
655362 1253
655363 1468
655364 1177
655365 1177
655366 1177
655367 1246
655368 1248
655369 1177
655370 1393
655371 1176
655372 1393
655373 1106
655374 1392
655375 1247
655376 1245
655377 1106
655378 1248
655379 1248
655380 1321
655381 1177
655382 1248
655383 1251
655384 1247
655385 1247
655386 1246
655387 1247
655388 1247
655389 1247
655390 1175
655391 1175
720896 1182
720897 1248
720898 1248
720899 1177
720900 1176
720901 1105
720902 1248
720903 1248
720904 1248
720905 1248
720906 1392
720907 1247
720908 1247
720909 1247
720910 1247
720911 1247
720912 1247
720913 1246
720914 1247
720915 1247
720916 1104
720917 1176
720918 1175
720919 1247
720920 1247
720921 1247
720922 1176
720923 1176
720924 1246
720925 1247
720926 1247
720927 1175
786432 1110
786433 1249
786434 1249
786435 1248
786436 1397
786437 1248
786438 1177
786439 1175
786440 1246
786441 1247
786442 1177
786443 1031
786444 1246
786445 1175
786446 239
786447 239
786448 239
786449 239
786450 239
786451 239
786452 239
786453 239
786454 239
786455 239
786456 239
786457 239
786458 239
786459 239
786460 239
786461 239
786462 239
786463 239
kernel_count 63446
