0 1253
1 1176
2 1392
3 1247
4 1247
5 1392
6 1247
7 1247
8 1248
9 1247
10 1176
11 1248
12 1391
13 1247
14 1392
15 1248
16 1247
17 1248
18 1247
19 1176
20 1176
21 1391
22 1247
23 1177
24 1391
25 1246
26 1247
27 1247
28 1247
29 1176
30 1176
31 1247
65536 1330
65537 1247
65538 1176
65539 1177
65540 1177
65541 1177
65542 1177
65543 1176
65544 1248
65545 1248
65546 1177
65547 1248
65548 1176
65549 1248
65550 1106
65551 1177
65552 1248
65553 1248
65554 1248
65555 1106
65556 1035
65557 1030
65558 1322
65559 1177
65560 1248
65561 1248
65562 1251
65563 1176
65564 1246
65565 1246
65566 1105
65567 1247
131072 966
131073 1177
131074 1249
131075 1249
131076 1249
131077 1249
131078 1177
131079 1030
131080 1106
131081 1249
131082 1176
131083 1248
131084 1248
131085 1174
131086 1175
131087 1249
131088 1176
131089 1177
131090 1176
131091 1177
131092 1176
131093 1175
131094 1106
131095 1030
131096 1106
131097 1106
131098 1106
131099 1178
131100 1249
131101 1249
131102 1177
131103 1678
196608 1253
196609 1249
196610 1249
196611 1540
196612 1249
196613 1249
196614 1540
196615 1248
196616 1248
196617 1248
196618 1247
196619 1248
196620 1248
196621 1248
196622 1177
196623 1248
196624 1248
196625 1248
196626 1248
196627 1248
196628 1248
196629 1248
196630 1248
196631 1106
196632 1248
196633 1468
196634 1176
196635 1175
196636 1247
196637 1247
196638 1176
196639 1247
262144 748
262145 1324
262146 1252
262147 1176
262148 1393
262149 1323
262150 1466
262151 1248
262152 1247
262153 1248
262154 1248
262155 1177
262156 1177
262157 1106
262158 1106
262159 1105
262160 1246
262161 1321
262162 1248
262163 1176
262164 1252
262165 1248
262166 1251
262167 1248
262168 1248
262169 1248
262170 1252
262171 1248
262172 1106
262173 1248
262174 1320
262175 1247
327680 748
327681 1106
327682 1177
327683 1177
327684 1248
327685 1248
327686 1248
327687 1248
327688 1177
327689 1248
327690 1106
327691 1106
327692 1177
327693 1176
327694 1247
327695 1248
327696 1106
327697 1325
327698 1247
327699 1246
327700 1246
327701 1176
327702 1176
327703 1176
327704 1176
327705 1176
327706 1105
327707 1030
327708 1247
327709 1247
327710 1247
327711 1245
393216 1110
393217 1176
393218 1249
393219 1248
393220 1248
393221 1176
393222 1324
393223 1324
393224 1249
393225 1249
393226 1249
393227 1177
393228 1249
393229 1249
393230 1249
393231 1249
393232 1249
393233 1393
393234 1249
393235 1248
393236 1248
393237 1248
393238 1249
393239 1177
393240 1249
393241 1463
393242 1176
393243 1105
393244 1176
393245 1246
393246 1245
393247 1247
458752 1186
458753 1181
458754 1177
458755 1177
458756 1177
458757 1177
458758 1177
458759 1323
458760 1323
458761 1247
458762 1248
458763 1248
458764 1248
458765 1177
458766 1247
458767 1248
458768 1393
458769 1247
458770 1248
458771 1248
458772 1248
458773 1393
458774 1248
458775 1247
458776 1322
458777 1248
458778 1248
458779 1322
458780 1322
458781 1247
458782 1247
458783 1103
524288 1182
524289 1247
524290 1247
524291 1248
524292 1177
524293 1035
524294 1251
524295 1393
524296 1180
524297 1393
524298 1180
524299 1180
524300 1393
524301 1247
524302 1392
524303 1177
524304 1248
524305 1247
524306 1248
524307 1248
524308 1247
524309 1247
524310 1247
524311 1322
524312 1248
524313 1248
524314 1322
524315 1247
524316 1176
524317 1176
524318 1175
524319 1246
589824 1254
589825 1321
589826 1248
589827 1248
589828 1247
589829 1321
589830 1177
589831 1248
589832 1248
589833 1248
589834 1248
589835 1248
589836 1322
589837 1322
589838 1247
589839 1247
589840 1247
589841 1176
589842 1247
589843 1247
589844 1247
589845 1247
589846 1105
589847 1030
589848 1175
589849 1176
589850 1247
589851 1104
589852 1033
589853 1032
589854 1104
589855 1175
655360 1253
655361 1250
655362 1250
655363 1178
655364 1250
655365 1396
655366 1250
655367 1396
655368 1395
655369 1107
655370 1250
655371 1467
655372 1177
655373 1177
655374 1684
655375 1178
655376 1178
655377 1178
655378 1324
655379 1323
655380 239
655381 239
655382 239
655383 239
655384 239
655385 239
655386 239
655387 239
655388 239
655389 239
655390 239
655391 239
kernel_count 55005
