0 1110
1 1247
2 1105
3 1247
4 1246
5 1246
6 1247
7 1247
8 1246
9 1246
10 1247
11 1246
12 1246
13 1247
14 1247
15 1247
16 1247
17 1247
18 1247
19 1247
20 1247
21 1247
22 1247
23 1175
24 1174
25 1174
26 1174
27 1174
28 1174
29 1174
30 1174
31 1174
65536 747
65537 747
65538 747
65539 747
65540 747
65541 747
65542 747
65543 747
65544 1177
65545 1176
65546 1176
65547 1176
65548 1249
65549 1398
65550 1249
65551 1248
65552 1463
65553 1463
65554 1464
65555 1463
65556 1247
65557 1246
65558 1029
65559 1030
65560 1247
65561 1247
65562 1247
65563 1247
65564 1103
65565 1103
65566 1103
65567 954
131072 1182
131073 1177
131074 1106
131075 1177
131076 1248
131077 1248
131078 1177
131079 1176
131080 1248
131081 1247
131082 1248
131083 1177
131084 1248
131085 1177
131086 1106
131087 1251
131088 1106
131089 1248
131090 1248
131091 1177
131092 1248
131093 1106
131094 1177
131095 1248
131096 1176
131097 1177
131098 1248
131099 1106
131100 1321
131101 1247
131102 1247
131103 1175
196608 1182
196609 1397
196610 1397
196611 1247
196612 1106
196613 1326
196614 1322
196615 1322
196616 1176
196617 1248
196618 1248
196619 1247
196620 1248
196621 1246
196622 1248
196623 1248
196624 1247
196625 1106
196626 1248
196627 1393
196628 1177
196629 1248
196630 1248
196631 1248
196632 1248
196633 1248
196634 1177
196635 1176
196636 1248
196637 1322
196638 1247
196639 1247
262144 1254
262145 1392
262146 1247
262147 1176
262148 1247
262149 1176
262150 1105
262151 1246
262152 1247
262153 1247
262154 1247
262155 1247
262156 1246
262157 1247
262158 1246
262159 1247
262160 1104
262161 1176
262162 1247
262163 1247
262164 1175
262165 1247
262166 1247
262167 1176
262168 1175
262169 1174
262170 1174
262171 1174
262172 1247
262173 1247
262174 1247
262175 1175
327680 1182
327681 1105
327682 1247
327683 1247
327684 1248
327685 1106
327686 1248
327687 1177
327688 1248
327689 1177
327690 1247
327691 1176
327692 1106
327693 1106
327694 1248
327695 1177
327696 1177
327697 1177
327698 1248
327699 1248
327700 1248
327701 1322
327702 1248
327703 1322
327704 1247
327705 1245
327706 1245
327707 1245
327708 1245
327709 1174
327710 1245
327711 1245
393216 1182
393217 1177
393218 1465
393219 1247
393220 1106
393221 1106
393222 1176
393223 1252
393224 1248
393225 1392
393226 1248
393227 1106
393228 1248
393229 1177
393230 1248
393231 1248
393232 1106
393233 1177
393234 1248
393235 1248
393236 1177
393237 1176
393238 1248
393239 1248
393240 1106
393241 1177
393242 1248
393243 1248
393244 1106
393245 1106
393246 1177
393247 1392
458752 1109
458753 1248
458754 1106
458755 1248
458756 1248
458757 1247
458758 1248
458759 1248
458760 1248
458761 1248
458762 1247
458763 1247
458764 1248
458765 1248
458766 1248
458767 1248
458768 1248
458769 1248
458770 1392
458771 1247
458772 1104
458773 1247
458774 1175
458775 1247
458776 1247
458777 1247
458778 1247
458779 1247
458780 1247
458781 1247
458782 1247
458783 1247
524288 1254
524289 1248
524290 1247
524291 1106
524292 1248
524293 1248
524294 1248
524295 1030
524296 1248
524297 1177
524298 1177
524299 1177
524300 1248
524301 1248
524302 1176
524303 1248
524304 1176
524305 1392
524306 887
524307 1106
524308 1248
524309 1248
524310 1248
524311 1177
524312 1177
524313 1247
524314 1177
524315 1247
524316 1248
524317 1177
524318 1247
524319 1392
589824 1182
589825 1035
589826 1248
589827 1248
589828 1248
589829 1248
589830 1248
589831 1247
589832 1030
589833 1321
589834 1248
589835 1106
589836 1105
589837 1322
589838 1177
589839 1248
589840 1248
589841 1248
589842 1248
589843 1177
589844 1322
589845 1251
589846 1248
589847 1322
589848 1177
589849 1322
589850 1251
589851 1248
589852 1322
589853 1177
589854 1322
589855 1250
655360 748
655361 822
655362 1177
655363 1246
655364 882
655365 239
655366 239
655367 239
655368 239
655369 239
655370 239
655371 239
655372 239
655373 239
655374 239
655375 239
655376 239
655377 239
655378 239
655379 239
655380 239
655381 239
655382 239
655383 239
655384 239
655385 239
655386 239
655387 239
655388 239
655389 239
655390 239
655391 239
kernel_count 51777
