0 1182
1 1247
2 1247
3 1177
4 1177
5 1177
6 1250
7 1392
8 1250
9 1250
10 1030
11 1030
12 1030
13 1030
14 1246
15 1246
16 1176
17 1176
18 1176
19 1173
20 1172
21 1246
22 1247
23 1247
24 1247
25 1176
26 1247
27 1103
28 815
29 813
30 1031
31 1030
65536 747
65537 1104
65538 1176
65539 1176
65540 1247
65541 1175
65542 1030
65543 1175
65544 1105
65545 1247
65546 1247
65547 1247
65548 1176
65549 1176
65550 1030
65551 1176
65552 1247
65553 1247
65554 1105
65555 1247
65556 1105
65557 1175
65558 1247
65559 1247
65560 1176
65561 1247
65562 1247
65563 1247
65564 1246
65565 1175
65566 1175
65567 1175
131072 748
131073 1177
131074 1176
131075 1248
131076 1248
131077 1177
131078 1248
131079 1248
131080 1248
131081 1248
131082 1248
131083 1248
131084 1248
131085 1248
131086 1248
131087 1177
131088 1177
131089 1034
131090 1177
131091 962
131092 1177
131093 1321
131094 1247
131095 1247
131096 1175
131097 1247
131098 1247
131099 1247
131100 1247
131101 1246
131102 1246
131103 1246
196608 1182
196609 1106
196610 1248
196611 1248
196612 1248
196613 1466
196614 1247
196615 1248
196616 1248
196617 1248
196618 1177
196619 1177
196620 1177
196621 1177
196622 1034
196623 962
196624 962
196625 1393
196626 962
196627 962
196628 1176
196629 1248
196630 1176
196631 1248
196632 1030
196633 1177
196634 1106
196635 1394
196636 1104
196637 1029
196638 1174
196639 1103
262144 1110
262145 1106
262146 1537
262147 747
262148 1106
262149 1106
262150 1248
262151 1248
262152 1248
262153 1248
262154 1248
262155 1392
262156 1247
262157 1247
262158 1247
262159 1247
262160 1176
262161 1174
262162 1174
262163 1174
262164 1176
262165 1247
262166 1176
262167 1247
262168 1105
262169 1247
262170 1246
262171 1247
262172 1247
262173 1246
262174 1247
262175 1247
327680 1110
327681 1030
327682 1249
327683 1178
327684 1106
327685 1248
327686 1177
327687 1249
327688 1249
327689 1249
327690 1324
327691 1249
327692 1248
327693 1249
327694 1249
327695 1249
327696 1249
327697 1249
327698 1463
327699 1464
327700 1247
327701 1248
327702 1248
327703 1392
327704 1176
327705 1176
327706 1248
327707 1246
327708 1392
327709 1247
327710 1246
327711 1247
393216 1182
393217 1249
393218 1248
393219 1252
393220 1177
393221 1249
393222 1249
393223 1249
393224 1248
393225 1249
393226 1177
393227 1177
393228 1106
393229 1177
393230 1177
393231 1177
393232 1177
393233 1177
393234 1105
393235 1463
393236 1105
393237 1176
393238 1176
393239 1175
393240 1175
393241 1246
393242 1247
393243 1176
393244 1247
393245 1247
393246 1247
393247 1247
458752 1254
458753 1248
458754 1248
458755 1033
458756 1176
458757 1248
458758 1248
458759 1248
458760 1248
458761 1176
458762 1248
458763 1248
458764 1247
458765 1247
458766 1177
458767 1106
458768 1177
458769 1391
458770 1247
458771 1248
458772 1106
458773 1177
458774 1248
458775 1248
458776 1248
458777 1246
458778 1177
458779 1248
458780 1320
458781 1248
458782 1321
458783 1246
524288 1330
524289 1249
524290 1248
524291 1398
524292 1253
524293 1396
524294 1176
524295 1177
524296 1177
524297 1249
524298 1249
524299 1324
524300 1324
524301 1248
524302 1249
524303 1248
524304 1395
524305 1248
524306 1249
524307 1538
524308 1539
524309 1322
524310 1246
524311 1246
524312 1105
524313 1176
524314 1246
524315 1247
524316 1247
524317 1247
524318 1247
524319 1247
589824 1254
589825 1248
589826 1248
589827 1248
589828 239
589829 239
589830 239
589831 239
589832 239
589833 239
589834 239
589835 239
589836 239
589837 239
589838 239
589839 239
589840 239
589841 239
589842 239
589843 239
589844 239
589845 239
589846 239
589847 239
589848 239
589849 239
589850 239
589851 239
589852 239
589853 239
589854 239
589855 239
kernel_count 46679
