0 1253
1 1029
2 1248
3 1177
4 1248
5 1247
6 1106
7 1248
8 1247
9 1247
10 1030
11 1248
12 1248
13 1248
14 1248
15 1248
16 1248
17 1246
18 1029
19 1248
20 1177
21 1248
22 1247
23 1177
24 1248
25 1248
26 1248
27 1248
28 1393
29 1394
30 1105
31 1247
65536 1182
65537 1176
65538 1177
65539 1248
65540 1248
65541 1248
65542 1177
65543 1248
65544 1248
65545 1177
65546 1248
65547 1177
65548 1177
65549 1029
65550 1177
65551 1176
65552 1248
65553 1248
65554 1177
65555 1177
65556 1322
65557 1248
65558 1247
65559 1246
65560 1176
65561 1247
65562 1106
65563 1248
65564 1322
65565 1247
65566 1175
65567 1103
131072 1474
131073 1464
131074 1539
131075 1464
131076 1247
131077 1174
131078 1175
131079 1247
131080 1247
131081 1247
131082 1247
131083 1176
131084 1246
131085 1247
131086 1247
131087 1247
131088 1247
131089 1175
131090 1034
131091 1246
131092 1247
131093 1104
131094 1175
131095 1175
131096 1104
131097 1175
131098 1176
131099 1029
131100 1247
131101 1105
131102 1246
131103 1247
196608 1253
196609 1248
196610 1249
196611 1248
196612 1249
196613 1249
196614 1249
196615 1249
196616 1249
196617 1249
196618 1394
196619 1176
196620 1394
196621 1394
196622 1249
196623 1248
196624 1248
196625 1177
196626 1177
196627 1106
196628 1177
196629 1178
196630 1030
196631 1178
196632 1395
196633 1612
196634 1176
196635 1176
196636 1247
196637 1247
196638 1247
196639 1247
262144 1182
262145 1248
262146 1248
262147 1176
262148 1395
262149 1248
262150 1248
262151 1249
262152 1395
262153 1249
262154 1030
262155 1106
262156 1249
262157 1248
262158 1249
262159 1248
262160 1181
262161 1249
262162 1325
262163 1253
262164 1325
262165 1182
262166 1106
262167 1539
262168 1464
262169 1176
262170 1247
262171 1247
262172 1245
262173 1176
262174 1247
262175 1175
327680 1254
327681 1247
327682 1247
327683 1247
327684 1247
327685 1247
327686 1247
327687 1247
327688 1246
327689 1247
327690 1247
327691 1175
327692 1030
327693 1030
327694 1105
327695 1176
327696 1247
327697 1247
327698 1105
327699 1247
327700 1247
327701 1247
327702 1247
327703 1247
327704 1247
327705 1176
327706 1246
327707 1246
327708 1175
327709 1247
327710 1246
327711 1103
393216 1034
393217 1180
393218 1253
393219 1180
393220 1180
393221 1252
393222 1106
393223 1030
393224 1180
393225 1106
393226 1177
393227 1106
393228 1176
393229 1030
393230 1106
393231 1249
393232 1248
393233 1106
393234 1464
393235 1249
393236 1324
393237 1324
393238 1030
393239 1106
393240 1249
393241 1248
393242 1249
393243 1248
393244 1395
393245 1393
393246 1466
393247 1392
458752 1182
458753 1251
458754 1247
458755 1248
458756 1248
458757 1248
458758 1177
458759 1248
458760 1177
458761 1247
458762 1248
458763 1248
458764 1248
458765 1245
458766 1248
458767 1392
458768 1248
458769 1392
458770 1248
458771 1323
458772 1247
458773 1176
458774 1323
458775 1247
458776 1248
458777 1247
458778 1247
458779 1248
458780 1247
458781 1177
458782 1392
458783 1320
524288 1109
524289 1105
524290 1249
524291 1248
524292 1035
524293 1466
524294 1325
524295 1325
524296 1466
524297 1325
524298 1467
524299 1325
524300 1399
524301 1463
524302 1176
524303 1177
524304 1177
524305 1177
524306 1393
524307 1176
524308 1248
524309 1176
524310 1247
524311 1248
524312 1323
524313 1247
524314 1177
524315 1248
524316 1106
524317 1105
524318 1176
524319 1391
589824 1401
589825 1248
589826 1247
589827 1247
589828 1248
589829 1176
589830 1106
589831 1248
589832 1248
589833 1248
589834 1394
589835 1394
589836 1177
589837 1177
589838 1177
589839 1248
589840 1177
589841 1248
589842 1177
589843 1176
589844 1106
589845 1396
589846 1247
589847 1246
589848 1177
589849 1322
589850 1106
589851 1320
589852 1322
589853 1322
589854 1247
589855 1175
655360 748
655361 1249
655362 1178
655363 1249
655364 1178
655365 1177
655366 1107
655367 1249
655368 1178
655369 1249
655370 1249
655371 1105
655372 1394
655373 1324
655374 239
655375 239
655376 239
655377 239
655378 239
655379 239
655380 239
655381 239
655382 239
655383 239
655384 239
655385 239
655386 239
655387 239
655388 239
655389 239
655390 239
655391 239
kernel_count 54275
