0 1182
1 1177
2 1248
3 1177
4 1177
5 1248
6 1177
7 1177
8 1248
9 1177
10 1177
11 1248
12 1248
13 1248
14 1177
15 1248
16 1248
17 1248
18 1247
19 1248
20 1248
21 1248
22 1248
23 1248
24 1248
25 1322
26 1246
27 1175
28 1246
29 1246
30 1247
31 1246
65536 1254
65537 1247
65538 1247
65539 1247
65540 1247
65541 1176
65542 1247
65543 1247
65544 1176
65545 1247
65546 1247
65547 1105
65548 1247
65549 1247
65550 1247
65551 1247
65552 1176
65553 1246
65554 1247
65555 1176
65556 1247
65557 1176
65558 1247
65559 1247
65560 1247
65561 1247
65562 1247
65563 1247
65564 1246
65565 1247
65566 1174
65567 1172
131072 1109
131073 1248
131074 1175
131075 1177
131076 1247
131077 1176
131078 1177
131079 1248
131080 1248
131081 1105
131082 1106
131083 1397
131084 1397
131085 1248
131086 1247
131087 1247
131088 1247
131089 1248
131090 1247
131091 1247
131092 1248
131093 1247
131094 1177
131095 1248
131096 1177
131097 1177
131098 1248
131099 1247
131100 1394
131101 1175
131102 1247
131103 1172
196608 1182
196609 1248
196610 1177
196611 1177
196612 1176
196613 1247
196614 1106
196615 1177
196616 1106
196617 1248
196618 1248
196619 1248
196620 1248
196621 1248
196622 1176
196623 1247
196624 1248
196625 1176
196626 1248
196627 1176
196628 1246
196629 1393
196630 1247
196631 1465
196632 1247
196633 1248
196634 1322
196635 1247
196636 1247
196637 1247
196638 1247
196639 1247
262144 1182
262145 1248
262146 1247
262147 1324
262148 1248
262149 1105
262150 1248
262151 1177
262152 1106
262153 1394
262154 1106
262155 1248
262156 1106
262157 1106
262158 1177
262159 1248
262160 1106
262161 1248
262162 1106
262163 1247
262164 1247
262165 1465
262166 1247
262167 1247
262168 1247
262169 1247
262170 1175
262171 1175
262172 1175
262173 1246
262174 1245
262175 1024
327680 1107
327681 1104
327682 1177
327683 1247
327684 1246
327685 1247
327686 1175
327687 1104
327688 1176
327689 1104
327690 1322
327691 1250
327692 1248
327693 1247
327694 1175
327695 1177
327696 1176
327697 1176
327698 1176
327699 1176
327700 1247
327701 1176
327702 1176
327703 1249
327704 1249
327705 1249
327706 1393
327707 1248
327708 1248
327709 1464
327710 1247
327711 1246
393216 1254
393217 1106
393218 1249
393219 1249
393220 1323
393221 1176
393222 1177
393223 1249
393224 1249
393225 1249
393226 1176
393227 1030
393228 1106
393229 1248
393230 1176
393231 1252
393232 1249
393233 1249
393234 1249
393235 1247
393236 1247
393237 1247
393238 1247
393239 1105
393240 1466
393241 1246
393242 1247
393243 1247
393244 1395
393245 1395
393246 1247
393247 1174
458752 893
458753 670
458754 1249
458755 1176
458756 1104
458757 1105
458758 1106
458759 1034
458760 1106
458761 1177
458762 1248
458763 1176
458764 1248
458765 1249
458766 1249
458767 1248
458768 1248
458769 1249
458770 1248
458771 1249
458772 1248
458773 1249
458774 1249
458775 1033
458776 1033
458777 1033
458778 1106
458779 1464
458780 1463
458781 1106
458782 1464
458783 1464
524288 1110
524289 1248
524290 1324
524291 1253
524292 1182
524293 1106
524294 1248
524295 968
524296 1106
524297 1248
524298 1467
524299 1248
524300 1248
524301 1247
524302 1248
524303 1247
524304 1177
524305 1177
524306 1247
524307 1177
524308 1176
524309 1030
524310 1106
524311 1247
524312 1247
524313 1247
524314 1106
524315 1248
524316 1106
524317 1394
524318 1175
524319 1175
589824 1254
589825 1248
589826 1249
589827 1252
589828 1249
589829 1249
589830 1249
589831 1249
589832 1248
589833 1249
589834 1249
589835 1249
589836 1249
589837 1249
589838 1249
589839 1249
589840 1177
589841 1177
589842 1249
589843 1249
589844 1465
589845 1248
589846 1394
589847 1249
589848 1324
589849 1462
589850 1105
589851 1247
589852 1105
589853 1247
589854 1176
589855 1247
655360 748
655361 1248
655362 1325
655363 1177
655364 1249
655365 1325
655366 1325
655367 1325
655368 1325
655369 1325
655370 1325
655371 1325
655372 1325
655373 1249
655374 1176
655375 1248
655376 1678
655377 1177
655378 1249
655379 1249
655380 1252
655381 1249
655382 1249
655383 1178
655384 1106
655385 1249
655386 1248
655387 1320
655388 1249
655389 1463
655390 1462
655391 1463
720896 964
720897 1178
720898 1253
720899 822
720900 822
720901 1037
720902 1248
720903 1178
720904 1463
720905 1464
720906 1464
720907 1104
720908 239
720909 239
720910 239
720911 239
720912 239
720913 239
720914 239
720915 239
720916 239
720917 239
720918 239
720919 239
720920 239
720921 239
720922 239
720923 239
720924 239
720925 239
720926 239
720927 239
kernel_count 58810
