0 1182
1 1247
2 1247
3 1248
4 1248
5 1177
6 1248
7 1030
8 1105
9 1105
10 1030
11 1247
12 1248
13 1248
14 957
15 957
16 957
17 1322
18 1246
19 1176
20 1247
21 1247
22 1176
23 1175
24 1105
25 1247
26 1247
27 1247
28 1104
29 1175
30 1175
31 1175
65536 1254
65537 1248
65538 1322
65539 1177
65540 1177
65541 1177
65542 1248
65543 1176
65544 1248
65545 1247
65546 1248
65547 1177
65548 1248
65549 1248
65550 1322
65551 1248
65552 1105
65553 1030
65554 1177
65555 1176
65556 1177
65557 1251
65558 1174
65559 1250
65560 1176
65561 1247
65562 1247
65563 1247
65564 1246
65565 1247
65566 1247
65567 1247
131072 1110
131073 1177
131074 747
131075 747
131076 747
131077 1106
131078 1177
131079 1106
131080 1176
131081 1247
131082 1247
131083 1248
131084 1248
131085 1248
131086 1247
131087 1029
131088 1248
131089 1248
131090 1248
131091 1248
131092 1177
131093 1177
131094 1177
131095 1248
131096 1248
131097 1177
131098 1248
131099 1322
131100 1247
131101 1247
131102 1246
131103 1247
196608 1254
196609 1248
196610 1106
196611 1247
196612 1247
196613 1248
196614 1248
196615 1177
196616 1248
196617 1247
196618 1248
196619 1106
196620 1393
196621 1393
196622 1177
196623 1393
196624 1177
196625 1106
196626 1251
196627 1247
196628 1246
196629 1247
196630 1247
196631 1246
196632 1247
196633 1176
196634 1247
196635 1247
196636 1246
196637 1247
196638 1247
196639 1247
262144 1182
262145 1248
262146 1247
262147 1247
262148 1247
262149 1247
262150 1247
262151 1247
262152 1247
262153 1247
262154 1247
262155 1248
262156 1248
262157 1248
262158 1248
262159 1248
262160 1322
262161 1246
262162 1246
262163 1246
262164 1247
262165 1176
262166 1247
262167 1030
262168 1030
262169 1246
262170 1247
262171 1247
262172 1105
262173 1247
262174 1247
262175 1247
327680 1254
327681 1249
327682 1249
327683 1249
327684 1249
327685 1248
327686 1249
327687 1249
327688 1248
327689 1249
327690 1249
327691 1249
327692 1324
327693 1324
327694 1177
327695 1248
327696 1030
327697 1106
327698 1395
327699 1248
327700 1247
327701 1176
327702 1463
327703 1464
327704 1249
327705 1177
327706 1392
327707 1248
327708 1249
327709 1465
327710 1466
327711 1173
393216 1254
393217 1176
393218 1176
393219 1248
393220 1248
393221 1248
393222 1248
393223 1248
393224 1248
393225 1177
393226 1248
393227 1248
393228 1177
393229 1177
393230 1247
393231 1177
393232 1248
393233 1247
393234 1248
393235 1177
393236 1248
393237 1248
393238 1248
393239 1248
393240 1177
393241 1248
393242 1247
393243 1247
393244 1177
393245 1322
393246 1250
393247 1247
458752 1110
458753 1247
458754 1247
458755 1246
458756 891
458757 1176
458758 1248
458759 1248
458760 1323
458761 1323
458762 1322
458763 1106
458764 1248
458765 1248
458766 1321
458767 1248
458768 1246
458769 1322
458770 1177
458771 1106
458772 1248
458773 1247
458774 1247
458775 1247
458776 1248
458777 1247
458778 1247
458779 1394
458780 1321
458781 1246
458782 1247
458783 1247
524288 747
524289 1249
524290 1249
524291 1176
524292 1248
524293 1248
524294 1463
524295 1177
524296 1248
524297 1322
524298 1393
524299 1322
524300 1247
524301 1248
524302 1247
524303 1248
524304 1248
524305 1248
524306 1248
524307 1393
524308 1176
524309 1248
524310 1247
524311 1248
524312 1322
524313 1247
524314 1322
524315 1177
524316 1177
524317 1177
524318 1251
524319 1247
589824 1254
589825 1248
589826 1248
589827 1249
589828 239
589829 239
589830 239
589831 239
589832 239
589833 239
589834 239
589835 239
589836 239
589837 239
589838 239
589839 239
589840 239
589841 239
589842 239
589843 239
589844 239
589845 239
589846 239
589847 239
589848 239
589849 239
589850 239
589851 239
589852 239
589853 239
589854 239
589855 239
kernel_count 47272
