0 1697
1 1249
2 1465
3 1465
4 1248
5 1248
6 1248
7 1248
8 1248
9 1247
10 1248
11 1320
12 1177
13 1248
14 1246
15 1247
16 1177
17 1177
18 1248
19 1248
20 1248
21 1322
22 1248
23 1322
24 1247
25 1176
26 1176
27 1247
28 1247
29 1247
30 1247
31 1247
65536 1254
65537 1177
65538 1248
65539 1249
65540 1177
65541 1106
65542 1249
65543 1249
65544 1465
65545 1177
65546 1248
65547 1248
65548 1176
65549 1248
65550 1248
65551 1248
65552 1246
65553 1247
65554 1176
65555 1248
65556 1393
65557 1177
65558 1177
65559 1248
65560 1248
65561 1177
65562 1248
65563 1106
65564 1248
65565 1248
65566 1393
65567 1177
131072 1254
131073 1178
131074 1464
131075 1248
131076 1249
131077 1249
131078 1177
131079 1177
131080 1249
131081 1249
131082 1249
131083 1177
131084 1249
131085 1249
131086 1176
131087 1106
131088 1249
131089 1464
131090 1104
131091 1247
131092 1247
131093 1247
131094 1247
131095 1176
131096 1246
131097 1247
131098 1176
131099 1176
131100 1247
131101 1247
131102 1105
131103 1247
196608 748
196609 1105
196610 1177
196611 1248
196612 1393
196613 1394
196614 1248
196615 1393
196616 1248
196617 1248
196618 1247
196619 1247
196620 1248
196621 1177
196622 1247
196623 1248
196624 1393
196625 1248
196626 1248
196627 1248
196628 1248
196629 1248
196630 1248
196631 1248
196632 1106
196633 1247
196634 1106
196635 1247
196636 1248
196637 1248
196638 1250
196639 1178
262144 1181
262145 1249
262146 1327
262147 1249
262148 1107
262149 1398
262150 1107
262151 1177
262152 1178
262153 1178
262154 1249
262155 1248
262156 1249
262157 1249
262158 1249
262159 1249
262160 1107
262161 1107
262162 1393
262163 1249
262164 1178
262165 1249
262166 1248
262167 1246
262168 1393
262169 1248
262170 1177
262171 1104
262172 1247
262173 239
262174 239
262175 239
kernel_count 25557
