0 1253
1 1175
2 1247
3 1246
4 1176
5 1247
6 1247
7 1247
8 1176
9 1105
10 1176
11 1247
12 1247
13 1176
14 1247
15 1246
16 1176
17 1176
18 1105
19 1175
20 1247
21 1247
22 1105
23 1247
24 1247
25 1247
26 1176
27 1246
28 1247
29 1247
30 1176
31 1247
65536 1252
65537 1248
65538 1323
65539 1323
65540 1323
65541 1177
65542 1248
65543 1248
65544 1247
65545 1248
65546 1248
65547 1248
65548 1176
65549 1176
65550 1176
65551 1248
65552 1248
65553 1248
65554 1248
65555 1248
65556 1396
65557 1106
65558 1325
65559 1248
65560 1248
65561 1248
65562 1030
65563 1030
65564 1247
65565 1029
65566 1250
65567 1245
131072 1253
131073 1247
131074 1248
131075 1247
131076 1248
131077 1247
131078 1248
131079 1177
131080 1248
131081 1248
131082 1248
131083 1248
131084 1181
131085 1323
131086 1248
131087 1248
131088 1177
131089 1393
131090 1248
131091 1248
131092 1322
131093 1177
131094 1251
131095 1176
131096 1247
131097 1247
131098 1246
131099 1247
131100 1176
131101 1246
131102 1175
131103 1175
196608 1181
196609 1247
196610 1247
196611 1176
196612 1247
196613 1030
196614 1105
196615 1246
196616 1245
196617 1247
196618 1176
196619 1176
196620 1176
196621 1104
196622 1104
196623 1104
196624 1104
196625 1104
196626 1105
196627 1105
196628 1175
196629 1175
196630 1104
196631 1175
196632 1246
196633 1247
196634 1247
196635 1105
196636 1247
196637 1247
196638 1175
196639 1103
262144 1253
262145 1325
262146 1105
262147 1248
262148 1106
262149 1249
262150 1249
262151 1249
262152 1030
262153 1176
262154 1106
262155 1178
262156 1177
262157 1106
262158 1030
262159 1106
262160 1106
262161 1249
262162 1106
262163 1106
262164 1035
262165 1249
262166 1249
262167 1034
262168 1248
262169 1105
262170 1106
262171 1177
262172 1177
262173 1249
262174 1248
262175 1538
327680 899
327681 896
327682 1397
327683 1030
327684 1395
327685 1177
327686 1177
327687 1248
327688 1248
327689 1248
327690 1177
327691 1391
327692 1392
327693 1250
327694 1250
327695 1248
327696 1248
327697 1177
327698 1248
327699 1248
327700 1248
327701 1248
327702 1248
327703 1248
327704 1246
327705 1247
327706 1248
327707 1247
327708 1248
327709 1248
327710 1246
327711 1248
393216 1252
393217 1029
393218 1248
393219 1248
393220 1394
393221 1248
393222 1248
393223 1247
393224 1106
393225 1106
393226 1248
393227 1248
393228 1106
393229 1247
393230 1176
393231 1177
393232 1326
393233 963
393234 1248
393235 1248
393236 1247
393237 1248
393238 1247
393239 1177
393240 1248
393241 1248
393242 1247
393243 1248
393244 1392
393245 1391
393246 1247
393247 1247
458752 1403
458753 1246
458754 1247
458755 1245
458756 1175
458757 1175
458758 1247
458759 1246
458760 1246
458761 1176
458762 1176
458763 1105
458764 1247
458765 1175
458766 1028
458767 1247
458768 1104
458769 1104
458770 1246
458771 1247
458772 1247
458773 1176
458774 1247
458775 1247
458776 1105
458777 1176
458778 1030
458779 1247
458780 1247
458781 1247
458782 1247
458783 1027
524288 1253
524289 1107
524290 1107
524291 1107
524292 1249
524293 1249
524294 1178
524295 1322
524296 1323
524297 1249
524298 1323
524299 1248
524300 1248
524301 1248
524302 1248
524303 1248
524304 1175
524305 1176
524306 1175
524307 239
524308 239
524309 239
524310 239
524311 239
524312 239
524313 239
524314 239
524315 239
524316 239
524317 239
524318 239
524319 239
kernel_count 43770
