0 1110
1 1467
2 1249
3 1106
4 1249
5 1249
6 1248
7 1249
8 1248
9 1249
10 1680
11 1249
12 1680
13 1249
14 1249
15 1249
16 1106
17 1394
18 1248
19 1247
20 1248
21 1176
22 1248
23 1248
24 1247
25 1321
26 1247
27 1247
28 1247
29 1104
30 1247
31 1103
65536 1254
65537 1177
65538 1106
65539 1248
65540 1106
65541 1177
65542 1248
65543 1248
65544 1030
65545 1177
65546 1177
65547 1248
65548 1248
65549 1248
65550 1177
65551 1248
65552 1248
65553 1248
65554 1177
65555 1248
65556 1248
65557 1246
65558 1248
65559 1247
65560 1248
65561 1392
65562 1247
65563 1392
65564 1391
65565 1392
65566 1391
65567 1175
131072 1254
131073 1324
131074 1248
131075 1324
131076 1248
131077 1248
131078 1177
131079 1248
131080 1248
131081 1248
131082 1248
131083 1248
131084 1177
131085 1106
131086 1247
131087 1248
131088 1393
131089 1247
131090 1177
131091 1248
131092 1248
131093 1177
131094 1248
131095 1248
131096 1248
131097 1396
131098 1247
131099 1175
131100 1246
131101 1246
131102 1247
131103 1246
196608 1182
196609 1249
196610 1325
196611 1249
196612 1249
196613 1249
196614 1178
196615 1178
196616 1177
196617 1177
196618 1178
196619 1178
196620 1468
196621 1107
196622 1247
196623 1393
196624 1249
196625 1248
196626 1394
196627 239
196628 239
196629 239
196630 239
196631 239
196632 239
196633 239
196634 239
196635 239
196636 239
196637 239
196638 239
196639 239
kernel_count 19115
