0 1253
1 1178
2 1249
3 1249
4 1249
5 1249
6 1248
7 1249
8 1248
9 1249
10 1035
11 1249
12 1249
13 1249
14 1249
15 1249
16 1249
17 1249
18 1248
19 1249
20 1178
21 1249
22 1249
23 1249
24 1249
25 1248
26 1249
27 1248
28 1249
29 1177
30 1393
31 1393
65536 1108
65537 1176
65538 1175
65539 1246
65540 1246
65541 1247
65542 1175
65543 1104
65544 1247
65545 1104
65546 1247
65547 1176
65548 1247
65549 1247
65550 1247
65551 1247
65552 1247
65553 1247
65554 1176
65555 1176
65556 1176
65557 1247
65558 1247
65559 1247
65560 1247
65561 1247
65562 1247
65563 1247
65564 1247
65565 1175
65566 1174
65567 1175
131072 1110
131073 1176
131074 1176
131075 1177
131076 1249
131077 1178
131078 1249
131079 1177
131080 1176
131081 1106
131082 1177
131083 1177
131084 1176
131085 1176
131086 1176
131087 1176
131088 1249
131089 1248
131090 1466
131091 1466
131092 1248
131093 1106
131094 1248
131095 1392
131096 1247
131097 1175
131098 1246
131099 1105
131100 1176
131101 1175
131102 1247
131103 1246
196608 1253
196609 1249
196610 1249
196611 1106
196612 1395
196613 1248
196614 1248
196615 1248
196616 1248
196617 1248
196618 1248
196619 1177
196620 1106
196621 1248
196622 1392
196623 1249
196624 1105
196625 1247
196626 1248
196627 1392
196628 1104
196629 1247
196630 1246
196631 1246
196632 1246
196633 1246
196634 1246
196635 1246
196636 1247
196637 1175
196638 1175
196639 1102
262144 1182
262145 1246
262146 1246
262147 1246
262148 1393
262149 1177
262150 1248
262151 1105
262152 1104
262153 1176
262154 1248
262155 1248
262156 1106
262157 1029
262158 1180
262159 1322
262160 1248
262161 1248
262162 1250
262163 1177
262164 1247
262165 1248
262166 1322
262167 1248
262168 1248
262169 1030
262170 1247
262171 1322
262172 1321
262173 1321
262174 1177
262175 1321
327680 1254
327681 1248
327682 1248
327683 1106
327684 1106
327685 1248
327686 1177
327687 1247
327688 1392
327689 1177
327690 1392
327691 1247
327692 1392
327693 1392
327694 1106
327695 1247
327696 1392
327697 1392
327698 1247
327699 1176
327700 1105
327701 1246
327702 1174
327703 1175
327704 1175
327705 1174
327706 1176
327707 1246
327708 1246
327709 1247
327710 1247
327711 1247
393216 1253
393217 1176
393218 1253
393219 1181
393220 1539
393221 1247
393222 1324
393223 1325
393224 1249
393225 1538
393226 1325
393227 1538
393228 1325
393229 1540
393230 1540
393231 1177
393232 1325
393233 1540
393234 1540
393235 1177
393236 1324
393237 1393
393238 1249
393239 1463
393240 1393
393241 1178
393242 1463
393243 1246
393244 1247
393245 1247
393246 1247
393247 1247
458752 1254
458753 1248
458754 1248
458755 1176
458756 1249
458757 1176
458758 1249
458759 1249
458760 1249
458761 1249
458762 1252
458763 1249
458764 1177
458765 1466
458766 1177
458767 1246
458768 1177
458769 1248
458770 1248
458771 1248
458772 1392
458773 1177
458774 1177
458775 1248
458776 1248
458777 1247
458778 1106
458779 1175
458780 1392
458781 1247
458782 1247
458783 1247
524288 1109
524289 1176
524290 1248
524291 1177
524292 1248
524293 1248
524294 1248
524295 1247
524296 1251
524297 1030
524298 1177
524299 1177
524300 1248
524301 1248
524302 1248
524303 1248
524304 1106
524305 1392
524306 1176
524307 1247
524308 1247
524309 1246
524310 1105
524311 1247
524312 1176
524313 1247
524314 1247
524315 1247
524316 1247
524317 1247
524318 1247
524319 1103
589824 1254
589825 1250
589826 1250
589827 1107
589828 1250
589829 1466
589830 1249
589831 1248
589832 1248
589833 1249
589834 1178
589835 1249
589836 1395
589837 1393
589838 1248
589839 1394
589840 239
589841 239
589842 239
589843 239
589844 239
589845 239
589846 239
589847 239
589848 239
589849 239
589850 239
589851 239
589852 239
589853 239
589854 239
589855 239
kernel_count 49781
