0 1109
1 1247
2 1247
3 1247
4 1247
5 1247
6 1247
7 1247
8 1247
9 1246
10 1247
11 1247
12 1246
13 1247
14 1247
15 1247
16 1247
17 1247
18 1247
19 1247
20 1247
21 1247
22 1246
23 1247
24 1247
25 1105
26 1105
27 1030
28 1246
29 1246
30 1247
31 1247
65536 1253
65537 1249
65538 1176
65539 1249
65540 1249
65541 1249
65542 1249
65543 1467
65544 1249
65545 1467
65546 1467
65547 1248
65548 1027
65549 1248
65550 1248
65551 1248
65552 1249
65553 1249
65554 1608
65555 1106
65556 1609
65557 1105
65558 1034
65559 1247
65560 1247
65561 1176
65562 1103
65563 1246
65564 1176
65565 1176
65566 1175
65567 1246
131072 1253
131073 1247
131074 1177
131075 746
131076 1034
131077 1105
131078 1177
131079 1175
131080 1248
131081 1175
131082 1248
131083 1175
131084 1177
131085 1248
131086 1177
131087 1248
131088 1247
131089 1106
131090 1106
131091 1252
131092 1325
131093 1248
131094 1248
131095 1181
131096 1248
131097 1247
131098 1248
131099 1177
131100 1248
131101 1391
131102 1246
131103 1247
196608 1182
196609 1105
196610 1249
196611 1104
196612 1175
196613 1176
196614 1246
196615 1249
196616 1325
196617 1178
196618 1178
196619 1611
196620 1399
196621 1613
196622 1611
196623 1612
196624 1608
196625 1105
196626 1105
196627 1105
196628 1105
196629 1105
196630 1105
196631 1105
196632 1105
196633 1105
196634 1105
196635 1105
196636 1105
196637 1105
196638 1247
196639 1175
262144 1256
262145 1246
262146 1177
262147 1393
262148 1253
262149 1248
262150 1394
262151 1247
262152 1248
262153 1106
262154 1248
262155 1177
262156 1248
262157 1248
262158 1176
262159 1248
262160 1247
262161 1394
262162 1176
262163 1467
262164 1248
262165 1248
262166 1180
262167 1180
262168 1322
262169 1247
262170 1322
262171 1247
262172 1104
262173 1104
262174 1176
262175 1247
327680 1182
327681 1247
327682 1247
327683 1248
327684 1248
327685 1248
327686 1248
327687 1394
327688 1397
327689 1177
327690 1248
327691 1324
327692 1248
327693 1324
327694 1393
327695 1396
327696 1177
327697 1248
327698 1322
327699 1248
327700 1322
327701 1245
327702 1246
327703 1247
327704 1176
327705 1176
327706 1176
327707 1176
327708 1176
327709 1246
327710 1175
327711 1175
393216 748
393217 747
393218 1177
393219 1248
393220 1248
393221 1177
393222 1248
393223 1106
393224 1248
393225 1326
393226 1397
393227 1248
393228 1177
393229 1392
393230 1321
393231 1392
393232 1248
393233 1177
393234 1177
393235 1176
393236 1248
393237 1248
393238 1177
393239 1248
393240 1392
393241 1392
393242 1247
393243 1176
393244 1247
393245 1175
393246 1176
393247 1247
458752 1254
458753 1248
458754 1248
458755 1247
458756 239
458757 239
458758 239
458759 239
458760 239
458761 239
458762 239
458763 239
458764 239
458765 239
458766 239
458767 239
458768 239
458769 239
458770 239
458771 239
458772 239
458773 239
458774 239
458775 239
458776 239
458777 239
458778 239
458779 239
458780 239
458781 239
458782 239
458783 239
kernel_count 37406
