0 1109
1 1176
2 1248
3 1248
4 1248
5 1248
6 1248
7 1248
8 1177
9 1248
10 1248
11 1248
12 1248
13 1248
14 1248
15 1248
16 1248
17 1247
18 1248
19 1248
20 1177
21 1176
22 1177
23 1177
24 1322
25 1247
26 1246
27 1247
28 1247
29 1247
30 1247
31 1247
65536 1258
65537 1177
65538 1248
65539 1324
65540 1248
65541 1248
65542 1248
65543 1106
65544 1177
65545 1248
65546 1106
65547 1248
65548 1248
65549 1393
65550 1248
65551 1393
65552 1248
65553 1394
65554 1248
65555 1322
65556 1322
65557 1104
65558 1104
65559 1245
65560 1175
65561 1245
65562 1247
65563 1247
65564 1247
65565 1176
65566 1247
65567 1245
131072 1110
131073 1177
131074 1177
131075 747
131076 1106
131077 747
131078 1035
131079 1105
131080 1177
131081 1177
131082 747
131083 1106
131084 747
131085 1105
131086 1034
131087 1177
131088 1177
131089 1034
131090 1106
131091 1249
131092 1248
131093 1248
131094 1248
131095 1249
131096 1396
131097 1249
131098 1466
131099 1325
131100 1249
131101 1613
131102 1322
131103 1028
196608 1109
196609 1177
196610 1248
196611 1248
196612 1247
196613 1248
196614 1248
196615 1177
196616 1175
196617 1175
196618 1391
196619 1248
196620 1323
196621 1253
196622 1248
196623 1248
196624 1535
196625 1536
196626 1535
196627 1535
196628 1105
196629 1104
196630 1246
196631 1246
196632 1246
196633 1246
196634 1246
196635 1246
196636 1246
196637 1246
196638 1246
196639 1247
262144 1181
262145 1177
262146 1248
262147 1248
262148 1248
262149 1247
262150 1248
262151 1394
262152 1248
262153 1247
262154 1177
262155 1177
262156 1248
262157 1324
262158 1247
262159 1393
262160 1393
262161 1247
262162 1393
262163 1395
262164 1394
262165 1539
262166 1394
262167 1248
262168 1392
262169 1247
262170 1248
262171 1176
262172 1248
262173 1322
262174 1246
262175 1247
327680 1110
327681 1248
327682 1248
327683 1106
327684 1323
327685 1393
327686 1248
327687 1248
327688 1248
327689 1323
327690 1392
327691 1247
327692 1247
327693 1247
327694 1247
327695 1246
327696 1105
327697 1176
327698 1247
327699 1247
327700 1247
327701 1247
327702 1247
327703 1247
327704 1247
327705 1247
327706 1247
327707 1247
327708 1247
327709 1247
327710 1247
327711 1247
393216 1254
393217 1395
393218 1395
393219 1396
393220 1250
393221 1249
393222 1399
393223 1178
393224 1468
393225 1540
393226 1249
393227 1178
393228 1250
393229 1178
393230 1465
393231 1250
393232 1250
393233 1395
393234 1250
393235 1394
393236 1248
393237 1177
393238 1248
393239 1248
393240 1248
393241 1248
393242 1248
393243 1177
393244 1248
393245 239
393246 239
393247 239
kernel_count 36086
