0 1254
1 1321
2 1247
3 1248
4 1248
5 1321
6 1247
7 1247
8 1248
9 1321
10 1247
11 1248
12 1248
13 1321
14 1247
15 1247
16 1248
17 1248
18 1248
19 1248
20 1321
21 1105
22 1176
23 1247
24 1247
25 1176
26 1176
27 1176
28 1176
29 1247
30 1247
31 1175
65536 1253
65537 1248
65538 1177
65539 1176
65540 1247
65541 1247
65542 1176
65543 1247
65544 1176
65545 1248
65546 1176
65547 1176
65548 1248
65549 1106
65550 1177
65551 1248
65552 1177
65553 1177
65554 1177
65555 1248
65556 1106
65557 1541
65558 1177
65559 1177
65560 1177
65561 1177
65562 1248
65563 1106
65564 1541
65565 1251
65566 1248
65567 1322
131072 824
131073 1177
131074 1248
131075 1177
131076 1176
131077 1106
131078 1248
131079 1392
131080 1322
131081 1322
131082 1322
131083 1322
131084 1106
131085 1250
131086 1251
131087 1247
131088 1247
131089 1247
131090 1247
131091 1247
131092 1246
131093 1247
131094 1247
131095 1247
131096 1247
131097 1175
131098 1176
131099 1175
131100 1246
131101 1247
131102 1247
131103 1247
196608 748
196609 745
196610 746
196611 746
196612 1176
196613 1176
196614 1176
196615 1105
196616 1247
196617 1247
196618 1247
196619 1176
196620 1246
196621 1247
196622 1247
196623 1247
196624 1247
196625 1247
196626 1176
196627 1247
196628 1247
196629 1247
196630 1176
196631 1176
196632 1247
196633 1247
196634 1246
196635 1246
196636 1247
196637 1247
196638 1246
196639 1246
262144 747
262145 747
262146 1106
262147 1248
262148 1247
262149 1247
262150 1323
262151 1177
262152 1177
262153 1247
262154 1248
262155 1394
262156 1176
262157 1247
262158 1247
262159 1176
262160 1105
262161 1105
262162 1176
262163 1247
262164 1246
262165 1247
262166 1247
262167 1247
262168 1247
262169 1176
262170 1247
262171 1176
262172 1247
262173 1247
262174 1247
262175 1175
327680 748
327681 1249
327682 1394
327683 1105
327684 1175
327685 1177
327686 1177
327687 1104
327688 1247
327689 1395
327690 1174
327691 1176
327692 1175
327693 1104
327694 1539
327695 1391
327696 1029
327697 1029
327698 1029
327699 1029
327700 1029
327701 1029
327702 1029
327703 1029
327704 1245
327705 1245
327706 1245
327707 1246
327708 1029
327709 1029
327710 1105
327711 1246
393216 1254
393217 1247
393218 1248
393219 1248
393220 1392
393221 1248
393222 1248
393223 1106
393224 1248
393225 1248
393226 1248
393227 1248
393228 1177
393229 1177
393230 1248
393231 1177
393232 1248
393233 1248
393234 1247
393235 1176
393236 1392
393237 1246
393238 1029
393239 1029
393240 1029
393241 1175
393242 1247
393243 1247
393244 1247
393245 1247
393246 1246
393247 1175
458752 1253
458753 1175
458754 1248
458755 1394
458756 1611
458757 1176
458758 1392
458759 1246
458760 1247
458761 1105
458762 1105
458763 1176
458764 1247
458765 1247
458766 1247
458767 1030
458768 1247
458769 1246
458770 1176
458771 1247
458772 1175
458773 1247
458774 1246
458775 1175
458776 1247
458777 1247
458778 1175
458779 1247
458780 1247
458781 1247
458782 1176
458783 1247
524288 748
524289 1030
524290 1247
524291 1247
524292 1246
524293 1247
524294 1247
524295 1247
524296 1247
524297 1247
524298 1247
524299 1176
524300 1247
524301 1247
524302 1247
524303 1247
524304 1247
524305 1247
524306 1176
524307 1176
524308 1176
524309 1105
524310 1247
524311 1176
524312 1247
524313 1176
524314 1176
524315 1247
524316 1247
524317 1176
524318 1247
524319 1247
589824 1109
589825 1176
589826 1176
589827 1176
589828 1249
589829 1249
589830 1248
589831 1249
589832 1249
589833 1249
589834 1249
589835 1248
589836 1249
589837 1248
589838 1249
589839 1249
589840 1249
589841 1249
589842 1249
589843 1249
589844 1248
589845 1252
589846 1324
589847 1249
589848 1177
589849 1249
589850 1466
589851 1249
589852 1249
589853 1466
589854 1247
589855 1247
655360 824
655361 746
655362 747
655363 822
655364 746
655365 747
655366 1249
655367 1248
655368 1249
655369 1249
655370 1324
655371 887
655372 1249
655373 1177
655374 1249
655375 1177
655376 1249
655377 1248
655378 1464
655379 1249
655380 1464
655381 1247
655382 1247
655383 1247
655384 1175
655385 1176
655386 1176
655387 1176
655388 1247
655389 1247
655390 1247
655391 1246
720896 962
720897 1248
720898 1393
720899 1248
720900 1323
720901 1030
720902 1323
720903 1177
720904 1177
720905 1177
720906 1247
720907 1246
720908 1177
720909 1393
720910 1393
720911 1176
720912 1177
720913 1248
720914 1177
720915 1248
720916 1393
720917 1322
720918 1248
720919 1322
720920 1176
720921 1175
720922 1176
720923 1030
720924 1176
720925 1247
720926 1102
720927 1103
786432 1182
786433 1178
786434 1250
786435 893
786436 887
786437 1249
786438 1250
786439 1177
786440 1249
786441 1249
786442 1250
786443 1682
786444 1681
786445 1682
786446 1682
786447 1682
786448 1254
786449 1249
786450 1250
786451 1395
786452 1609
786453 1247
786454 239
786455 239
786456 239
786457 239
786458 239
786459 239
786460 239
786461 239
786462 239
786463 239
kernel_count 64484
