0 1182
1 1106
2 1177
3 1106
4 1177
5 1248
6 1177
7 1030
8 1177
9 1248
10 1247
11 1247
12 1176
13 1248
14 1247
15 1247
16 1248
17 1106
18 1322
19 1322
20 1322
21 1247
22 1247
23 1247
24 1176
25 1247
26 1247
27 1105
28 1246
29 1246
30 1176
31 1247
65536 748
65537 1249
65538 1249
65539 1176
65540 1248
65541 1248
65542 1030
65543 1177
65544 1177
65545 1177
65546 1106
65547 1106
65548 1106
65549 1249
65550 1249
65551 1249
65552 1249
65553 1177
65554 1249
65555 1464
65556 1247
65557 1247
65558 1247
65559 1247
65560 1247
65561 1247
65562 1247
65563 1027
65564 956
65565 1102
65566 1028
65567 1028
131072 1109
131073 1177
131074 1248
131075 1177
131076 1248
131077 1248
131078 1248
131079 1248
131080 1248
131081 1248
131082 1248
131083 1248
131084 1177
131085 1322
131086 1175
131087 1176
131088 1247
131089 1247
131090 1105
131091 1176
131092 1247
131093 1247
131094 1247
131095 1247
131096 1247
131097 1247
131098 1247
131099 1247
131100 1247
131101 1247
131102 1175
131103 1030
196608 1182
196609 1248
196610 1248
196611 1248
196612 1177
196613 1248
196614 1248
196615 1030
196616 1176
196617 1176
196618 1248
196619 1177
196620 1102
196621 1246
196622 1246
196623 1246
196624 1246
196625 1246
196626 1246
196627 1246
196628 1247
196629 1247
196630 1106
196631 1106
196632 1177
196633 960
196634 1176
196635 1323
196636 1321
196637 1249
196638 1247
196639 1028
262144 1253
262145 1247
262146 1247
262147 1105
262148 1176
262149 1247
262150 1176
262151 1105
262152 1175
262153 1176
262154 1247
262155 1176
262156 1246
262157 1104
262158 1176
262159 1175
262160 1247
262161 1030
262162 1029
262163 1104
262164 1033
262165 1104
262166 1030
262167 1030
262168 1104
262169 1104
262170 1104
262171 1104
262172 1104
262173 1104
262174 1030
262175 1175
327680 1254
327681 1248
327682 1176
327683 1106
327684 1248
327685 1177
327686 1177
327687 1176
327688 1323
327689 1248
327690 1323
327691 1248
327692 1248
327693 1177
327694 1321
327695 1176
327696 1248
327697 1248
327698 1248
327699 1106
327700 1248
327701 1247
327702 1245
327703 1104
327704 1248
327705 1176
327706 1247
327707 1177
327708 1248
327709 1392
327710 1247
327711 1247
393216 1254
393217 1176
393218 1247
393219 1175
393220 1246
393221 1105
393222 1176
393223 1245
393224 1247
393225 1247
393226 1247
393227 1247
393228 1247
393229 1247
393230 1247
393231 1246
393232 1247
393233 1176
393234 1247
393235 1247
393236 1247
393237 1176
393238 1247
393239 1247
393240 1105
393241 1176
393242 1247
393243 1247
393244 1247
393245 1247
393246 1247
393247 1247
458752 748
458753 747
458754 1249
458755 1249
458756 1249
458757 1249
458758 1105
458759 1249
458760 1252
458761 1325
458762 1325
458763 1249
458764 1033
458765 1176
458766 1177
458767 1253
458768 1248
458769 1323
458770 1249
458771 1324
458772 1324
458773 1249
458774 1106
458775 1106
458776 1106
458777 1395
458778 1249
458779 1105
458780 1465
458781 1466
458782 1466
458783 1466
524288 1254
524289 1248
524290 1106
524291 1106
524292 1177
524293 1106
524294 1248
524295 1248
524296 1177
524297 1247
524298 1248
524299 1248
524300 1248
524301 1248
524302 1248
524303 1177
524304 1177
524305 1177
524306 1248
524307 1177
524308 1247
524309 1248
524310 1248
524311 1177
524312 1177
524313 1248
524314 1247
524315 1248
524316 1031
524317 1248
524318 1246
524319 1028
kernel_count 45189
