0 1254
1 1252
2 1248
3 1324
4 1177
5 1034
6 1030
7 1030
8 1248
9 1467
10 1248
11 1247
12 1177
13 1106
14 1248
15 1176
16 1248
17 1248
18 1030
19 1248
20 1177
21 1394
22 1248
23 1324
24 1177
25 1033
26 1029
27 1030
28 1247
29 1248
30 1466
31 1246
65536 748
65537 747
65538 747
65539 1177
65540 1248
65541 1177
65542 1177
65543 1176
65544 1176
65545 1248
65546 1248
65547 1248
65548 1248
65549 1106
65550 1247
65551 1174
65552 1175
65553 1248
65554 1248
65555 1248
65556 1248
65557 1248
65558 1248
65559 1393
65560 1393
65561 1108
65562 1250
65563 1176
65564 1247
65565 1247
65566 1247
65567 1247
131072 748
131073 1177
131074 1248
131075 1322
131076 1248
131077 1248
131078 1248
131079 1248
131080 1248
131081 1177
131082 1248
131083 1248
131084 1177
131085 1177
131086 1247
131087 1177
131088 1177
131089 1246
131090 1248
131091 1248
131092 1248
131093 1248
131094 1322
131095 1247
131096 1104
131097 1247
131098 1246
131099 1246
131100 1247
131101 1247
131102 1246
131103 1247
196608 747
196609 747
196610 747
196611 1106
196612 1247
196613 1248
196614 1177
196615 1248
196616 1248
196617 1177
196618 1105
196619 1105
196620 1251
196621 1251
196622 1176
196623 1175
196624 1247
196625 1176
196626 1246
196627 1246
196628 1030
196629 1247
196630 1247
196631 1247
196632 1247
196633 1246
196634 1176
196635 1247
196636 1176
196637 1246
196638 1247
196639 1028
262144 748
262145 747
262146 1105
262147 1249
262148 1248
262149 1247
262150 1030
262151 1176
262152 1177
262153 1177
262154 1249
262155 1249
262156 1249
262157 1324
262158 1037
262159 961
262160 1249
262161 1249
262162 1249
262163 1249
262164 1249
262165 1249
262166 1249
262167 1249
262168 1249
262169 1249
262170 1464
262171 1464
262172 1174
262173 1175
262174 1105
262175 1247
327680 1254
327681 1322
327682 1246
327683 1251
327684 1177
327685 1251
327686 1321
327687 1176
327688 1176
327689 1105
327690 1176
327691 1247
327692 1247
327693 1105
327694 1176
327695 1246
327696 1176
327697 1176
327698 1104
327699 1176
327700 1247
327701 1105
327702 1176
327703 1104
327704 1176
327705 1247
327706 1104
327707 1176
327708 1176
327709 1104
327710 1176
327711 1247
393216 748
393217 892
393218 1393
393219 1176
393220 1176
393221 1176
393222 1176
393223 1176
393224 1176
393225 1176
393226 1247
393227 1247
393228 1029
393229 1104
393230 1247
393231 1247
393232 1247
393233 1246
393234 1247
393235 1247
393236 1247
393237 1104
393238 1176
393239 1247
393240 1247
393241 1176
393242 1175
393243 1247
393244 1176
393245 1247
393246 1175
393247 1175
458752 1254
458753 1249
458754 1249
458755 1249
458756 1177
458757 1105
458758 1249
458759 1249
458760 1249
458761 1177
458762 1249
458763 1177
458764 1248
458765 1177
458766 1177
458767 1177
458768 1181
458769 1324
458770 1323
458771 1176
458772 1248
458773 1249
458774 1249
458775 1177
458776 1177
458777 1252
458778 1248
458779 1104
458780 1324
458781 1249
458782 1249
458783 1463
524288 1254
524289 1249
524290 1249
524291 1249
524292 1106
524293 1249
524294 1394
524295 1106
524296 1249
524297 1323
524298 1249
524299 1464
524300 1320
524301 1463
524302 1465
524303 1106
524304 1177
524305 1248
524306 1248
524307 1393
524308 1322
524309 1247
524310 1247
524311 1247
524312 1247
524313 1247
524314 1176
524315 1246
524316 1247
524317 1174
524318 1175
524319 1175
589824 1254
589825 1177
589826 1177
589827 1248
589828 1247
589829 1248
589830 1177
589831 1247
589832 1106
589833 1177
589834 1248
589835 1177
589836 239
589837 239
589838 239
589839 239
589840 239
589841 239
589842 239
589843 239
589844 239
589845 239
589846 239
589847 239
589848 239
589849 239
589850 239
589851 239
589852 239
589853 239
589854 239
589855 239
kernel_count 47560
