0 1254
1 1248
2 1248
3 1248
4 1248
5 1177
6 1177
7 1104
8 1466
9 1392
10 1176
11 1106
12 1177
13 1177
14 1177
15 1106
16 1177
17 1177
18 1177
19 1176
20 1248
21 1322
22 1322
23 1248
24 1322
25 1251
26 1247
27 1247
28 1247
29 1247
30 1245
31 1245
65536 1254
65537 1176
65538 1177
65539 1177
65540 1176
65541 1247
65542 1247
65543 1247
65544 1248
65545 1104
65546 1321
65547 1177
65548 1322
65549 1248
65550 1248
65551 1248
65552 1177
65553 1322
65554 1247
65555 1247
65556 1247
65557 1247
65558 1247
65559 1247
65560 1247
65561 1247
65562 1247
65563 1247
65564 1247
65565 1247
65566 1176
65567 1247
131072 1182
131073 1248
131074 1106
131075 1393
131076 1247
131077 1393
131078 1248
131079 1248
131080 1248
131081 1248
131082 1029
131083 1106
131084 1106
131085 1106
131086 1106
131087 1106
131088 1029
131089 1106
131090 1248
131091 1323
131092 1323
131093 1252
131094 1248
131095 1248
131096 1177
131097 1106
131098 1248
131099 1248
131100 1392
131101 1392
131102 1246
131103 1103
196608 1110
196609 1248
196610 1249
196611 1175
196612 1246
196613 519
196614 1249
196615 1325
196616 1249
196617 1248
196618 1248
196619 1177
196620 1249
196621 1326
196622 1106
196623 1464
196624 1180
196625 1248
196626 1177
196627 1247
196628 1248
196629 1248
196630 1248
196631 1248
196632 1177
196633 1180
196634 1322
196635 1176
196636 1104
196637 1175
196638 1173
196639 1028
262144 1253
262145 1249
262146 1176
262147 1176
262148 1177
262149 1248
262150 1249
262151 1324
262152 1249
262153 1106
262154 1464
262155 1176
262156 1106
262157 1249
262158 1176
262159 1324
262160 1324
262161 1324
262162 1463
262163 1247
262164 1247
262165 1176
262166 1247
262167 1247
262168 1246
262169 1247
262170 1247
262171 1247
262172 1176
262173 1102
262174 1247
262175 1247
327680 1182
327681 1176
327682 1176
327683 1247
327684 1247
327685 1176
327686 1247
327687 1105
327688 1176
327689 1247
327690 1247
327691 1246
327692 1176
327693 1246
327694 1030
327695 1247
327696 1246
327697 1247
327698 1247
327699 1247
327700 1247
327701 1175
327702 1246
327703 1176
327704 1175
327705 1176
327706 1176
327707 1247
327708 1176
327709 1247
327710 1247
327711 1247
393216 747
393217 1249
393218 1248
393219 1249
393220 1105
393221 1177
393222 1249
393223 1249
393224 1249
393225 1249
393226 1393
393227 1177
393228 1249
393229 1248
393230 1248
393231 1248
393232 1177
393233 1177
393234 1249
393235 1249
393236 1176
393237 1464
393238 1247
393239 1177
393240 1248
393241 1248
393242 1248
393243 1177
393244 1323
393245 1394
393246 1394
393247 1322
458752 1254
458753 1248
458754 1248
458755 1248
458756 1323
458757 1323
458758 1248
458759 1177
458760 1393
458761 1392
458762 1393
458763 1175
458764 1392
458765 1177
458766 1247
458767 1247
458768 1176
458769 1247
458770 1247
458771 1180
458772 1175
458773 1103
458774 1176
458775 1105
458776 1176
458777 1246
458778 1246
458779 1246
458780 1244
458781 1247
458782 1175
458783 1246
524288 1253
524289 1248
524290 1248
524291 1248
524292 1248
524293 1248
524294 1247
524295 1248
524296 1248
524297 1248
524298 1177
524299 1176
524300 1248
524301 1176
524302 1106
524303 1248
524304 1248
524305 1177
524306 1105
524307 1105
524308 1106
524309 1176
524310 1248
524311 1248
524312 1248
524313 1177
524314 1247
524315 1247
524316 1247
524317 1248
524318 1247
524319 1178
589824 1330
589825 1249
589826 1250
589827 1466
589828 1177
589829 1248
589830 1323
589831 1249
589832 1323
589833 1246
589834 1248
589835 1248
589836 239
589837 239
589838 239
589839 239
589840 239
589841 239
589842 239
589843 239
589844 239
589845 239
589846 239
589847 239
589848 239
589849 239
589850 239
589851 239
589852 239
589853 239
589854 239
589855 239
kernel_count 48555
