0 1254
1 1247
2 1247
3 1175
4 1176
5 1105
6 1247
7 1247
8 1105
9 1247
10 1246
11 1247
12 1247
13 1105
14 1246
15 1246
16 1247
17 1247
18 1247
19 1105
20 1176
21 1247
22 1246
23 1247
24 1175
25 1174
26 1176
27 1247
28 1247
29 1247
30 1175
31 1247
65536 1110
65537 1249
65538 1177
65539 1176
65540 1249
65541 1249
65542 1106
65543 1249
65544 1249
65545 1249
65546 1249
65547 1324
65548 1177
65549 1249
65550 1249
65551 1324
65552 1106
65553 1177
65554 1249
65555 1324
65556 1249
65557 1249
65558 1249
65559 1248
65560 1392
65561 1249
65562 1463
65563 1175
65564 1176
65565 1176
65566 1247
65567 1247
131072 1182
131073 1106
131074 1247
131075 1248
131076 1029
131077 1248
131078 1029
131079 1248
131080 1106
131081 1104
131082 1248
131083 1248
131084 1248
131085 1248
131086 1177
131087 1177
131088 1176
131089 1177
131090 1247
131091 1248
131092 1248
131093 1248
131094 1248
131095 1246
131096 1248
131097 1248
131098 1253
131099 1248
131100 1247
131101 1176
131102 1248
131103 1536
196608 1333
196609 1176
196610 1176
196611 1248
196612 1247
196613 1246
196614 1175
196615 1246
196616 1175
196617 1175
196618 1175
196619 1248
196620 1247
196621 1248
196622 1466
196623 1467
196624 1322
196625 1176
196626 1246
196627 1247
196628 1246
196629 1321
196630 1248
196631 1177
196632 1106
196633 1322
196634 1247
196635 1247
196636 1105
196637 1105
196638 1176
196639 1245
262144 1109
262145 1106
262146 1253
262147 1324
262148 1248
262149 1106
262150 1105
262151 1253
262152 1248
262153 1247
262154 1248
262155 1247
262156 1248
262157 1247
262158 1248
262159 1247
262160 1248
262161 1247
262162 1248
262163 1247
262164 1248
262165 1247
262166 1248
262167 1247
262168 1177
262169 1248
262170 1324
262171 1248
262172 1177
262173 1177
262174 1247
262175 1536
327680 1549
327681 1247
327682 1247
327683 1105
327684 1175
327685 1247
327686 1105
327687 1247
327688 1247
327689 1247
327690 1246
327691 1176
327692 1247
327693 1247
327694 1176
327695 1105
327696 1247
327697 1175
327698 1176
327699 1246
327700 1176
327701 1175
327702 1246
327703 1176
327704 1104
327705 1247
327706 1175
327707 1246
327708 1175
327709 1104
327710 1176
327711 1247
393216 1253
393217 1249
393218 1249
393219 1176
393220 1249
393221 1248
393222 1249
393223 1249
393224 1249
393225 1248
393226 1325
393227 1249
393228 1325
393229 1249
393230 1249
393231 1249
393232 1325
393233 1105
393234 1248
393235 1249
393236 1030
393237 1681
393238 1684
393239 1030
393240 1248
393241 1175
393242 1106
393243 1106
393244 1251
393245 1176
393246 1246
393247 1175
458752 1546
458753 1607
458754 1393
458755 1322
458756 1247
458757 1175
458758 1245
458759 1174
458760 1246
458761 1176
458762 1175
458763 1245
458764 1174
458765 1246
458766 1176
458767 1175
458768 1174
458769 1245
458770 1175
458771 1246
458772 1176
458773 1103
458774 1034
458775 1105
458776 1032
458777 1103
458778 1104
458779 1033
458780 960
458781 1247
458782 1246
458783 1246
524288 747
524289 1248
524290 1246
524291 1248
524292 1177
524293 1177
524294 1248
524295 1177
524296 1177
524297 1248
524298 1248
524299 1248
524300 1177
524301 1105
524302 1105
524303 1248
524304 1176
524305 1247
524306 1177
524307 1246
524308 1177
524309 1248
524310 1248
524311 1321
524312 1246
524313 1247
524314 1247
524315 1174
524316 1174
524317 1246
524318 1174
524319 1246
589824 1110
589825 1177
589826 1177
589827 1176
589828 1394
589829 1324
589830 1248
589831 1247
589832 1247
589833 1324
589834 1248
589835 1248
589836 1393
589837 1248
589838 1324
589839 1253
589840 1246
589841 1248
589842 1248
589843 1248
589844 1323
589845 1247
589846 1106
589847 1248
589848 1247
589849 1176
589850 1248
589851 1468
589852 1538
589853 1392
589854 1246
589855 1245
655360 1254
655361 1248
655362 1247
655363 1248
655364 1247
655365 1247
655366 1248
655367 1248
655368 1248
655369 1247
655370 1248
655371 1030
655372 1106
655373 1248
655374 1106
655375 1392
655376 1175
655377 1247
655378 1176
655379 1247
655380 1176
655381 1176
655382 1247
655383 1246
655384 1247
655385 1246
655386 1247
655387 1176
655388 1247
655389 1104
655390 1245
655391 1245
720896 892
720897 1105
720898 1247
720899 1177
720900 1248
720901 1248
720902 1248
720903 239
720904 239
720905 239
720906 239
720907 239
720908 239
720909 239
720910 239
720911 239
720912 239
720913 239
720914 239
720915 239
720916 239
720917 239
720918 239
720919 239
720920 239
720921 239
720922 239
720923 239
720924 239
720925 239
720926 239
720927 239
kernel_count 58015
