0 1254
1 1249
2 1679
3 1248
4 1321
5 1106
6 1248
7 1105
8 1247
9 1247
10 1247
11 1247
12 1247
13 1247
14 1247
15 887
16 959
17 1248
18 1248
19 1392
20 1247
21 1247
22 1246
23 1247
24 959
25 1247
26 1104
27 1176
28 1247
29 1246
30 1175
31 1103
65536 1475
65537 1105
65538 1322
65539 1177
65540 1247
65541 1323
65542 1248
65543 1248
65544 1319
65545 1177
65546 1321
65547 1177
65548 1248
65549 1248
65550 1248
65551 1248
65552 1247
65553 1248
65554 1176
65555 1177
65556 1176
65557 1177
65558 959
65559 1177
65560 1177
65561 1391
65562 1247
65563 1247
65564 1248
65565 1391
65566 1246
65567 1245
131072 1109
131073 1106
131074 1249
131075 1177
131076 1176
131077 1177
131078 1249
131079 1177
131080 1248
131081 1177
131082 1466
131083 1248
131084 1249
131085 1249
131086 1030
131087 1030
131088 1249
131089 1325
131090 1394
131091 1249
131092 1467
131093 1249
131094 1249
131095 1248
131096 1249
131097 1176
131098 1249
131099 1030
131100 1248
131101 1249
131102 1249
131103 1464
196608 1182
196609 1392
196610 1248
196611 1176
196612 1249
196613 1106
196614 1249
196615 1249
196616 1249
196617 1178
196618 1176
196619 1249
196620 1177
196621 1249
196622 1393
196623 1324
196624 1394
196625 1465
196626 1394
196627 1177
196628 1247
196629 1322
196630 1322
196631 1248
196632 1248
196633 1248
196634 1248
196635 1247
196636 1248
196637 1321
196638 1322
196639 1103
262144 1182
262145 1106
262146 1105
262147 1105
262148 1176
262149 1176
262150 1251
262151 1248
262152 1322
262153 1248
262154 1248
262155 1248
262156 1175
262157 1247
262158 1248
262159 1246
262160 1248
262161 1246
262162 1246
262163 1176
262164 1030
262165 1030
262166 1322
262167 1030
262168 1030
262169 1251
262170 1248
262171 1177
262172 1322
262173 1251
262174 1247
262175 1247
327680 1330
327681 1177
327682 1248
327683 1248
327684 1176
327685 1248
327686 1248
327687 1323
327688 1177
327689 1177
327690 1323
327691 1252
327692 1180
327693 1181
327694 1248
327695 1252
327696 1180
327697 1181
327698 1248
327699 1177
327700 1247
327701 1177
327702 1106
327703 1177
327704 1392
327705 1247
327706 1247
327707 1177
327708 1392
327709 1392
327710 1027
327711 880
393216 1181
393217 1248
393218 1176
393219 1249
393220 1249
393221 1249
393222 1249
393223 1249
393224 1249
393225 1323
393226 1248
393227 1248
393228 1248
393229 1247
393230 1248
393231 1248
393232 1246
393233 1247
393234 1247
393235 1248
393236 1248
393237 1246
393238 1248
393239 1177
393240 1177
393241 1249
393242 239
393243 239
393244 239
393245 239
393246 239
393247 239
kernel_count 35221
