0 1253
1 1246
2 1246
3 1246
4 1175
5 1246
6 1247
7 1175
8 1247
9 1176
10 1246
11 1176
12 1246
13 1247
14 1175
15 1247
16 1176
17 1247
18 1247
19 1246
20 1176
21 1246
22 1247
23 1175
24 1247
25 1176
26 1246
27 1176
28 1246
29 1247
30 1175
31 1247
65536 748
65537 746
65538 747
65539 746
65540 1249
65541 1249
65542 1249
65543 1249
65544 1106
65545 1249
65546 1248
65547 1393
65548 1249
65549 1248
65550 1249
65551 1249
65552 1249
65553 1249
65554 1249
65555 1178
65556 1178
65557 1249
65558 1464
65559 1176
65560 1246
65561 1246
65562 1246
65563 1247
65564 1247
65565 1246
65566 1247
65567 1247
131072 748
131073 1248
131074 1247
131075 1248
131076 1247
131077 1248
131078 1247
131079 1248
131080 1176
131081 1248
131082 1248
131083 1248
131084 1176
131085 1248
131086 1176
131087 1248
131088 1248
131089 1248
131090 1176
131091 1176
131092 1177
131093 1248
131094 1177
131095 1248
131096 1248
131097 1247
131098 1030
131099 1247
131100 1251
131101 1246
131102 1246
131103 1247
196608 1330
196609 1325
196610 1323
196611 1247
196612 1249
196613 1177
196614 1537
196615 1249
196616 1249
196617 1249
196618 1537
196619 1106
196620 1177
196621 1249
196622 1177
196623 1249
196624 1176
196625 1249
196626 1249
196627 1463
196628 1536
196629 1177
196630 1178
196631 1249
196632 1249
196633 1177
196634 1249
196635 1464
196636 1106
196637 1463
196638 1247
196639 1247
262144 1253
262145 1394
262146 1249
262147 1394
262148 1177
262149 1177
262150 1249
262151 1248
262152 1030
262153 1248
262154 1248
262155 1030
262156 1248
262157 1248
262158 1030
262159 1248
262160 1248
262161 1030
262162 1249
262163 1177
262164 1249
262165 1177
262166 1248
262167 1248
262168 1249
262169 1393
262170 1466
262171 1537
262172 1394
262173 1537
262174 1394
262175 1465
327680 1258
327681 1393
327682 1177
327683 1393
327684 1177
327685 1177
327686 1106
327687 1106
327688 1248
327689 1106
327690 1177
327691 1106
327692 1247
327693 1177
327694 1030
327695 1177
327696 1248
327697 1177
327698 1105
327699 1027
327700 1105
327701 1176
327702 1176
327703 1250
327704 1250
327705 1250
327706 1034
327707 1105
327708 1247
327709 1247
327710 1247
327711 1175
393216 1182
393217 1249
393218 1395
393219 1395
393220 1469
393221 1249
393222 1106
393223 1030
393224 1035
393225 1248
393226 1106
393227 1177
393228 1177
393229 1177
393230 1177
393231 1177
393232 1177
393233 1177
393234 1252
393235 1177
393236 1175
393237 1102
393238 1177
393239 1181
393240 1464
393241 1464
393242 1248
393243 1177
393244 1321
393245 1180
393246 1247
393247 1247
458752 1253
458753 1176
458754 1394
458755 1176
458756 1247
458757 1176
458758 1248
458759 1248
458760 1177
458761 1248
458762 1248
458763 1247
458764 1248
458765 1394
458766 1248
458767 1177
458768 1246
458769 1177
458770 1176
458771 1177
458772 1248
458773 1248
458774 1177
458775 1469
458776 1469
458777 1469
458778 1469
458779 1469
458780 1469
458781 1469
458782 1469
458783 1469
524288 1180
524289 1395
524290 1182
524291 1249
524292 1249
524293 1249
524294 1325
524295 1249
524296 1249
524297 1177
524298 1176
524299 1176
524300 1464
524301 1249
524302 1248
524303 1249
524304 1106
524305 1249
524306 1248
524307 1249
524308 1249
524309 1249
524310 1466
524311 1106
524312 1177
524313 1396
524314 1248
524315 1177
524316 1106
524317 1177
524318 1322
524319 1247
589824 1472
589825 1107
589826 1250
589827 1250
589828 1107
589829 1250
589830 1465
589831 1107
589832 1107
589833 1249
589834 1178
589835 1178
589836 1249
589837 1249
589838 1248
589839 1105
589840 1031
589841 1249
589842 1251
589843 1177
589844 1248
589845 1177
589846 1247
589847 1106
589848 1248
589849 1248
589850 1105
589851 1248
589852 1248
589853 1176
589854 1177
589855 239
kernel_count 51544
