0 1254
1 1247
2 1105
3 1247
4 1105
5 1247
6 1247
7 1105
8 1247
9 1105
10 1105
11 1247
12 1247
13 1176
14 1176
15 1247
16 1176
17 1247
18 1105
19 1247
20 1105
21 1247
22 1247
23 1105
24 1247
25 1105
26 1247
27 1105
28 1247
29 1176
30 1247
31 1175
65536 748
65537 1250
65538 1249
65539 1250
65540 1250
65541 1249
65542 1250
65543 1250
65544 1250
65545 1107
65546 1177
65547 1466
65548 1252
65549 1252
65550 1247
65551 1247
65552 1247
65553 1106
65554 1176
65555 1248
65556 1177
65557 1177
65558 1106
65559 1177
65560 1176
65561 1176
65562 1104
65563 239
65564 239
65565 239
65566 239
65567 239
kernel_count 9322
