0 1033
1 1175
2 1246
3 1246
4 1246
5 1247
6 1247
7 1246
8 1246
9 1246
10 1246
11 1246
12 1246
13 1246
14 1246
15 1246
16 1246
17 1246
18 1246
19 1246
20 1246
21 1247
22 1246
23 1029
24 1029
25 1030
26 1247
27 1246
28 1246
29 1247
30 1247
31 1175
65536 1254
65537 1177
65538 1247
65539 1248
65540 1248
65541 1392
65542 1246
65543 1247
65544 1247
65545 1247
65546 1105
65547 1176
65548 1176
65549 1247
65550 1176
65551 1104
65552 1176
65553 1247
65554 1247
65555 1247
65556 1175
65557 1245
65558 1175
65559 1104
65560 1104
65561 1247
65562 1247
65563 1247
65564 1246
65565 1247
65566 1247
65567 1246
131072 1253
131073 1394
131074 1247
131075 1248
131076 1177
131077 1248
131078 1177
131079 1248
131080 1177
131081 1248
131082 1176
131083 1248
131084 957
131085 1248
131086 1248
131087 1322
131088 1247
131089 1176
131090 1176
131091 1175
131092 1175
131093 1030
131094 1175
131095 1247
131096 1105
131097 1176
131098 1176
131099 1247
131100 1175
131101 1030
131102 1247
131103 1247
196608 1254
196609 1247
196610 1247
196611 1247
196612 1247
196613 1247
196614 1248
196615 1323
196616 1248
196617 1177
196618 1177
196619 1105
196620 1246
196621 1106
196622 1176
196623 1248
196624 1393
196625 1248
196626 1030
196627 1176
196628 1106
196629 1322
196630 1106
196631 1177
196632 1247
196633 1247
196634 1248
196635 1177
196636 1105
196637 1322
196638 1103
196639 1103
262144 1109
262145 1105
262146 1177
262147 1177
262148 1251
262149 1177
262150 1104
262151 1247
262152 1177
262153 1248
262154 1248
262155 1247
262156 1248
262157 1248
262158 1177
262159 1247
262160 1177
262161 1248
262162 1248
262163 1248
262164 1106
262165 1248
262166 1177
262167 1104
262168 1248
262169 1248
262170 1248
262171 1248
262172 1322
262173 1247
262174 1246
262175 1247
327680 1473
327681 1465
327682 1177
327683 1249
327684 1178
327685 1249
327686 1249
327687 1249
327688 1323
327689 1323
327690 1251
327691 1323
327692 1181
327693 1248
327694 1248
327695 1465
327696 1176
327697 1176
327698 1176
327699 1247
327700 1176
327701 1251
327702 1248
327703 1393
327704 1247
327705 1176
327706 1106
327707 1175
327708 1246
327709 1247
327710 1105
327711 1250
393216 1329
393217 1248
393218 1248
393219 1248
393220 1248
393221 1106
393222 1248
393223 1248
393224 1177
393225 1248
393226 1248
393227 1177
393228 1035
393229 1247
393230 1106
393231 1106
393232 1106
393233 1177
393234 1247
393235 1247
393236 1247
393237 1029
393238 1029
393239 239
393240 239
393241 239
393242 239
393243 239
393244 239
393245 239
393246 239
393247 239
kernel_count 34245
