0 1110
1 1030
2 1177
3 1176
4 1248
5 1248
6 1248
7 1248
8 1248
9 1248
10 1248
11 1177
12 1248
13 1177
14 1322
15 1176
16 1247
17 1246
18 1247
19 1176
20 1176
21 1176
22 1247
23 1247
24 1246
25 1176
26 1176
27 1176
28 1176
29 1247
30 1247
31 1247
65536 748
65537 1249
65538 1176
65539 1176
65540 1249
65541 1325
65542 1249
65543 1394
65544 1249
65545 1177
65546 1106
65547 1177
65548 1249
65549 1106
65550 1106
65551 1106
65552 1249
65553 1249
65554 1249
65555 1249
65556 1249
65557 1249
65558 1249
65559 1176
65560 1247
65561 1248
65562 1248
65563 1248
65564 1249
65565 1177
65566 1176
65567 1606
131072 1254
131073 1248
131074 959
131075 1247
131076 1248
131077 1177
131078 1106
131079 1248
131080 1247
131081 1248
131082 1177
131083 1325
131084 1248
131085 1248
131086 1248
131087 1248
131088 1252
131089 1177
131090 1252
131091 1248
131092 1247
131093 1248
131094 1177
131095 1396
131096 1247
131097 1246
131098 1175
131099 1247
131100 1247
131101 1247
131102 1246
131103 1247
196608 1254
196609 1177
196610 1177
196611 1248
196612 1248
196613 1246
196614 1246
196615 1248
196616 1251
196617 1248
196618 1248
196619 1322
196620 1322
196621 1176
196622 1176
196623 1176
196624 1175
196625 1247
196626 1247
196627 1247
196628 1247
196629 1247
196630 1247
196631 1247
196632 1176
196633 1176
196634 1176
196635 1174
196636 1176
196637 1246
196638 1030
196639 1247
262144 1253
262145 1177
262146 1177
262147 1106
262148 1181
262149 1030
262150 1248
262151 1248
262152 1248
262153 1177
262154 1248
262155 1248
262156 1247
262157 1248
262158 1248
262159 1248
262160 1248
262161 1248
262162 1248
262163 1248
262164 1248
262165 1248
262166 1248
262167 1323
262168 1394
262169 1248
262170 1106
262171 1248
262172 1248
262173 1324
262174 1469
262175 1247
327680 1253
327681 1249
327682 1177
327683 1325
327684 1249
327685 1249
327686 1249
327687 1249
327688 1106
327689 1249
327690 1249
327691 1177
327692 1249
327693 1249
327694 1248
327695 1249
327696 1248
327697 1248
327698 1249
327699 1249
327700 1249
327701 1249
327702 1248
327703 1248
327704 1248
327705 1604
327706 1247
327707 1246
327708 1246
327709 959
327710 1247
327711 1247
393216 748
393217 1106
393218 1249
393219 1029
393220 1466
393221 1248
393222 1249
393223 1030
393224 1177
393225 1249
393226 1248
393227 1248
393228 1177
393229 1176
393230 1177
393231 1177
393232 1538
393233 1177
393234 1248
393235 1176
393236 1175
393237 1392
393238 1392
393239 1250
393240 1251
393241 1391
393242 1175
393243 1247
393244 1247
393245 1176
393246 1247
393247 1175
458752 1254
458753 1176
458754 1247
458755 1105
458756 1247
458757 1176
458758 1247
458759 1105
458760 1105
458761 1104
458762 1246
458763 1247
458764 1247
458765 1247
458766 1247
458767 1247
458768 1247
458769 1174
458770 1174
458771 1174
458772 1174
458773 1105
458774 1247
458775 1246
458776 1247
458777 1247
458778 1247
458779 1246
458780 1247
458781 1176
458782 1247
458783 1028
524288 1254
524289 1177
524290 1106
524291 1249
524292 1248
524293 1034
524294 1178
524295 1248
524296 1249
524297 1249
524298 1248
524299 1249
524300 1249
524301 1249
524302 1177
524303 1249
524304 1608
524305 1249
524306 1608
524307 1247
524308 1247
524309 1175
524310 1104
524311 1176
524312 1247
524313 1247
524314 1247
524315 1246
524316 1247
524317 1247
524318 1247
524319 1247
589824 1254
589825 1110
589826 1325
589827 1177
589828 1610
589829 1177
589830 1177
589831 1394
589832 1610
589833 1177
589834 1104
589835 1108
589836 1249
589837 1249
589838 1176
589839 1248
589840 1249
589841 1249
589842 1249
589843 1249
589844 1249
589845 1249
589846 1249
589847 1249
589848 1324
589849 1393
589850 1249
589851 1177
589852 1177
589853 1464
589854 1176
589855 1247
655360 1254
655361 1178
655362 1178
655363 1249
655364 1249
655365 1249
655366 1249
655367 1178
655368 1178
655369 1177
655370 1249
655371 1177
655372 1249
655373 1249
655374 1324
655375 1249
655376 1324
655377 1178
655378 1466
655379 1248
655380 1248
655381 239
655382 239
655383 239
655384 239
655385 239
655386 239
655387 239
655388 239
655389 239
655390 239
655391 239
kernel_count 55111
