0 1254
1 1248
2 1177
3 1248
4 1177
5 1248
6 1177
7 1248
8 1248
9 1248
10 1248
11 1323
12 1323
13 1248
14 1248
15 1323
16 1323
17 1248
18 1248
19 1323
20 1323
21 1177
22 1322
23 1320
24 1249
25 1248
26 1177
27 1393
28 1248
29 1321
30 1322
31 1247
65536 1254
65537 1463
65538 1106
65539 1249
65540 1394
65541 1323
65542 1249
65543 1249
65544 1249
65545 1249
65546 1394
65547 1180
65548 1248
65549 1248
65550 959
65551 1248
65552 1248
65553 1248
65554 1177
65555 1177
65556 1248
65557 1106
65558 1106
65559 1248
65560 1248
65561 1180
65562 1246
65563 1247
65564 1246
65565 1247
65566 1246
65567 1247
131072 748
131073 962
131074 891
131075 1247
131076 1246
131077 1247
131078 1247
131079 1175
131080 746
131081 746
131082 746
131083 962
131084 746
131085 1247
131086 1246
131087 1247
131088 1246
131089 1247
131090 1247
131091 1176
131092 959
131093 1104
131094 1176
131095 1175
131096 1105
131097 1247
131098 1176
131099 1033
131100 1247
131101 1175
131102 1247
131103 1247
196608 1180
196609 1105
196610 1106
196611 1034
196612 1246
196613 1248
196614 1247
196615 1248
196616 1248
196617 1248
196618 1248
196619 1177
196620 1248
196621 1248
196622 1029
196623 1248
196624 1106
196625 1106
196626 1177
196627 1393
196628 1247
196629 962
196630 1248
196631 1177
196632 1247
196633 1180
196634 1321
196635 1179
196636 1322
196637 1174
196638 1246
196639 1247
262144 1182
262145 1249
262146 1249
262147 1248
262148 1177
262149 1248
262150 1249
262151 1248
262152 1248
262153 1248
262154 1249
262155 1249
262156 1249
262157 1248
262158 816
262159 1249
262160 1248
262161 1176
262162 1176
262163 1177
262164 1177
262165 1249
262166 1249
262167 1177
262168 1249
262169 1177
262170 1249
262171 1249
262172 1463
262173 1029
262174 1174
262175 1175
327680 1330
327681 1322
327682 1247
327683 1248
327684 1248
327685 1322
327686 1322
327687 1322
327688 1248
327689 1248
327690 1248
327691 1248
327692 1322
327693 1322
327694 1248
327695 1248
327696 1248
327697 1248
327698 1322
327699 1322
327700 1322
327701 1246
327702 1247
327703 1247
327704 1247
327705 1245
327706 1247
327707 1174
327708 1247
327709 1175
327710 1247
327711 1175
393216 1180
393217 1536
393218 1174
393219 1252
393220 1251
393221 1324
393222 1034
393223 1104
393224 1175
393225 1175
393226 1104
393227 1175
393228 1176
393229 1395
393230 1395
393231 1249
393232 1396
393233 1538
393234 1248
393235 670
393236 891
393237 1175
393238 1105
393239 1176
393240 1176
393241 1248
393242 1248
393243 1248
393244 1248
393245 1248
393246 1248
393247 1392
458752 1549
458753 1321
458754 1177
458755 1248
458756 1035
458757 1248
458758 1247
458759 1177
458760 1105
458761 1248
458762 1247
458763 1106
458764 1247
458765 1247
458766 1248
458767 1246
458768 1247
458769 1464
458770 1463
458771 1463
458772 1463
458773 1465
458774 1177
458775 1176
458776 1247
458777 1466
458778 1175
458779 1103
458780 1175
458781 1105
458782 1176
458783 1247
524288 1254
524289 1106
524290 1177
524291 1106
524292 1105
524293 1177
524294 1106
524295 1177
524296 1177
524297 1251
524298 1249
524299 1249
524300 1106
524301 1177
524302 1249
524303 1177
524304 1249
524305 1106
524306 1104
524307 1175
524308 1248
524309 1249
524310 1249
524311 1249
524312 1538
524313 1177
524314 1537
524315 1538
524316 1106
524317 1177
524318 1538
524319 1538
589824 748
589825 896
589826 896
589827 747
589828 896
589829 1035
589830 1247
589831 1248
589832 1248
589833 1247
589834 1247
589835 1106
589836 1248
589837 1248
589838 1248
589839 1248
589840 1248
589841 1177
589842 1247
589843 1177
589844 1106
589845 1247
589846 1392
589847 1319
589848 1248
589849 1319
589850 1247
589851 1175
589852 1104
589853 1033
589854 1174
589855 1031
655360 672
655361 1035
655362 1324
655363 1324
655364 1324
655365 1249
655366 1176
655367 1249
655368 1030
655369 1177
655370 1176
655371 1177
655372 1177
655373 1249
655374 1177
655375 1252
655376 1251
655377 1464
655378 1394
655379 1248
655380 1106
655381 1247
655382 1247
655383 1246
655384 1393
655385 1247
655386 1247
655387 1175
655388 1248
655389 1322
655390 1176
655391 1322
720896 1254
720897 1107
720898 1178
720899 1249
720900 1249
720901 1252
720902 1249
720903 1393
720904 1248
720905 1249
720906 1393
720907 1248
720908 1248
720909 1248
720910 1249
720911 239
720912 239
720913 239
720914 239
720915 239
720916 239
720917 239
720918 239
720919 239
720920 239
720921 239
720922 239
720923 239
720924 239
720925 239
720926 239
720927 239
kernel_count 58830
