0 1252
1 1245
2 1247
3 1247
4 1176
5 1247
6 1104
7 1176
8 1176
9 1247
10 1176
11 1176
12 1176
13 1247
14 1105
15 1105
16 1176
17 1247
18 1175
19 1175
20 1174
21 1175
22 1175
23 1175
24 1104
25 1104
26 1174
27 1175
28 1174
29 1175
30 1175
31 1175
65536 747
65537 1248
65538 1178
65539 1248
65540 1177
65541 1394
65542 1248
65543 1249
65544 1322
65545 1251
65546 1249
65547 1248
65548 1248
65549 1249
65550 1248
65551 1249
65552 1324
65553 1249
65554 1177
65555 1249
65556 1464
65557 1247
65558 1463
65559 1247
65560 1246
65561 1175
65562 1176
65563 1247
65564 1246
65565 1247
65566 1247
65567 1247
131072 1182
131073 1325
131074 1106
131075 1177
131076 1248
131077 1106
131078 1249
131079 1177
131080 1248
131081 1249
131082 1249
131083 1249
131084 1248
131085 1177
131086 1177
131087 1249
131088 1249
131089 1249
131090 1467
131091 1248
131092 1247
131093 1324
131094 1395
131095 1322
131096 1176
131097 1176
131098 1246
131099 1245
131100 1247
131101 1244
131102 1244
131103 1244
196608 894
196609 1177
196610 1248
196611 1252
196612 1246
196613 1247
196614 1248
196615 1248
196616 1321
196617 1322
196618 1321
196619 1321
196620 1321
196621 1322
196622 1321
196623 1322
196624 1177
196625 1248
196626 1248
196627 1248
196628 1393
196629 1393
196630 1393
196631 1393
196632 1248
196633 1248
196634 1177
196635 1248
196636 1393
196637 1248
196638 1394
196639 1322
262144 824
262145 1106
262146 1249
262147 1248
262148 1249
262149 1249
262150 1464
262151 1464
262152 1247
262153 1175
262154 1247
262155 1176
262156 1246
262157 1176
262158 1176
262159 1247
262160 1176
262161 1246
262162 1247
262163 1247
262164 1105
262165 1247
262166 1247
262167 1247
262168 1247
262169 1247
262170 1247
262171 1176
262172 1176
262173 1247
262174 1247
262175 1247
327680 748
327681 747
327682 1248
327683 1177
327684 1177
327685 1176
327686 1247
327687 1248
327688 1248
327689 1248
327690 1177
327691 1322
327692 1248
327693 1105
327694 1177
327695 1247
327696 1106
327697 1248
327698 1248
327699 1248
327700 1106
327701 1246
327702 1248
327703 1248
327704 1248
327705 1247
327706 1247
327707 1248
327708 1248
327709 1321
327710 1247
327711 1175
393216 1110
393217 1248
393218 1248
393219 1248
393220 1249
393221 1248
393222 1466
393223 1466
393224 1248
393225 1247
393226 1178
393227 1249
393228 1177
393229 1248
393230 1176
393231 1249
393232 1249
393233 1249
393234 1248
393235 1106
393236 1106
393237 1177
393238 1608
393239 1247
393240 1247
393241 1247
393242 1247
393243 1246
393244 1105
393245 1247
393246 1247
393247 1247
458752 1330
458753 1251
458754 1106
458755 1248
458756 1247
458757 1250
458758 1177
458759 1251
458760 1247
458761 1247
458762 1247
458763 1104
458764 1247
458765 1247
458766 1247
458767 1175
458768 1246
458769 1175
458770 1246
458771 1246
458772 1246
458773 1247
458774 1176
458775 1247
458776 1105
458777 1176
458778 1247
458779 1247
458780 1247
458781 1246
458782 1247
458783 1247
524288 748
524289 1248
524290 1247
524291 1247
524292 1247
524293 1247
524294 1247
524295 1176
524296 1249
524297 1538
524298 1248
524299 1176
524300 1177
524301 1249
524302 1249
524303 1106
524304 1324
524305 1176
524306 1249
524307 1324
524308 1249
524309 1324
524310 1249
524311 1176
524312 1249
524313 1464
524314 1247
524315 1248
524316 1248
524317 1251
524318 1176
524319 1247
589824 1329
589825 1176
589826 1322
589827 1176
589828 1249
589829 1105
589830 1105
589831 1249
589832 1249
589833 1248
589834 1105
589835 1249
589836 1464
589837 1248
589838 1248
589839 1177
589840 1247
589841 1106
589842 1251
589843 1248
589844 1322
589845 1322
589846 1322
589847 1248
589848 1251
589849 1248
589850 1322
589851 1248
589852 1322
589853 1322
589854 1247
589855 1246
655360 1110
655361 1248
655362 1248
655363 1248
655364 1248
655365 1248
655366 1177
655367 1248
655368 1248
655369 1176
655370 1248
655371 1248
655372 1177
655373 1177
655374 1247
655375 1248
655376 1248
655377 1248
655378 1177
655379 1177
655380 1248
655381 1247
655382 1248
655383 1248
655384 1248
655385 1248
655386 1248
655387 1322
655388 1247
655389 1176
655390 1246
655391 1174
720896 1254
720897 1323
720898 1323
720899 1251
720900 1180
720901 1248
720902 1176
720903 1104
720904 239
720905 239
720906 239
720907 239
720908 239
720909 239
720910 239
720911 239
720912 239
720913 239
720914 239
720915 239
720916 239
720917 239
720918 239
720919 239
720920 239
720921 239
720922 239
720923 239
720924 239
720925 239
720926 239
720927 239
kernel_count 58521
