0 1181
1 1175
2 1247
3 1247
4 1247
5 1247
6 1247
7 1247
8 1247
9 1247
10 1247
11 1247
12 1247
13 1247
14 1247
15 1247
16 1247
17 1247
18 1247
19 1247
20 1176
21 1246
22 1247
23 1247
24 1247
25 1176
26 1247
27 1247
28 1246
29 1247
30 1246
31 1246
65536 1038
65537 1103
65538 1103
65539 1247
65540 1176
65541 1176
65542 1247
65543 1247
65544 1176
65545 1030
65546 1247
65547 1247
65548 1247
65549 1247
65550 1247
65551 1247
65552 1105
65553 1247
65554 1247
65555 1247
65556 1104
65557 1104
65558 1103
65559 1103
65560 1104
65561 1104
65562 1175
65563 1174
65564 1175
65565 1174
65566 1029
65567 1175
131072 1182
131073 1177
131074 1249
131075 1248
131076 1249
131077 1249
131078 1249
131079 1249
131080 1322
131081 1249
131082 1464
131083 1176
131084 1106
131085 1106
131086 1106
131087 1248
131088 1248
131089 1249
131090 1177
131091 1177
131092 1177
131093 1105
131094 1106
131095 1248
131096 1323
131097 1106
131098 1249
131099 1394
131100 1465
131101 1393
131102 1321
131103 1175
196608 1110
196609 1106
196610 1177
196611 1249
196612 1249
196613 1248
196614 1249
196615 1177
196616 1253
196617 1182
196618 1249
196619 1177
196620 1249
196621 1249
196622 1324
196623 1468
196624 1468
196625 1248
196626 1177
196627 1464
196628 1177
196629 1248
196630 1106
196631 1248
196632 1251
196633 1246
196634 1176
196635 1247
196636 1247
196637 1247
196638 1246
196639 1247
262144 1254
262145 1248
262146 1249
262147 1249
262148 1249
262149 1248
262150 1249
262151 1394
262152 1249
262153 1253
262154 1177
262155 892
262156 1249
262157 1248
262158 1249
262159 1177
262160 1249
262161 1609
262162 1249
262163 1248
262164 1247
262165 1249
262166 1104
262167 1465
262168 1464
262169 1177
262170 1252
262171 1177
262172 1177
262173 1396
262174 1177
262175 1396
327680 1254
327681 1248
327682 1248
327683 1249
327684 239
327685 239
327686 239
327687 239
327688 239
327689 239
327690 239
327691 239
327692 239
327693 239
327694 239
327695 239
327696 239
327697 239
327698 239
327699 239
327700 239
327701 239
327702 239
327703 239
327704 239
327705 239
327706 239
327707 239
327708 239
327709 239
327710 239
327711 239
kernel_count 26989
