0 1033
1 1322
2 1322
3 1176
4 1176
5 1247
6 1247
7 1247
8 1246
9 1176
10 1176
11 1176
12 1176
13 1247
14 1247
15 1247
16 1247
17 1247
18 1247
19 1176
20 1105
21 1247
22 1247
23 1247
24 1246
25 1247
26 1247
27 1175
28 1175
29 1246
30 1247
31 1175
65536 893
65537 1106
65538 1177
65539 1177
65540 1177
65541 1177
65542 1247
65543 1247
65544 1248
65545 1248
65546 1248
65547 1105
65548 1247
65549 1248
65550 1248
65551 1106
65552 1106
65553 1106
65554 1248
65555 1250
65556 1106
65557 1391
65558 1176
65559 1105
65560 1247
65561 1247
65562 1247
65563 1176
65564 1247
65565 1246
65566 1105
65567 1245
131072 1254
131073 1248
131074 1248
131075 1248
131076 1248
131077 1248
131078 1248
131079 1248
131080 1248
131081 1248
131082 1248
131083 1248
131084 1247
131085 1106
131086 1248
131087 1248
131088 1247
131089 1177
131090 1248
131091 1177
131092 962
131093 1177
131094 1177
131095 1106
131096 1105
131097 1177
131098 1248
131099 1029
131100 1105
131101 1247
131102 1465
131103 1466
196608 1254
196609 1393
196610 1248
196611 1248
196612 1177
196613 1248
196614 1177
196615 1248
196616 1106
196617 1177
196618 1247
196619 1248
196620 1106
196621 1248
196622 1177
196623 1175
196624 1247
196625 1248
196626 1322
196627 1180
196628 1322
196629 1251
196630 1321
196631 1248
196632 1322
196633 1247
196634 1248
196635 1322
196636 1174
196637 1174
196638 1103
196639 1103
262144 1035
262145 1247
262146 1104
262147 1105
262148 1104
262149 1176
262150 1247
262151 1105
262152 1247
262153 1247
262154 1247
262155 1176
262156 1176
262157 1246
262158 1176
262159 1176
262160 1247
262161 1029
262162 1105
262163 1105
262164 1104
262165 1104
262166 1105
262167 1030
262168 1176
262169 1247
262170 1105
262171 1247
262172 1247
262173 1247
262174 1176
262175 1247
327680 1478
327681 1106
327682 1177
327683 1249
327684 1177
327685 1176
327686 1393
327687 1249
327688 1394
327689 1030
327690 1253
327691 1249
327692 1176
327693 1249
327694 1249
327695 1106
327696 1177
327697 1249
327698 1176
327699 1106
327700 1106
327701 1106
327702 1177
327703 1177
327704 1177
327705 1106
327706 1105
327707 1177
327708 1177
327709 1176
327710 1030
327711 1463
393216 1185
393217 1247
393218 1177
393219 1248
393220 1248
393221 1248
393222 1176
393223 1106
393224 1176
393225 1322
393226 1247
393227 1247
393228 1247
393229 1030
393230 1321
393231 1176
393232 1321
393233 1248
393234 1248
393235 1177
393236 1248
393237 1248
393238 1248
393239 1177
393240 1177
393241 1177
393242 1177
393243 1106
393244 1248
393245 1248
393246 1322
393247 1247
458752 1254
458753 1106
458754 1106
458755 1248
458756 1247
458757 1248
458758 1248
458759 1177
458760 1177
458761 1247
458762 1248
458763 1248
458764 1247
458765 1322
458766 1248
458767 1248
458768 1248
458769 1248
458770 1248
458771 1176
458772 1247
458773 1322
458774 1247
458775 1247
458776 1247
458777 1248
458778 1248
458779 1248
458780 1321
458781 1247
458782 1247
458783 1247
524288 1254
524289 1177
524290 1247
524291 1248
524292 1248
524293 1248
524294 1247
524295 1105
524296 1105
524297 1105
524298 1248
524299 1246
524300 1177
524301 1392
524302 1248
524303 1177
524304 1177
524305 1393
524306 1322
524307 1105
524308 1246
524309 1247
524310 1247
524311 1175
524312 1247
524313 1246
524314 1104
524315 1247
524316 1030
524317 1175
524318 1247
524319 1247
589824 1258
589825 1250
589826 1250
589827 1249
589828 1249
589829 1250
589830 1250
589831 1249
589832 1464
589833 1177
589834 1248
589835 1247
589836 1247
589837 1247
589838 1176
589839 1248
589840 1177
589841 1248
589842 1247
589843 1249
589844 239
589845 239
589846 239
589847 239
589848 239
589849 239
589850 239
589851 239
589852 239
589853 239
589854 239
589855 239
kernel_count 49077
