0 1254
1 1246
2 1246
3 1247
4 1176
5 1247
6 1246
7 1247
8 1247
9 1176
10 1246
11 1246
12 1247
13 1247
14 1247
15 1246
16 1246
17 1247
18 1176
19 1246
20 1246
21 1247
22 1247
23 1247
24 1246
25 1246
26 1247
27 1176
28 1247
29 1246
30 1247
31 1247
65536 1182
65537 1393
65538 1248
65539 1177
65540 1177
65541 1177
65542 1177
65543 1177
65544 1177
65545 1248
65546 1248
65547 1393
65548 1393
65549 1248
65550 962
65551 1246
65552 1247
65553 1252
65554 1177
65555 1177
65556 1247
65557 1177
65558 1248
65559 1177
65560 1248
65561 1177
65562 1321
65563 1392
65564 1247
65565 1322
65566 1320
65567 1390
131072 1110
131073 1106
131074 1248
131075 1393
131076 1177
131077 1106
131078 1106
131079 1248
131080 1248
131081 1393
131082 1106
131083 1247
131084 1177
131085 1177
131086 1248
131087 1177
131088 1106
131089 1248
131090 1248
131091 1106
131092 1177
131093 1247
131094 1322
131095 1248
131096 1176
131097 1247
131098 1248
131099 1248
131100 1248
131101 1392
131102 1246
131103 1246
196608 1182
196609 1248
196610 1177
196611 1177
196612 1247
196613 1248
196614 1247
196615 1247
196616 1248
196617 1106
196618 1248
196619 1176
196620 1248
196621 1247
196622 1247
196623 1248
196624 1176
196625 1030
196626 1247
196627 1248
196628 1177
196629 1248
196630 1106
196631 1106
196632 1248
196633 1394
196634 1468
196635 1394
196636 1177
196637 1396
196638 1175
196639 1247
262144 748
262145 1400
262146 1250
262147 1252
262148 1248
262149 1250
262150 1250
262151 1107
262152 1250
262153 1249
262154 1178
262155 1466
262156 1466
262157 1395
262158 1249
262159 1249
262160 1467
262161 737
262162 239
262163 239
262164 239
262165 239
262166 239
262167 239
262168 239
262169 239
262170 239
262171 239
262172 239
262173 239
262174 239
262175 239
kernel_count 23848
