0 1253
1 1248
2 1247
3 1248
4 1248
5 1106
6 1248
7 1248
8 1248
9 1321
10 1248
11 1248
12 963
13 1177
14 1248
15 1177
16 1106
17 1248
18 1248
19 1248
20 1176
21 1248
22 1176
23 1176
24 1177
25 1177
26 1252
27 1392
28 1247
29 1174
30 1175
31 1175
65536 747
65537 746
65538 746
65539 746
65540 746
65541 1176
65542 1175
65543 1176
65544 1247
65545 1176
65546 1246
65547 1246
65548 1247
65549 1247
65550 1247
65551 1176
65552 1176
65553 1247
65554 1247
65555 1176
65556 1247
65557 1104
65558 1247
65559 1246
65560 1247
65561 1247
65562 1246
65563 1247
65564 1247
65565 1105
65566 1175
65567 1246
131072 747
131073 1177
131074 1323
131075 1177
131076 963
131077 1106
131078 1177
131079 1177
131080 1177
131081 1106
131082 1106
131083 1106
131084 1177
131085 1106
131086 1106
131087 1247
131088 1248
131089 1106
131090 1177
131091 1248
131092 1248
131093 1248
131094 1392
131095 1247
131096 1247
131097 1247
131098 1247
131099 1105
131100 1247
131101 1105
131102 1247
131103 1103
196608 1182
196609 1249
196610 1176
196611 1105
196612 1247
196613 1394
196614 1176
196615 1252
196616 1249
196617 1249
196618 1249
196619 1177
196620 1177
196621 1248
196622 1248
196623 1249
196624 1249
196625 1248
196626 1249
196627 1253
196628 1394
196629 1030
196630 1106
196631 1249
196632 1324
196633 1248
196634 1463
196635 1247
196636 1247
196637 1247
196638 1176
196639 1247
262144 1254
262145 1177
262146 1106
262147 1325
262148 1399
262149 1399
262150 1399
262151 1106
262152 1176
262153 1394
262154 1247
262155 1322
262156 1323
262157 1323
262158 1322
262159 1322
262160 1248
262161 1248
262162 1248
262163 1248
262164 1106
262165 1392
262166 1248
262167 1392
262168 1176
262169 962
262170 1104
262171 1247
262172 1247
262173 1176
262174 1176
262175 1247
327680 1254
327681 1106
327682 1177
327683 1248
327684 1248
327685 1248
327686 1248
327687 1174
327688 1392
327689 1245
327690 1321
327691 1247
327692 1104
327693 1105
327694 1176
327695 1246
327696 1105
327697 1176
327698 1247
327699 1105
327700 1247
327701 1247
327702 1029
327703 1029
327704 1103
327705 1104
327706 1175
327707 1175
327708 1103
327709 1104
327710 1175
327711 1175
393216 746
393217 1250
393218 1107
393219 1250
393220 1250
393221 1610
393222 1610
393223 1253
393224 1468
393225 1178
393226 1178
393227 1248
393228 1397
393229 1248
393230 1397
393231 1248
393232 1248
393233 1248
393234 1176
393235 1176
393236 1176
393237 1176
393238 519
393239 239
393240 239
393241 239
393242 239
393243 239
393244 239
393245 239
393246 239
393247 239
kernel_count 33988
