0 1254
1 1247
2 1248
3 1177
4 1248
5 1177
6 1248
7 1248
8 1248
9 1248
10 1322
11 1248
12 1248
13 1248
14 1322
15 1247
16 1247
17 1176
18 1246
19 1247
20 1176
21 1246
22 1247
23 1105
24 1105
25 1176
26 1247
27 1176
28 1247
29 1247
30 1176
31 1247
65536 672
65537 747
65538 1106
65539 1247
65540 1247
65541 1247
65542 1248
65543 1177
65544 1323
65545 1248
65546 1247
65547 1177
65548 1177
65549 1252
65550 1248
65551 1248
65552 1252
65553 1248
65554 1248
65555 1252
65556 1247
65557 1323
65558 1106
65559 1247
65560 1247
65561 1248
65562 1393
65563 1176
65564 1177
65565 1247
65566 1322
65567 1247
131072 824
131073 747
131074 747
131075 1324
131076 1249
131077 1249
131078 1393
131079 1249
131080 1393
131081 1106
131082 1106
131083 1248
131084 1178
131085 1178
131086 1105
131087 1177
131088 1248
131089 1176
131090 1249
131091 1464
131092 1463
131093 1392
131094 1246
131095 1247
131096 1246
131097 1247
131098 1105
131099 1176
131100 1104
131101 1176
131102 1246
131103 1247
196608 1038
196609 1249
196610 1249
196611 1178
196612 1107
196613 1106
196614 1178
196615 1249
196616 1248
196617 1249
196618 1249
196619 1249
196620 1248
196621 1177
196622 1178
196623 1178
196624 1178
196625 1178
196626 1178
196627 1178
196628 1178
196629 1249
196630 1249
196631 1468
196632 1249
196633 1249
196634 1249
196635 1249
196636 1468
196637 1247
196638 1249
196639 239
kernel_count 20202
