0 1182
1 1249
2 1249
3 1106
4 1323
5 1248
6 1249
7 1249
8 1249
9 1249
10 1106
11 1249
12 1248
13 1249
14 1249
15 1248
16 1249
17 1249
18 1249
19 1248
20 1249
21 1249
22 1249
23 1249
24 1249
25 1464
26 1464
27 1030
28 1030
29 1391
30 1247
31 1103
65536 1254
65537 1249
65538 1249
65539 1178
65540 1178
65541 1178
65542 1178
65543 1324
65544 1324
65545 1176
65546 1249
65547 1249
65548 1249
65549 1249
65550 1249
65551 1106
65552 1249
65553 1249
65554 1249
65555 1175
65556 1249
65557 1252
65558 1324
65559 1249
65560 1249
65561 1249
65562 1249
65563 1249
65564 1177
65565 1463
65566 1249
65567 1463
131072 1186
131073 1106
131074 1248
131075 821
131076 747
131077 1322
131078 1247
131079 1246
131080 1247
131081 1176
131082 1176
131083 1247
131084 1247
131085 1247
131086 1176
131087 1247
131088 1247
131089 1247
131090 1247
131091 1105
131092 1246
131093 1246
131094 1247
131095 1176
131096 1105
131097 1104
131098 1246
131099 1176
131100 1105
131101 1247
131102 1247
131103 1247
196608 1254
196609 1465
196610 1034
196611 1106
196612 1248
196613 1322
196614 1247
196615 1247
196616 1247
196617 1175
196618 1175
196619 1175
196620 1175
196621 1176
196622 1176
196623 1247
196624 1246
196625 1246
196626 1247
196627 1247
196628 1175
196629 1247
196630 1247
196631 1175
196632 1174
196633 1246
196634 1175
196635 1104
196636 1104
196637 1104
196638 1247
196639 1103
262144 1254
262145 1464
262146 1247
262147 1104
262148 1176
262149 1246
262150 1245
262151 1247
262152 1247
262153 1247
262154 1247
262155 1176
262156 1247
262157 1176
262158 1247
262159 1176
262160 1176
262161 1247
262162 1176
262163 1105
262164 1247
262165 1247
262166 1174
262167 1247
262168 1247
262169 1247
262170 1247
262171 1176
262172 1247
262173 1247
262174 1246
262175 1175
327680 748
327681 747
327682 747
327683 747
327684 1177
327685 1249
327686 1249
327687 1177
327688 1321
327689 1248
327690 1249
327691 1104
327692 1104
327693 1249
327694 1249
327695 1249
327696 1176
327697 1249
327698 1249
327699 1324
327700 1249
327701 1176
327702 1177
327703 1249
327704 1249
327705 1249
327706 1106
327707 1249
327708 1249
327709 1464
327710 1247
327711 1247
393216 1622
393217 1035
393218 1030
393219 1394
393220 1248
393221 1176
393222 1248
393223 1177
393224 1175
393225 1176
393226 1249
393227 1248
393228 1106
393229 1249
393230 1177
393231 1249
393232 1540
393233 1252
393234 1104
393235 1324
393236 1176
393237 1397
393238 1249
393239 1176
393240 1464
393241 1176
393242 1105
393243 1248
393244 1468
393245 1248
393246 1105
393247 1464
458752 1110
458753 1247
458754 1321
458755 1392
458756 1249
458757 1249
458758 1249
458759 1031
458760 1248
458761 1107
458762 1249
458763 1393
458764 1247
458765 1248
458766 1177
458767 1177
458768 1031
458769 1248
458770 1248
458771 1177
458772 1177
458773 1246
458774 1173
458775 239
458776 239
458777 239
458778 239
458779 239
458780 239
458781 239
458782 239
458783 239
kernel_count 39554
