0 1034
1 1106
2 1175
3 1247
4 1248
5 1325
6 1325
7 1248
8 1248
9 1247
10 1248
11 1177
12 1325
13 1396
14 1248
15 1247
16 1247
17 1247
18 1248
19 1248
20 1247
21 1247
22 1248
23 1248
24 1247
25 1248
26 958
27 1176
28 1247
29 1248
30 1396
31 1324
65536 1254
65537 1248
65538 1177
65539 1248
65540 1246
65541 1247
65542 1246
65543 1176
65544 1248
65545 1177
65546 1320
65547 1177
65548 1247
65549 1177
65550 1248
65551 1177
65552 1177
65553 1321
65554 1176
65555 1246
65556 1176
65557 1176
65558 1176
65559 1246
65560 1247
65561 1247
65562 1247
65563 1247
65564 1246
65565 1247
65566 1247
65567 1247
131072 1253
131073 1246
131074 1246
131075 1247
131076 1248
131077 1177
131078 1248
131079 1106
131080 1176
131081 1247
131082 1248
131083 1323
131084 1248
131085 1323
131086 1106
131087 1176
131088 1323
131089 1248
131090 1106
131091 1250
131092 1321
131093 1177
131094 1248
131095 1248
131096 1248
131097 1392
131098 1176
131099 1248
131100 1392
131101 1176
131102 1248
131103 1392
196608 1401
196609 1393
196610 1322
196611 1393
196612 1248
196613 1106
196614 1248
196615 1248
196616 1176
196617 1177
196618 1247
196619 1248
196620 1177
196621 1176
196622 1177
196623 1248
196624 1247
196625 1248
196626 1248
196627 1248
196628 1248
196629 1248
196630 1176
196631 1176
196632 1176
196633 1247
196634 1248
196635 1247
196636 1248
196637 1177
196638 1394
196639 1247
262144 1254
262145 1177
262146 1248
262147 1544
262148 1248
262149 1177
262150 1177
262151 1248
262152 1391
262153 1247
262154 1247
262155 1176
262156 1105
262157 1247
262158 1246
262159 1104
262160 1247
262161 1247
262162 1176
262163 1247
262164 1247
262165 1246
262166 1247
262167 1247
262168 1246
262169 1246
262170 1246
262171 1247
262172 1176
262173 1247
262174 1247
262175 1246
327680 1253
327681 1247
327682 1249
327683 239
327684 239
327685 239
327686 239
327687 239
327688 239
327689 239
327690 239
327691 239
327692 239
327693 239
327694 239
327695 239
327696 239
327697 239
327698 239
327699 239
327700 239
327701 239
327702 239
327703 239
327704 239
327705 239
327706 239
327707 239
327708 239
327709 239
327710 239
327711 239
kernel_count 27044
