0 1182
1 1177
2 1177
3 1177
4 1177
5 1177
6 1248
7 1177
8 1248
9 1177
10 1248
11 1248
12 1177
13 1175
14 1248
15 1248
16 1248
17 1321
18 1251
19 1030
20 1247
21 1247
22 1247
23 1247
24 1176
25 1030
26 1247
27 1247
28 1247
29 1247
30 1247
31 1247
65536 1110
65537 1030
65538 1177
65539 1248
65540 1177
65541 1467
65542 891
65543 1249
65544 1177
65545 1467
65546 1249
65547 1106
65548 1106
65549 1249
65550 1324
65551 1181
65552 1323
65553 1324
65554 1249
65555 1106
65556 1249
65557 1249
65558 1248
65559 1249
65560 1177
65561 1609
65562 1248
65563 1609
65564 1609
65565 1247
65566 1247
65567 1247
131072 1254
131073 1247
131074 1247
131075 1247
131076 1247
131077 1247
131078 1247
131079 1176
131080 1176
131081 1176
131082 1247
131083 1247
131084 1175
131085 1176
131086 1247
131087 1247
131088 1176
131089 1175
131090 1175
131091 1176
131092 1247
131093 1247
131094 1176
131095 1176
131096 1176
131097 1175
131098 1176
131099 1176
131100 1246
131101 1247
131102 1247
131103 1247
196608 748
196609 1248
196610 1248
196611 1248
196612 1177
196613 1177
196614 1393
196615 1394
196616 1177
196617 1029
196618 1177
196619 1177
196620 1248
196621 1248
196622 1247
196623 1247
196624 1254
196625 1324
196626 1322
196627 1247
196628 1247
196629 1247
196630 1030
196631 1247
196632 1247
196633 1247
196634 1176
196635 1247
196636 1175
196637 1105
196638 1247
196639 1247
262144 1261
262145 1248
262146 1322
262147 1106
262148 1248
262149 1248
262150 1321
262151 1247
262152 1247
262153 1246
262154 1247
262155 1105
262156 1246
262157 1247
262158 1247
262159 1247
262160 1247
262161 1247
262162 1175
262163 1032
262164 1032
262165 1033
262166 1032
262167 1176
262168 1247
262169 1176
262170 1247
262171 1247
262172 1175
262173 1247
262174 1175
262175 1173
327680 1253
327681 1030
327682 1248
327683 1176
327684 1247
327685 1177
327686 1177
327687 1177
327688 1248
327689 1177
327690 1177
327691 1030
327692 1177
327693 1177
327694 1322
327695 1247
327696 1247
327697 1246
327698 1246
327699 1176
327700 1030
327701 1176
327702 1247
327703 1247
327704 1174
327705 1246
327706 1247
327707 1247
327708 1175
327709 1175
327710 1175
327711 1103
393216 1254
393217 1177
393218 1176
393219 1177
393220 1177
393221 1177
393222 1249
393223 1323
393224 1323
393225 1248
393226 1249
393227 1249
393228 1246
393229 1246
393230 1177
393231 1177
393232 1248
393233 1247
393234 1106
393235 1394
393236 1394
393237 1249
393238 1249
393239 1249
393240 1249
393241 1253
393242 1323
393243 1177
393244 1249
393245 1178
393246 1177
393247 1464
458752 1402
458753 1396
458754 1249
458755 1177
458756 1609
458757 1177
458758 1247
458759 1246
458760 1248
458761 1248
458762 1248
458763 1248
458764 1248
458765 1248
458766 1177
458767 1248
458768 1246
458769 1247
458770 1106
458771 1248
458772 1106
458773 1030
458774 1248
458775 1248
458776 1321
458777 1322
458778 1322
458779 1247
458780 1247
458781 1247
458782 1176
458783 1247
524288 1330
524289 1248
524290 1107
524291 1249
524292 1325
524293 1249
524294 1107
524295 1176
524296 1178
524297 1178
524298 1541
524299 1177
524300 1398
524301 1466
524302 239
524303 239
524304 239
524305 239
524306 239
524307 239
524308 239
524309 239
524310 239
524311 239
524312 239
524313 239
524314 239
524315 239
524316 239
524317 239
524318 239
524319 239
kernel_count 43671
