0 1253
1 1176
2 1176
3 1176
4 1394
5 1467
6 1467
7 1394
8 1467
9 1248
10 1249
11 1248
12 1464
13 1464
14 1247
15 1175
16 1247
17 1176
18 1246
19 1176
20 1176
21 1105
22 1176
23 1176
24 1176
25 1247
26 1247
27 1247
28 1176
29 1176
30 1247
31 1175
65536 1182
65537 747
65538 1249
65539 1249
65540 1249
65541 1177
65542 1176
65543 1177
65544 1249
65545 1178
65546 1248
65547 1249
65548 1249
65549 1106
65550 1249
65551 1249
65552 1106
65553 1541
65554 1249
65555 1249
65556 1249
65557 1249
65558 1463
65559 1106
65560 1105
65561 1321
65562 1248
65563 1392
65564 1030
65565 1176
65566 1176
65567 1247
131072 748
131073 962
131074 1106
131075 1106
131076 1030
131077 1249
131078 1177
131079 1106
131080 1177
131081 1394
131082 1247
131083 1247
131084 1176
131085 1176
131086 1175
131087 1247
131088 1247
131089 1247
131090 1247
131091 1246
131092 1175
131093 1104
131094 1176
131095 1176
131096 1247
131097 1246
131098 1176
131099 1176
131100 1247
131101 1033
131102 1176
131103 1246
196608 1182
196609 746
196610 747
196611 1106
196612 1105
196613 1176
196614 1176
196615 1176
196616 1177
196617 1030
196618 1249
196619 1030
196620 1464
196621 1106
196622 1248
196623 1177
196624 1176
196625 1248
196626 1106
196627 1030
196628 1177
196629 1176
196630 1176
196631 1176
196632 1391
196633 1247
196634 1247
196635 1247
196636 1245
196637 1245
196638 1245
196639 1245
262144 746
262145 1469
262146 1469
262147 1248
262148 1249
262149 1325
262150 1325
262151 1249
262152 1249
262153 1680
262154 1175
262155 1247
262156 1105
262157 1176
262158 1176
262159 1247
262160 1247
262161 1247
262162 1175
262163 1247
262164 1247
262165 1247
262166 1247
262167 1105
262168 1247
262169 1105
262170 1247
262171 1176
262172 1247
262173 1176
262174 1247
262175 1247
327680 1110
327681 1106
327682 1106
327683 1177
327684 1249
327685 1030
327686 1249
327687 1248
327688 1177
327689 1249
327690 1029
327691 1394
327692 1323
327693 1464
327694 1247
327695 1105
327696 1247
327697 1247
327698 1030
327699 1245
327700 1176
327701 1247
327702 1247
327703 1247
327704 1176
327705 1175
327706 1245
327707 1175
327708 1247
327709 1246
327710 1247
327711 1247
393216 1253
393217 1246
393218 1246
393219 1246
393220 1246
393221 1175
393222 1246
393223 1105
393224 1105
393225 1246
393226 1245
393227 1246
393228 1246
393229 1247
393230 1247
393231 1245
393232 1247
393233 1247
393234 1175
393235 1175
393236 1247
393237 1247
393238 1247
393239 1176
393240 1247
393241 1247
393242 1246
393243 1246
393244 1247
393245 1246
393246 1247
393247 1174
458752 748
458753 746
458754 747
458755 746
458756 747
458757 746
458758 747
458759 746
458760 1320
458761 1247
458762 1247
458763 1247
458764 1176
458765 1246
458766 1247
458767 1247
458768 1246
458769 1175
458770 1176
458771 1247
458772 1247
458773 1105
458774 1247
458775 1247
458776 1247
458777 1175
458778 1247
458779 1245
458780 1247
458781 1247
458782 1175
458783 1247
524288 1182
524289 1393
524290 1392
524291 1248
524292 1248
524293 1106
524294 1251
524295 1105
524296 1177
524297 1177
524298 1030
524299 1177
524300 1247
524301 1248
524302 1106
524303 1177
524304 1248
524305 1248
524306 1177
524307 1248
524308 1247
524309 1248
524310 1247
524311 1247
524312 1248
524313 1322
524314 1246
524315 1246
524316 1105
524317 1247
524318 1247
524319 1247
589824 1254
589825 1035
589826 1106
589827 1248
589828 1032
589829 1104
589830 1032
589831 239
589832 239
589833 239
589834 239
589835 239
589836 239
589837 239
589838 239
589839 239
589840 239
589841 239
589842 239
589843 239
589844 239
589845 239
589846 239
589847 239
589848 239
589849 239
589850 239
589851 239
589852 239
589853 239
589854 239
589855 239
kernel_count 46669
