0 1110
1 1248
2 1105
3 1177
4 1247
5 1247
6 1247
7 1177
8 1392
9 1393
10 1248
11 1393
12 1393
13 1248
14 1393
15 1393
16 1393
17 1248
18 1248
19 1393
20 1248
21 1248
22 1393
23 1248
24 1248
25 1248
26 1106
27 1106
28 1248
29 1248
30 1248
31 1250
65536 1254
65537 1395
65538 1393
65539 1246
65540 1394
65541 1248
65542 1247
65543 1248
65544 1106
65545 1248
65546 1250
65547 1250
65548 1247
65549 1176
65550 1392
65551 1105
65552 1247
65553 1247
65554 1247
65555 1105
65556 1247
65557 1247
65558 1247
65559 1247
65560 1175
65561 1246
65562 1174
65563 1104
65564 1247
65565 1246
65566 1103
65567 1103
131072 748
131073 747
131074 1106
131075 1177
131076 1248
131077 1177
131078 1177
131079 1177
131080 1177
131081 1248
131082 1177
131083 1248
131084 1248
131085 1322
131086 1177
131087 1322
131088 1322
131089 1177
131090 1322
131091 1321
131092 1170
131093 1246
131094 1105
131095 1247
131096 1176
131097 1247
131098 1247
131099 1029
131100 1029
131101 1029
131102 1029
131103 1103
196608 1253
196609 1324
196610 1247
196611 1177
196612 1249
196613 1177
196614 1249
196615 1177
196616 1249
196617 1249
196618 1324
196619 1324
196620 1249
196621 1249
196622 1176
196623 1463
196624 1248
196625 1177
196626 1177
196627 1177
196628 1247
196629 1177
196630 1248
196631 1106
196632 1247
196633 1248
196634 1177
196635 1248
196636 1247
196637 1249
196638 1320
196639 1103
262144 748
262145 747
262146 1248
262147 1248
262148 1247
262149 1105
262150 1106
262151 1105
262152 1105
262153 1248
262154 1248
262155 1177
262156 958
262157 1248
262158 1248
262159 1248
262160 1247
262161 1247
262162 1247
262163 1248
262164 1248
262165 1248
262166 1247
262167 1177
262168 1177
262169 1392
262170 1247
262171 1247
262172 1176
262173 1247
262174 1247
262175 1175
327680 1254
327681 1106
327682 1249
327683 1248
327684 1249
327685 1249
327686 1394
327687 1249
327688 1465
327689 1465
327690 1465
327691 1465
327692 1248
327693 1248
327694 1249
327695 1394
327696 1394
327697 1467
327698 1248
327699 1468
327700 1175
327701 1249
327702 1105
327703 1466
327704 1253
327705 1535
327706 1535
327707 1245
327708 1246
327709 1247
327710 1246
327711 1247
393216 1253
393217 1250
393218 1249
393219 1177
393220 1249
393221 1325
393222 1178
393223 1250
393224 1249
393225 1324
393226 1250
393227 1179
393228 1250
393229 1249
393230 1394
393231 1178
393232 1465
393233 1176
393234 1246
393235 1177
393236 1106
393237 1248
393238 1247
393239 1177
393240 1248
393241 1248
393242 1177
393243 1248
393244 1176
393245 1246
393246 239
393247 239
kernel_count 35897
