0 1254
1 1395
2 1176
3 1249
4 1249
5 1106
6 1249
7 1324
8 1106
9 1255
10 1106
11 1249
12 1178
13 1249
14 1249
15 1391
16 1464
17 1106
18 1177
19 1178
20 1248
21 1249
22 1249
23 1392
24 1464
25 1105
26 1176
27 1176
28 1246
29 1246
30 1247
31 1245
65536 1182
65537 1177
65538 1467
65539 1247
65540 1248
65541 1393
65542 1248
65543 1247
65544 1323
65545 1176
65546 1177
65547 1177
65548 1177
65549 1177
65550 1248
65551 1176
65552 1248
65553 1322
65554 1322
65555 1247
65556 1322
65557 1106
65558 1106
65559 1247
65560 1321
65561 1246
65562 1321
65563 1106
65564 1106
65565 1106
65566 1248
65567 1320
131072 747
131073 821
131074 746
131075 1104
131076 885
131077 239
131078 239
131079 239
131080 239
131081 239
131082 239
131083 239
131084 239
131085 239
131086 239
131087 239
131088 239
131089 239
131090 239
131091 239
131092 239
131093 239
131094 239
131095 239
131096 239
131097 239
131098 239
131099 239
131100 239
131101 239
131102 239
131103 239
kernel_count 11551
