0 1254
1 1248
2 1176
3 1030
4 1029
5 1248
6 1176
7 958
8 1176
9 1176
10 1030
11 1175
12 1174
13 1174
14 1174
15 1248
16 1247
17 1248
18 1247
19 1176
20 1176
21 1106
22 1106
23 1248
24 1248
25 1106
26 1248
27 1105
28 1248
29 1105
30 1322
31 1250
65536 1110
65537 1177
65538 1177
65539 1177
65540 1465
65541 1249
65542 1465
65543 1249
65544 1249
65545 1465
65546 1465
65547 1248
65548 1322
65549 1247
65550 1248
65551 1247
65552 1176
65553 1248
65554 1248
65555 1322
65556 1251
65557 1251
65558 1251
65559 1322
65560 1105
65561 1179
65562 1176
65563 1248
65564 1247
65565 1177
65566 1248
65567 1322
131072 1254
131073 1176
131074 1249
131075 1177
131076 1105
131077 1106
131078 1249
131079 1249
131080 1249
131081 1682
131082 1248
131083 1251
131084 1247
131085 1248
131086 1248
131087 1247
131088 1248
131089 1248
131090 1246
131091 1248
131092 1106
131093 1106
131094 1106
131095 1248
131096 1322
131097 1321
131098 1246
131099 1176
131100 1105
131101 1247
131102 1176
131103 1247
196608 1254
196609 1249
196610 1177
196611 1106
196612 1177
196613 1249
196614 1248
196615 1248
196616 1249
196617 1030
196618 1106
196619 1177
196620 1249
196621 1034
196622 1106
196623 1249
196624 1249
196625 1323
196626 1323
196627 1323
196628 1249
196629 1249
196630 1323
196631 1323
196632 1177
196633 1177
196634 1177
196635 1030
196636 1393
196637 1247
196638 1176
196639 1247
262144 1254
262145 1464
262146 1247
262147 1105
262148 1247
262149 1247
262150 1247
262151 1176
262152 1175
262153 1246
262154 1247
262155 1176
262156 1176
262157 1176
262158 1176
262159 1176
262160 1176
262161 1105
262162 1176
262163 1029
262164 1030
262165 1247
262166 1247
262167 1247
262168 1247
262169 1175
262170 1176
262171 1247
262172 1247
262173 1247
262174 1176
262175 1247
327680 1038
327681 1175
327682 1106
327683 1177
327684 1106
327685 1248
327686 1248
327687 1248
327688 1176
327689 1176
327690 1176
327691 1248
327692 1249
327693 1464
327694 1177
327695 1247
327696 1106
327697 1030
327698 1029
327699 1248
327700 1247
327701 1247
327702 1247
327703 1247
327704 1248
327705 1177
327706 1177
327707 1248
327708 1248
327709 1248
327710 1248
327711 1392
393216 1254
393217 1247
393218 1247
393219 1247
393220 1248
393221 1247
393222 1247
393223 1248
393224 1248
393225 1248
393226 1248
393227 1247
393228 1247
393229 1248
393230 1252
393231 1248
393232 1322
393233 1394
393234 1247
393235 1322
393236 1247
393237 1177
393238 1250
393239 1247
393240 1248
393241 1248
393242 1248
393243 1251
393244 1175
393245 1246
393246 1247
393247 1247
458752 1110
458753 1249
458754 1249
458755 1249
458756 1248
458757 1323
458758 1465
458759 1106
458760 1248
458761 1248
458762 1247
458763 1248
458764 1248
458765 1248
458766 1247
458767 1248
458768 1247
458769 1247
458770 1177
458771 1391
458772 1320
458773 1174
458774 1247
458775 1247
458776 1247
458777 1247
458778 1246
458779 1246
458780 1246
458781 1247
458782 1247
458783 1245
524288 1253
524289 1105
524290 1181
524291 1248
524292 1248
524293 1176
524294 1249
524295 1249
524296 1249
524297 1249
524298 1249
524299 1249
524300 1177
524301 1249
524302 1393
524303 1249
524304 1394
524305 1105
524306 1105
524307 1176
524308 1246
524309 1247
524310 1247
524311 1247
524312 1246
524313 1247
524314 1246
524315 1246
524316 1247
524317 1246
524318 1247
524319 1247
589824 1254
589825 1249
589826 1249
589827 1249
589828 1249
589829 1178
589830 1390
589831 1248
589832 1248
589833 1247
589834 1105
589835 1175
589836 1033
589837 239
589838 239
589839 239
589840 239
589841 239
589842 239
589843 239
589844 239
589845 239
589846 239
589847 239
589848 239
589849 239
589850 239
589851 239
589852 239
589853 239
589854 239
589855 239
kernel_count 48636
