0 747
1 1033
2 1247
3 1247
4 1247
5 1247
6 1247
7 1176
8 1247
9 1247
10 1247
11 1247
12 1246
13 1246
14 1246
15 1247
16 1247
17 1247
18 1247
19 1246
20 1175
21 1247
22 1247
23 1247
24 1247
25 1246
26 1246
27 745
28 1246
29 1247
30 1247
31 1247
65536 1110
65537 1392
65538 1247
65539 1247
65540 1247
65541 1245
65542 1175
65543 1175
65544 1105
65545 1247
65546 1176
65547 1176
65548 1176
65549 1247
65550 1176
65551 1176
65552 1176
65553 1176
65554 1176
65555 1247
65556 1176
65557 1176
65558 958
65559 958
65560 958
65561 1029
65562 1247
65563 1247
65564 1246
65565 1176
65566 1176
65567 1247
131072 1182
131073 1176
131074 1176
131075 1176
131076 1248
131077 1177
131078 1175
131079 1248
131080 1247
131081 1247
131082 1248
131083 1177
131084 1105
131085 1177
131086 1177
131087 1105
131088 1177
131089 1177
131090 1248
131091 1176
131092 1248
131093 1248
131094 1248
131095 1248
131096 1177
131097 1248
131098 1030
131099 1323
131100 1321
131101 1246
131102 1247
131103 1175
196608 1109
196609 746
196610 1035
196611 1105
196612 746
196613 1247
196614 1177
196615 1030
196616 1030
196617 1030
196618 1248
196619 1248
196620 1248
196621 1248
196622 1248
196623 1247
196624 1177
196625 1106
196626 1030
196627 1030
196628 1248
196629 1248
196630 1396
196631 1396
196632 1246
196633 1246
196634 1247
196635 1246
196636 1247
196637 1175
196638 1103
196639 1175
262144 1258
262145 1324
262146 1247
262147 1247
262148 1247
262149 1248
262150 1247
262151 1177
262152 1247
262153 1105
262154 1177
262155 1176
262156 1106
262157 1323
262158 1252
262159 1253
262160 1247
262161 1248
262162 1247
262163 1248
262164 1248
262165 1247
262166 1247
262167 1248
262168 1537
262169 1320
262170 1321
262171 1321
262172 1321
262173 1251
262174 1321
262175 1322
327680 1254
327681 1176
327682 1106
327683 1177
327684 1035
327685 1177
327686 887
327687 1248
327688 814
327689 814
327690 1247
327691 1248
327692 1249
327693 1249
327694 1249
327695 1249
327696 1249
327697 1249
327698 1249
327699 1249
327700 1248
327701 1177
327702 1249
327703 1176
327704 1030
327705 1106
327706 1249
327707 1249
327708 1607
327709 1106
327710 1392
327711 1320
393216 1110
393217 1177
393218 1178
393219 1177
393220 1248
393221 1106
393222 1249
393223 1395
393224 1177
393225 1106
393226 1106
393227 1248
393228 1106
393229 1396
393230 1248
393231 1178
393232 1177
393233 1177
393234 1249
393235 1249
393236 1249
393237 1248
393238 1249
393239 1248
393240 1249
393241 1106
393242 1248
393243 1177
393244 1249
393245 1540
393246 1247
393247 1246
458752 1254
458753 1105
458754 1323
458755 1247
458756 1247
458757 1247
458758 1247
458759 1392
458760 1392
458761 1103
458762 1105
458763 1029
458764 1105
458765 1176
458766 1176
458767 1176
458768 1247
458769 1176
458770 1105
458771 1176
458772 1247
458773 1247
458774 1176
458775 1247
458776 1247
458777 1175
458778 1247
458779 1176
458780 1247
458781 1176
458782 1247
458783 1031
524288 1254
524289 1394
524290 1393
524291 961
524292 1175
524293 1248
524294 1177
524295 1248
524296 1175
524297 1248
524298 962
524299 1539
524300 1394
524301 1539
524302 1248
524303 1248
524304 1248
524305 1247
524306 1248
524307 1248
524308 1030
524309 1106
524310 1247
524311 1248
524312 1248
524313 1392
524314 1321
524315 1247
524316 1247
524317 1032
524318 1246
524319 1247
589824 1330
589825 1324
589826 1465
589827 1248
589828 1177
589829 1252
589830 1177
589831 1177
589832 1106
589833 1177
589834 1177
589835 1177
589836 1177
589837 1177
589838 1247
589839 1248
589840 1248
589841 1177
589842 1248
589843 1247
589844 1176
589845 1176
589846 1248
589847 1176
589848 1177
589849 1247
589850 1247
589851 1392
589852 1030
589853 1246
589854 1247
589855 1101
655360 1254
655361 1179
655362 1250
655363 1250
655364 1324
655365 1250
655366 1323
655367 1250
655368 1255
655369 1536
655370 1606
655371 1175
655372 1103
655373 1174
655374 239
655375 239
655376 239
655377 239
655378 239
655379 239
655380 239
655381 239
655382 239
655383 239
655384 239
655385 239
655386 239
655387 239
655388 239
655389 239
655390 239
655391 239
kernel_count 53237
