0 1254
1 1249
2 1249
3 1249
4 1249
5 1249
6 1249
7 1177
8 1249
9 1248
10 1249
11 1463
12 1106
13 1249
14 1248
15 1249
16 1249
17 1249
18 1249
19 1249
20 1249
21 1249
22 1249
23 1249
24 1249
25 1249
26 1248
27 1249
28 1463
29 1105
30 1247
31 1247
65536 748
65537 747
65538 747
65539 747
65540 1106
65541 1106
65542 1247
65543 1323
65544 1394
65545 1106
65546 1247
65547 1247
65548 1323
65549 1247
65550 1248
65551 1248
65552 1175
65553 1248
65554 1248
65555 1248
65556 1177
65557 1177
65558 1248
65559 1247
65560 1106
65561 1393
65562 1393
65563 1248
65564 1106
65565 1322
65566 1247
65567 1247
131072 1038
131073 1248
131074 1177
131075 1248
131076 1248
131077 1248
131078 1176
131079 1248
131080 1106
131081 1177
131082 1248
131083 1248
131084 1248
131085 1247
131086 1177
131087 1106
131088 1177
131089 1177
131090 1248
131091 1248
131092 1248
131093 1248
131094 1247
131095 1247
131096 1177
131097 1177
131098 1177
131099 1176
131100 1176
131101 1176
131102 1320
131103 1028
196608 1033
196609 671
196610 1106
196611 1248
196612 1396
196613 1247
196614 1104
196615 1247
196616 1246
196617 1030
196618 1246
196619 1247
196620 1104
196621 1104
196622 1105
196623 1246
196624 1247
196625 1175
196626 1104
196627 1176
196628 1247
196629 1244
196630 1245
196631 1029
196632 1246
196633 1247
196634 1245
196635 1246
196636 1246
196637 1246
196638 1247
196639 1173
262144 1110
262145 1177
262146 1177
262147 1247
262148 1179
262149 1247
262150 1247
262151 1104
262152 1174
262153 1247
262154 1246
262155 1246
262156 1030
262157 1247
262158 1246
262159 1030
262160 1247
262161 1247
262162 1246
262163 1247
262164 1247
262165 1247
262166 1247
262167 1104
262168 1176
262169 1246
262170 1176
262171 1176
262172 1176
262173 1175
262174 1247
262175 1247
327680 1254
327681 1247
327682 1247
327683 1030
327684 1176
327685 1247
327686 1176
327687 1176
327688 1176
327689 1176
327690 1175
327691 1176
327692 1030
327693 1247
327694 1176
327695 1176
327696 1175
327697 1175
327698 1247
327699 1246
327700 1247
327701 1246
327702 1246
327703 1105
327704 1105
327705 1246
327706 1246
327707 1246
327708 1246
327709 1247
327710 1247
327711 1247
393216 1253
393217 1249
393218 1540
393219 1176
393220 1248
393221 1177
393222 1176
393223 1177
393224 1177
393225 1177
393226 1106
393227 1248
393228 1248
393229 1248
393230 1177
393231 1248
393232 1248
393233 1248
393234 1396
393235 1247
393236 1247
393237 1247
393238 1247
393239 1174
393240 1247
393241 1247
393242 1246
393243 1104
393244 1246
393245 1247
393246 1247
393247 1175
458752 1254
458753 1248
458754 1249
458755 1249
458756 1325
458757 1249
458758 1325
458759 1249
458760 1248
458761 1249
458762 1249
458763 1178
458764 1106
458765 1249
458766 1248
458767 1249
458768 1249
458769 1178
458770 1324
458771 1176
458772 1249
458773 1395
458774 1248
458775 1248
458776 1248
458777 1248
458778 1248
458779 1464
458780 1105
458781 1247
458782 1247
458783 1245
524288 1252
524289 1249
524290 1107
524291 1248
524292 1249
524293 1393
524294 1248
524295 1248
524296 1248
524297 1030
524298 1106
524299 1106
524300 1248
524301 1248
524302 1248
524303 1177
524304 1248
524305 1175
524306 1176
524307 1248
524308 1176
524309 1029
524310 739
524311 239
524312 239
524313 239
524314 239
524315 239
524316 239
524317 239
524318 239
524319 239
kernel_count 44203
