0 962
1 1177
2 1248
3 1248
4 1248
5 1247
6 1248
7 1177
8 1177
9 1248
10 1247
11 1322
12 1248
13 1177
14 1248
15 1177
16 1246
17 1321
18 1321
19 1248
20 1248
21 1180
22 1247
23 1247
24 1247
25 1247
26 1247
27 1247
28 1247
29 1247
30 1247
31 1247
65536 1034
65537 1322
65538 1177
65539 887
65540 1248
65541 1177
65542 1246
65543 1248
65544 1247
65545 1323
65546 1106
65547 1106
65548 1106
65549 1322
65550 1248
65551 1323
65552 1248
65553 1106
65554 1392
65555 1247
65556 1247
65557 1246
65558 1247
65559 1105
65560 1176
65561 1030
65562 1247
65563 1175
65564 1176
65565 1247
65566 1247
65567 1103
131072 1329
131073 1395
131074 1248
131075 1249
131076 1682
131077 1249
131078 1395
131079 1177
131080 1248
131081 1249
131082 1249
131083 1177
131084 1176
131085 1324
131086 1177
131087 1325
131088 1249
131089 1249
131090 1249
131091 1177
131092 1395
131093 1249
131094 1249
131095 1249
131096 1249
131097 1177
131098 1325
131099 1253
131100 1325
131101 1249
131102 1609
131103 1175
196608 1401
196609 1177
196610 1247
196611 1030
196612 1030
196613 1176
196614 1248
196615 1247
196616 1247
196617 1247
196618 1030
196619 1106
196620 1181
196621 1248
196622 1248
196623 1323
196624 1247
196625 1176
196626 1105
196627 1176
196628 1105
196629 1247
196630 1246
196631 1247
196632 1246
196633 1247
196634 1176
196635 1176
196636 1247
196637 1247
196638 1247
196639 1247
262144 1182
262145 1106
262146 1248
262147 1248
262148 1247
262149 959
262150 1177
262151 1248
262152 1177
262153 1176
262154 1177
262155 1177
262156 1248
262157 1177
262158 1177
262159 1248
262160 1248
262161 1248
262162 1248
262163 1248
262164 1248
262165 1248
262166 1248
262167 1030
262168 1105
262169 1248
262170 1248
262171 1177
262172 1106
262173 1177
262174 1322
262175 1247
327680 748
327681 1178
327682 1249
327683 1249
327684 1249
327685 1178
327686 1249
327687 1106
327688 1107
327689 1324
327690 1106
327691 1324
327692 1249
327693 1324
327694 1249
327695 1324
327696 1249
327697 1249
327698 1249
327699 1393
327700 1393
327701 1393
327702 1106
327703 1248
327704 1106
327705 1248
327706 1249
327707 239
327708 239
327709 239
327710 239
327711 239
kernel_count 30084
