0 1182
1 1176
2 1175
3 1174
4 1105
5 1176
6 1247
7 1247
8 1247
9 1175
10 1032
11 1247
12 1247
13 1175
14 1247
15 1247
16 1174
17 1247
18 1247
19 1247
20 1105
21 1176
22 1176
23 1175
24 1174
25 1105
26 1176
27 1247
28 1247
29 1247
30 1174
31 1030
65536 966
65537 1248
65538 1248
65539 1248
65540 1106
65541 1248
65542 1322
65543 1247
65544 1175
65545 1247
65546 1175
65547 1175
65548 1175
65549 1175
65550 1029
65551 1029
65552 1245
65553 1247
65554 1247
65555 1247
65556 1247
65557 1247
65558 1176
65559 1030
65560 1247
65561 1247
65562 1247
65563 1176
65564 1246
65565 1247
65566 1030
65567 1247
131072 1254
131073 1177
131074 1249
131075 1178
131076 1249
131077 1177
131078 1249
131079 1249
131080 1249
131081 1249
131082 1249
131083 1324
131084 1324
131085 1249
131086 1177
131087 1249
131088 1249
131089 1177
131090 1248
131091 1249
131092 1249
131093 1249
131094 1249
131095 1248
131096 1249
131097 1249
131098 1177
131099 1249
131100 1248
131101 1464
131102 1249
131103 1464
196608 1110
196609 1176
196610 1177
196611 1106
196612 1322
196613 1247
196614 886
196615 1175
196616 1175
196617 1175
196618 1247
196619 1247
196620 1247
196621 1247
196622 1030
196623 1246
196624 1247
196625 1247
196626 1247
196627 1246
196628 1105
196629 1105
196630 1247
196631 1247
196632 1247
196633 1245
196634 1247
196635 1029
196636 1173
196637 1245
196638 1174
196639 1245
262144 1254
262145 1249
262146 1248
262147 1249
262148 1247
262149 1249
262150 1248
262151 1249
262152 1249
262153 1177
262154 1248
262155 1106
262156 1178
262157 1106
262158 1249
262159 1106
262160 1178
262161 1106
262162 1465
262163 1464
262164 1247
262165 1246
262166 1246
262167 1177
262168 1176
262169 1248
262170 1322
262171 1247
262172 1175
262173 1175
262174 1175
262175 1247
327680 1182
327681 1033
327682 1030
327683 1105
327684 1105
327685 1175
327686 1176
327687 1247
327688 1247
327689 1246
327690 1176
327691 1176
327692 1247
327693 1176
327694 1176
327695 1105
327696 1247
327697 1247
327698 1247
327699 1176
327700 1105
327701 1247
327702 1247
327703 1247
327704 1247
327705 1247
327706 1247
327707 1247
327708 1247
327709 1175
327710 1175
327711 1175
393216 1254
393217 1176
393218 1028
393219 1248
393220 1323
393221 1248
393222 816
393223 1035
393224 1177
393225 1177
393226 1248
393227 1248
393228 1393
393229 1248
393230 1247
393231 1248
393232 1248
393233 1248
393234 1248
393235 1177
393236 1177
393237 1248
393238 1247
393239 1180
393240 1247
393241 1247
393242 1246
393243 1247
393244 1247
393245 1105
393246 1247
393247 1247
458752 1254
458753 1035
458754 1106
458755 1177
458756 1177
458757 1106
458758 1249
458759 1249
458760 1248
458761 1249
458762 1249
458763 1249
458764 1324
458765 1248
458766 1249
458767 1248
458768 1249
458769 1248
458770 1249
458771 1249
458772 1106
458773 1106
458774 1106
458775 1106
458776 1106
458777 1249
458778 1249
458779 1106
458780 1177
458781 1248
458782 1247
458783 1463
524288 1253
524289 1246
524290 1246
524291 1247
524292 1177
524293 1030
524294 1106
524295 1177
524296 1322
524297 1248
524298 1248
524299 1248
524300 1322
524301 1322
524302 1248
524303 1322
524304 1321
524305 1248
524306 1248
524307 1106
524308 1248
524309 1322
524310 1106
524311 1248
524312 1177
524313 1248
524314 1248
524315 1177
524316 1176
524317 1250
524318 1104
524319 1175
589824 1333
589825 1248
589826 1176
589827 1176
589828 1248
589829 1248
589830 239
589831 239
589832 239
589833 239
589834 239
589835 239
589836 239
589837 239
589838 239
589839 239
589840 239
589841 239
589842 239
589843 239
589844 239
589845 239
589846 239
589847 239
589848 239
589849 239
589850 239
589851 239
589852 239
589853 239
589854 239
589855 239
kernel_count 47015
