0 1253
1 1248
2 1247
3 1248
4 1247
5 1247
6 1248
7 1176
8 1248
9 1248
10 1248
11 1177
12 1247
13 1248
14 1248
15 1177
16 1177
17 1248
18 1248
19 1177
20 1248
21 1177
22 1248
23 1106
24 1247
25 1248
26 1248
27 1392
28 1175
29 1176
30 1247
31 1247
65536 893
65537 1177
65538 1105
65539 1175
65540 1030
65541 1176
65542 1393
65543 1177
65544 1323
65545 1105
65546 1392
65547 1176
65548 1322
65549 887
65550 1106
65551 1393
65552 1248
65553 1323
65554 1106
65555 959
65556 1248
65557 1247
65558 1248
65559 1322
65560 1248
65561 1247
65562 1250
65563 1247
65564 1247
65565 1247
65566 1247
65567 1175
131072 1182
131073 1105
131074 1176
131075 1105
131076 1247
131077 1247
131078 1247
131079 1176
131080 1247
131081 1246
131082 1247
131083 1175
131084 1105
131085 1247
131086 1247
131087 1247
131088 1247
131089 1247
131090 1246
131091 1247
131092 1247
131093 1247
131094 1105
131095 1247
131096 1030
131097 1030
131098 1175
131099 1105
131100 1247
131101 1104
131102 1175
131103 1175
196608 1181
196609 1248
196610 1030
196611 1106
196612 1248
196613 1177
196614 1247
196615 1248
196616 1248
196617 1248
196618 1248
196619 1177
196620 959
196621 1177
196622 1248
196623 1248
196624 1391
196625 1392
196626 1176
196627 1176
196628 1246
196629 1176
196630 1246
196631 1176
196632 1176
196633 1246
196634 1246
196635 1246
196636 1245
196637 1245
196638 1174
196639 1245
262144 746
262145 1248
262146 1247
262147 1247
262148 1248
262149 1248
262150 1248
262151 1248
262152 1248
262153 1247
262154 1248
262155 1248
262156 1030
262157 1030
262158 1030
262159 1030
262160 1176
262161 1175
262162 1246
262163 1248
262164 1106
262165 1248
262166 1326
262167 1248
262168 1176
262169 1246
262170 1392
262171 1247
262172 1176
262173 1105
262174 1247
262175 1245
327680 1254
327681 1247
327682 1247
327683 1247
327684 1247
327685 1247
327686 1176
327687 1247
327688 1247
327689 1247
327690 1247
327691 1247
327692 1247
327693 1247
327694 1247
327695 1247
327696 1247
327697 1247
327698 1247
327699 1247
327700 1247
327701 1247
327702 1175
327703 1246
327704 1246
327705 1247
327706 1247
327707 1176
327708 1174
327709 1246
327710 1246
327711 1101
393216 746
393217 1033
393218 1175
393219 1175
393220 1251
393221 1251
393222 1252
393223 1393
393224 1176
393225 1394
393226 1247
393227 1464
393228 1105
393229 1467
393230 1105
393231 1176
393232 1248
393233 1248
393234 1248
393235 1248
393236 1248
393237 1177
393238 1248
393239 1543
393240 1247
393241 1246
393242 1105
393243 1246
393244 1247
393245 1247
393246 1247
393247 1247
458752 818
458753 1030
458754 1248
458755 1247
458756 1177
458757 1177
458758 1177
458759 1247
458760 1247
458761 1323
458762 1173
458763 1176
458764 1177
458765 1248
458766 1469
458767 1246
458768 1106
458769 1248
458770 1248
458771 1106
458772 1248
458773 1248
458774 1322
458775 1247
458776 1175
458777 1175
458778 1174
458779 1174
458780 1174
458781 1175
458782 1103
458783 1103
524288 1472
524289 1247
524290 1247
524291 1248
524292 1247
524293 1248
524294 1247
524295 1174
524296 1392
524297 1105
524298 1105
524299 1105
524300 1177
524301 1248
524302 1248
524303 1248
524304 1248
524305 1248
524306 1248
524307 1248
524308 1248
524309 1248
524310 1177
524311 1392
524312 1251
524313 1176
524314 1248
524315 1247
524316 1248
524317 1322
524318 1247
524319 1245
589824 1253
589825 1248
589826 1249
589827 1394
589828 1394
589829 1249
589830 1106
589831 1249
589832 1106
589833 1177
589834 1249
589835 1252
589836 1177
589837 1177
589838 1252
589839 1177
589840 1252
589841 1177
589842 1393
589843 1393
589844 1249
589845 1463
589846 1463
589847 1105
589848 1176
589849 1105
589850 1173
589851 1246
589852 1247
589853 1247
589854 1105
589855 1247
655360 1254
655361 1249
655362 1465
655363 1250
655364 1250
655365 1250
655366 1249
655367 1394
655368 1035
655369 1466
655370 1107
655371 1250
655372 1178
655373 1395
655374 1250
655375 1250
655376 1249
655377 1249
655378 1178
655379 1250
655380 1248
655381 1177
655382 1107
655383 1250
655384 1467
655385 1394
655386 239
655387 239
655388 239
655389 239
655390 239
655391 239
kernel_count 55283
