0 1254
1 1249
2 1249
3 1249
4 1394
5 1248
6 1248
7 1248
8 1248
9 1248
10 1248
11 1247
12 1248
13 1248
14 1248
15 1106
16 1248
17 1177
18 1248
19 1392
20 1392
21 1030
22 1247
23 1176
24 1176
25 1247
26 1247
27 1247
28 1176
29 1247
30 1174
31 1174
65536 1182
65537 1106
65538 1248
65539 1106
65540 1248
65541 1248
65542 1248
65543 1248
65544 1324
65545 1394
65546 1248
65547 1247
65548 1324
65549 1177
65550 1397
65551 1323
65552 1395
65553 1393
65554 1177
65555 1466
65556 1105
65557 1247
65558 1247
65559 1247
65560 1176
65561 1247
65562 1176
65563 1176
65564 1105
65565 1175
65566 1247
65567 1247
131072 1182
131073 1106
131074 1106
131075 1177
131076 1248
131077 1248
131078 1322
131079 1322
131080 1177
131081 1322
131082 1322
131083 1248
131084 1248
131085 1248
131086 1248
131087 1247
131088 1247
131089 1248
131090 1321
131091 1322
131092 1248
131093 1247
131094 1176
131095 1247
131096 1248
131097 1322
131098 1248
131099 1322
131100 1321
131101 1322
131102 1322
131103 1321
196608 1110
196609 1248
196610 1181
196611 822
196612 822
196613 821
196614 747
196615 1248
196616 1177
196617 1248
196618 1177
196619 1177
196620 1248
196621 1106
196622 1106
196623 1177
196624 1540
196625 1247
196626 1250
196627 1322
196628 1180
196629 1248
196630 1247
196631 1177
196632 1247
196633 1247
196634 1248
196635 1247
196636 1177
196637 1248
196638 1248
196639 1320
262144 1330
262145 1252
262146 1252
262147 1177
262148 1106
262149 1177
262150 1248
262151 1248
262152 1393
262153 1248
262154 1248
262155 1248
262156 1248
262157 1393
262158 958
262159 1248
262160 1248
262161 1248
262162 1248
262163 1248
262164 1106
262165 1176
262166 1176
262167 1176
262168 1176
262169 1247
262170 1393
262171 1323
262172 1248
262173 1391
262174 1105
262175 1247
327680 1254
327681 1178
327682 1249
327683 1106
327684 1249
327685 1106
327686 1395
327687 1248
327688 1325
327689 1177
327690 1395
327691 1249
327692 1325
327693 1177
327694 1325
327695 1395
327696 1248
327697 1611
327698 1610
327699 1176
327700 1177
327701 1323
327702 1106
327703 1248
327704 1177
327705 1176
327706 1248
327707 1104
327708 1176
327709 1176
327710 1248
327711 1248
393216 824
393217 1248
393218 1248
393219 1395
393220 1033
393221 1104
393222 1248
393223 1247
393224 1248
393225 1248
393226 1325
393227 1246
393228 1396
393229 1246
393230 1247
393231 1395
393232 1395
393233 962
393234 1248
393235 1177
393236 1106
393237 1321
393238 1248
393239 1248
393240 1247
393241 1178
393242 1028
393243 1180
393244 1176
393245 1246
393246 1321
393247 1174
458752 1182
458753 1253
458754 1248
458755 1758
458756 1324
458757 1249
458758 1399
458759 1249
458760 1249
458761 1249
458762 1249
458763 1249
458764 1247
458765 1394
458766 1324
458767 1466
458768 1541
458769 1176
458770 1392
458771 1248
458772 1177
458773 1321
458774 1247
458775 1247
458776 1250
458777 1179
458778 1034
458779 1033
458780 1321
458781 1033
458782 1104
458783 1247
524288 1181
524289 1253
524290 1105
524291 1106
524292 1324
524293 1325
524294 1249
524295 1324
524296 1249
524297 1249
524298 1178
524299 1175
524300 1249
524301 1177
524302 1325
524303 1177
524304 1176
524305 1106
524306 1106
524307 1106
524308 1248
524309 1177
524310 1248
524311 1176
524312 1464
524313 1463
524314 1248
524315 1247
524316 1248
524317 1465
524318 1392
524319 1247
589824 1254
589825 1178
589826 1393
589827 1105
589828 1105
589829 1247
589830 1030
589831 1247
589832 1105
589833 1247
589834 1247
589835 1247
589836 1105
589837 1176
589838 1176
589839 1247
589840 1247
589841 1176
589842 1247
589843 1247
589844 1247
589845 1247
589846 1247
589847 1246
589848 1247
589849 1247
589850 1247
589851 1247
589852 1175
589853 1102
589854 1247
589855 1175
655360 1180
655361 1177
655362 1249
655363 1249
655364 1249
655365 1249
655366 1323
655367 1248
655368 1248
655369 1248
655370 1248
655371 1105
655372 239
655373 239
655374 239
655375 239
655376 239
655377 239
655378 239
655379 239
655380 239
655381 239
655382 239
655383 239
655384 239
655385 239
655386 239
655387 239
655388 239
655389 239
655390 239
655391 239
kernel_count 54208
