0 1034
1 1249
2 1395
3 1249
4 1395
5 1323
6 1395
7 1247
8 1248
9 1248
10 1323
11 1322
12 1252
13 1177
14 1248
15 1392
16 1392
17 1177
18 1248
19 1248
20 1247
21 1247
22 1248
23 1106
24 1248
25 1248
26 1248
27 1248
28 1248
29 1248
30 1391
31 1175
65536 824
65537 747
65538 821
65539 1247
65540 1247
65541 1105
65542 1247
65543 1246
65544 1245
65545 1247
65546 1247
65547 1247
65548 1247
65549 1247
65550 1246
65551 1175
65552 1247
65553 1247
65554 1176
65555 1105
65556 1175
65557 1175
65558 1247
65559 1247
65560 1176
65561 1105
65562 1176
65563 1247
65564 1029
65565 1103
65566 1103
65567 1028
131072 1400
131073 1176
131074 1248
131075 1322
131076 1322
131077 1177
131078 1177
131079 1248
131080 1248
131081 1247
131082 1247
131083 1176
131084 1247
131085 1248
131086 1248
131087 1177
131088 1106
131089 1248
131090 1177
131091 1248
131092 1177
131093 1248
131094 1248
131095 1177
131096 1322
131097 1175
131098 1104
131099 1247
131100 1246
131101 1245
131102 1105
131103 1246
196608 1254
196609 1248
196610 1248
196611 1249
196612 1249
196613 1248
196614 891
196615 1178
196616 1247
196617 1106
196618 1248
196619 1106
196620 1177
196621 1177
196622 1177
196623 1177
196624 1394
196625 1394
196626 1249
196627 1249
196628 1249
196629 1249
196630 1249
196631 1249
196632 1249
196633 1249
196634 1249
196635 1176
196636 1322
196637 1323
196638 1252
196639 1464
262144 1258
262145 1176
262146 1321
262147 1247
262148 1248
262149 1248
262150 1322
262151 1247
262152 1176
262153 1105
262154 1176
262155 1244
262156 1247
262157 1247
262158 1105
262159 1176
262160 1247
262161 1246
262162 1176
262163 1105
262164 1105
262165 1105
262166 1247
262167 1247
262168 1101
262169 1102
262170 1102
262171 1103
262172 1101
262173 1102
262174 1102
262175 1103
327680 747
327681 746
327682 746
327683 747
327684 747
327685 746
327686 746
327687 747
327688 747
327689 746
327690 746
327691 747
327692 747
327693 1106
327694 1177
327695 1181
327696 1249
327697 1324
327698 1177
327699 1177
327700 1248
327701 1249
327702 1177
327703 1249
327704 1608
327705 1247
327706 1247
327707 1175
327708 1247
327709 1247
327710 1176
327711 1246
393216 1254
393217 1249
393218 1176
393219 1177
393220 1677
393221 1249
393222 1249
393223 1249
393224 1177
393225 1177
393226 1106
393227 1106
393228 1324
393229 1106
393230 1249
393231 1324
393232 1177
393233 1249
393234 1106
393235 1464
393236 1464
393237 1249
393238 1464
393239 1105
393240 1177
393241 1176
393242 1393
393243 1463
393244 1176
393245 1176
393246 1176
393247 1247
458752 1254
458753 1249
458754 1246
458755 1247
458756 1247
458757 1248
458758 1610
458759 1106
458760 1177
458761 958
458762 1177
458763 1249
458764 1249
458765 1106
458766 1181
458767 1176
458768 1177
458769 1321
458770 1249
458771 1176
458772 1106
458773 1248
458774 1249
458775 1248
458776 1249
458777 1175
458778 1462
458779 1104
458780 1176
458781 1249
458782 1175
458783 1462
524288 747
524289 745
524290 747
524291 745
524292 820
524293 961
524294 961
524295 1177
524296 1106
524297 1034
524298 1106
524299 1250
524300 1321
524301 1103
524302 1033
524303 1104
524304 1103
524305 1247
524306 1246
524307 1103
524308 1103
524309 1247
524310 1176
524311 1176
524312 1176
524313 1247
524314 1247
524315 1247
524316 1247
524317 1247
524318 1103
524319 1103
589824 1254
589825 1177
589826 1249
589827 1106
589828 1177
589829 1176
589830 1177
589831 1249
589832 1177
589833 1177
589834 1176
589835 1463
589836 1249
589837 1177
589838 1249
589839 1034
589840 1105
589841 1105
589842 1034
589843 1105
589844 1176
589845 1106
589846 1249
589847 1177
589848 1177
589849 1106
589850 1392
589851 1249
589852 1249
589853 1249
589854 1464
589855 1247
655360 1254
655361 1177
655362 1249
655363 1248
655364 1325
655365 1176
655366 1247
655367 1249
655368 1106
655369 1249
655370 958
655371 1106
655372 1106
655373 1537
655374 1247
655375 958
655376 1034
655377 1034
655378 1177
655379 1248
655380 1248
655381 1248
655382 1248
655383 1248
655384 1248
655385 1177
655386 1030
655387 1106
655388 1177
655389 1322
655390 1247
655391 1028
720896 1108
720897 1176
720898 1177
720899 1247
720900 1248
720901 1247
720902 1248
720903 1248
720904 1177
720905 1246
720906 1176
720907 1175
720908 1248
720909 1106
720910 1322
720911 1321
720912 1247
720913 1248
720914 1322
720915 1322
720916 1248
720917 1248
720918 1248
720919 1322
720920 1176
720921 1177
720922 1248
720923 1246
720924 1320
720925 1175
720926 1247
720927 1246
786432 1182
786433 1175
786434 1176
786435 239
786436 239
786437 239
786438 239
786439 239
786440 239
786441 239
786442 239
786443 239
786444 239
786445 239
786446 239
786447 239
786448 239
786449 239
786450 239
786451 239
786452 239
786453 239
786454 239
786455 239
786456 239
786457 239
786458 239
786459 239
786460 239
786461 239
786462 239
786463 239
kernel_count 60879
