0 1110
1 1248
2 1106
3 1030
4 1106
5 1248
6 1394
7 1393
8 1176
9 1248
10 1396
11 1246
12 1247
13 1247
14 1246
15 1246
16 1247
17 1247
18 1247
19 1245
20 1243
21 1245
22 1243
23 1246
24 1105
25 1176
26 1105
27 1247
28 1104
29 1104
30 1175
31 1103
65536 1181
65537 1610
65538 1248
65539 1177
65540 1176
65541 1393
65542 1176
65543 1393
65544 1106
65545 1248
65546 1177
65547 1248
65548 1105
65549 1177
65550 1248
65551 1248
65552 1176
65553 1247
65554 1176
65555 1176
65556 1248
65557 1247
65558 1176
65559 1247
65560 1247
65561 1030
65562 1248
65563 1322
65564 1177
65565 1321
65566 1106
65567 1321
131072 824
131073 822
131074 747
131075 822
131076 1181
131077 1029
131078 1247
131079 1247
131080 1177
131081 1252
131082 1248
131083 1248
131084 1248
131085 1248
131086 1248
131087 1247
131088 1248
131089 1106
131090 1247
131091 1248
131092 1177
131093 1181
131094 1392
131095 1104
131096 1030
131097 1247
131098 1247
131099 1246
131100 1246
131101 1176
131102 1247
131103 1245
196608 1254
196609 1106
196610 1248
196611 1177
196612 1248
196613 1248
196614 1248
196615 1248
196616 1248
196617 1248
196618 1248
196619 1175
196620 1248
196621 1177
196622 1322
196623 1247
196624 1175
196625 1246
196626 1247
196627 1247
196628 1247
196629 1105
196630 1176
196631 1247
196632 1246
196633 1247
196634 1246
196635 1247
196636 1246
196637 1176
196638 1247
196639 1247
262144 748
262145 747
262146 747
262147 747
262148 747
262149 747
262150 747
262151 747
262152 963
262153 1248
262154 1322
262155 1247
262156 1176
262157 1246
262158 1246
262159 1246
262160 1246
262161 1246
262162 1246
262163 1175
262164 1176
262165 1175
262166 1176
262167 1176
262168 1247
262169 1247
262170 1247
262171 1176
262172 1247
262173 1104
262174 1104
262175 1175
327680 1254
327681 1176
327682 1248
327683 1248
327684 1177
327685 1248
327686 1248
327687 1177
327688 1029
327689 1030
327690 1105
327691 1248
327692 1106
327693 1106
327694 1106
327695 1248
327696 1248
327697 1246
327698 1248
327699 1247
327700 1248
327701 1247
327702 1247
327703 1393
327704 1393
327705 1248
327706 1248
327707 1322
327708 1247
327709 1176
327710 1246
327711 1246
393216 1254
393217 1034
393218 1177
393219 1249
393220 1249
393221 1249
393222 1182
393223 1325
393224 1394
393225 1322
393226 1249
393227 1249
393228 1463
393229 1249
393230 1249
393231 1248
393232 1177
393233 1248
393234 1177
393235 1248
393236 1465
393237 1247
393238 1247
393239 1248
393240 1324
393241 1249
393242 1177
393243 1248
393244 1248
393245 1249
393246 1606
393247 1247
458752 1110
458753 1248
458754 1247
458755 1248
458756 1248
458757 1248
458758 1176
458759 1247
458760 1248
458761 1176
458762 1106
458763 1177
458764 1177
458765 1106
458766 1248
458767 1176
458768 1033
458769 890
458770 961
458771 890
458772 1177
458773 1177
458774 1176
458775 1176
458776 1177
458777 1248
458778 1177
458779 1248
458780 1248
458781 1323
458782 1179
458783 1247
524288 1110
524289 1105
524290 1176
524291 1398
524292 1176
524293 1176
524294 1249
524295 1106
524296 1247
524297 1248
524298 1248
524299 1465
524300 1394
524301 1394
524302 1394
524303 1396
524304 1246
524305 1247
524306 1246
524307 1247
524308 1176
524309 1246
524310 1246
524311 1176
524312 1247
524313 1247
524314 1247
524315 1105
524316 1247
524317 1247
524318 1244
524319 1173
589824 1182
589825 1247
589826 1247
589827 1246
589828 1176
589829 1030
589830 1030
589831 1247
589832 1247
589833 1176
589834 1176
589835 1176
589836 1175
589837 1247
589838 1105
589839 1105
589840 1247
589841 1247
589842 1247
589843 1247
589844 1246
589845 1176
589846 1246
589847 1247
589848 1247
589849 1246
589850 1176
589851 1246
589852 1247
589853 1247
589854 1245
589855 1028
655360 1110
655361 1248
655362 1177
655363 1176
655364 1104
655365 1030
655366 239
655367 239
655368 239
655369 239
655370 239
655371 239
655372 239
655373 239
655374 239
655375 239
655376 239
655377 239
655378 239
655379 239
655380 239
655381 239
655382 239
655383 239
655384 239
655385 239
655386 239
655387 239
655388 239
655389 239
655390 239
655391 239
kernel_count 51664
