0 1329
1 1248
2 1393
3 1248
4 1393
5 1321
6 1247
7 1393
8 1248
9 1247
10 1177
11 1177
12 1248
13 1248
14 1106
15 1248
16 1177
17 1248
18 1248
19 1248
20 1177
21 1177
22 1177
23 1176
24 1177
25 1251
26 1251
27 1180
28 1247
29 1247
30 1246
31 1174
65536 747
65537 1105
65538 1105
65539 1251
65540 1247
65541 1248
65542 1248
65543 1248
65544 1177
65545 1322
65546 1106
65547 1106
65548 1105
65549 1179
65550 1180
65551 1177
65552 1322
65553 1105
65554 1247
65555 1247
65556 1247
65557 1247
65558 1247
65559 1247
65560 1176
65561 1105
65562 1247
65563 1176
65564 1247
65565 1175
65566 1175
65567 1103
131072 748
131073 747
131074 747
131075 747
131076 1106
131077 1248
131078 1248
131079 1177
131080 1248
131081 1248
131082 1321
131083 1106
131084 1247
131085 1247
131086 1177
131087 1323
131088 1106
131089 1248
131090 1248
131091 1177
131092 1248
131093 1248
131094 1252
131095 1252
131096 1176
131097 1105
131098 1392
131099 1176
131100 1247
131101 1247
131102 1247
131103 1247
196608 1254
196609 1177
196610 1394
196611 1248
196612 1249
196613 1176
196614 1249
196615 1249
196616 1247
196617 1249
196618 1248
196619 1177
196620 1248
196621 1464
196622 1177
196623 1249
196624 1249
196625 1249
196626 1324
196627 1249
196628 1464
196629 1248
196630 1106
196631 1106
196632 1248
196633 1248
196634 1246
196635 1393
196636 1321
196637 1250
196638 1249
196639 1174
262144 747
262145 1105
262146 1177
262147 1247
262148 1176
262149 1324
262150 1397
262151 1248
262152 1247
262153 1177
262154 1248
262155 1248
262156 1177
262157 1106
262158 1177
262159 1106
262160 1177
262161 1247
262162 1106
262163 1248
262164 1247
262165 1321
262166 1030
262167 1030
262168 1104
262169 1105
262170 1028
262171 1105
262172 1247
262173 1105
262174 1247
262175 1102
327680 748
327681 670
327682 746
327683 1105
327684 1176
327685 1176
327686 1176
327687 1175
327688 1105
327689 1105
327690 1176
327691 1176
327692 1030
327693 1246
327694 1105
327695 1176
327696 1247
327697 1105
327698 1246
327699 1247
327700 1105
327701 1176
327702 1105
327703 1247
327704 1247
327705 1105
327706 1176
327707 1175
327708 1247
327709 1176
327710 1247
327711 1247
393216 1110
393217 1249
393218 1106
393219 1464
393220 1175
393221 1247
393222 1247
393223 1247
393224 1175
393225 1246
393226 1246
393227 1247
393228 1247
393229 1247
393230 1247
393231 1247
393232 1176
393233 1247
393234 1247
393235 1247
393236 1176
393237 1247
393238 1247
393239 1247
393240 1247
393241 1247
393242 1029
393243 1105
393244 1247
393245 1176
393246 1247
393247 1247
458752 1476
458753 747
458754 747
458755 1106
458756 1323
458757 1247
458758 1176
458759 1181
458760 1181
458761 1181
458762 1248
458763 1106
458764 1177
458765 1248
458766 1248
458767 1030
458768 1181
458769 1180
458770 1106
458771 1177
458772 1248
458773 1248
458774 1248
458775 1247
458776 1248
458777 1248
458778 1176
458779 1105
458780 1248
458781 1176
458782 1103
458783 1246
524288 1184
524289 1106
524290 1105
524291 1105
524292 1103
524293 1104
524294 1105
524295 1246
524296 1033
524297 1105
524298 1105
524299 1177
524300 1177
524301 1105
524302 1177
524303 1177
524304 1246
524305 1248
524306 1246
524307 1248
524308 1177
524309 1176
524310 1176
524311 1248
524312 1030
524313 1248
524314 1177
524315 1322
524316 1247
524317 1246
524318 1104
524319 1175
589824 1254
589825 1248
589826 1247
589827 1248
589828 1248
589829 1248
589830 1177
589831 1248
589832 1177
589833 1248
589834 1248
589835 1248
589836 1030
589837 1248
589838 1248
589839 1322
589840 1248
589841 1248
589842 1322
589843 1248
589844 1247
589845 1248
589846 1251
589847 1177
589848 1177
589849 1248
589850 1248
589851 1177
589852 1106
589853 1106
589854 1251
589855 1322
655360 1180
655361 1176
655362 1177
655363 1469
655364 1469
655365 1397
655366 1177
655367 1177
655368 1177
655369 1030
655370 1177
655371 1249
655372 1467
655373 1177
655374 1248
655375 1176
655376 1106
655377 1106
655378 1177
655379 1249
655380 1249
655381 1249
655382 1539
655383 1464
655384 1251
655385 1246
655386 1246
655387 1246
655388 1246
655389 1246
655390 1246
655391 1247
720896 1254
720897 1248
720898 1247
720899 1247
720900 1105
720901 1176
720902 1248
720903 1248
720904 1248
720905 1247
720906 1248
720907 1177
720908 1248
720909 1177
720910 961
720911 1248
720912 1248
720913 1248
720914 1248
720915 1176
720916 811
720917 239
720918 239
720919 239
720920 239
720921 239
720922 239
720923 239
720924 239
720925 239
720926 239
720927 239
kernel_count 58660
