0 1254
1 1248
2 1247
3 1248
4 1176
5 1177
6 1248
7 1248
8 1322
9 1248
10 1247
11 1248
12 1247
13 1248
14 1248
15 1247
16 1248
17 1247
18 1392
19 1247
20 1248
21 1322
22 1248
23 1248
24 1248
25 1246
26 1248
27 1248
28 1246
29 1248
30 1246
31 1390
65536 748
65537 1106
65538 1249
65539 1253
65540 1249
65541 1030
65542 1106
65543 1177
65544 1106
65545 1176
65546 1177
65547 1824
65548 1176
65549 1394
65550 1248
65551 1248
65552 1397
65553 1393
65554 1248
65555 1322
65556 1248
65557 1251
65558 1251
65559 1251
65560 1251
65561 1251
65562 1251
65563 1247
65564 1247
65565 1247
65566 1247
65567 1247
131072 1472
131073 1248
131074 1106
131075 1106
131076 1249
131077 1249
131078 1177
131079 1248
131080 1177
131081 1249
131082 1249
131083 1249
131084 1177
131085 1249
131086 1249
131087 1177
131088 1249
131089 1249
131090 1249
131091 1248
131092 1249
131093 1248
131094 1249
131095 1249
131096 1248
131097 1249
131098 1395
131099 1392
131100 1247
131101 1030
131102 1247
131103 1247
196608 748
196609 1608
196610 1248
196611 1322
196612 1322
196613 1247
196614 1247
196615 1247
196616 1247
196617 1105
196618 1105
196619 1246
196620 1247
196621 1175
196622 1247
196623 1247
196624 1247
196625 1245
196626 1246
196627 1246
196628 1246
196629 1246
196630 1246
196631 1245
196632 1246
196633 1246
196634 1246
196635 1175
196636 1247
196637 1246
196638 1175
196639 1175
262144 1253
262145 1176
262146 1177
262147 1248
262148 1173
262149 239
262150 239
262151 239
262152 239
262153 239
262154 239
262155 239
262156 239
262157 239
262158 239
262159 239
262160 239
262161 239
262162 239
262163 239
262164 239
262165 239
262166 239
262167 239
262168 239
262169 239
262170 239
262171 239
262172 239
262173 239
262174 239
262175 239
kernel_count 22152
