0 889
1 1175
2 1247
3 1247
4 1105
5 1030
6 1105
7 1105
8 1105
9 1105
10 1247
11 1246
12 1246
13 1246
14 1246
15 1246
16 1246
17 1246
18 1247
19 1246
20 1245
21 1246
22 1246
23 1245
24 1247
25 1246
26 1246
27 1246
28 1247
29 1246
30 1246
31 1246
65536 748
65537 746
65538 746
65539 1106
65540 1249
65541 1249
65542 1249
65543 1248
65544 1249
65545 1249
65546 1249
65547 1248
65548 1249
65549 1249
65550 1030
65551 1251
65552 1248
65553 1324
65554 1252
65555 1393
65556 1394
65557 1177
65558 1394
65559 1466
65560 1248
65561 1394
65562 1249
65563 1394
65564 1466
65565 1320
65566 1246
65567 1247
131072 1110
131073 1248
131074 1248
131075 1176
131076 1247
131077 1248
131078 1248
131079 1247
131080 1248
131081 1248
131082 1322
131083 1247
131084 1247
131085 1105
131086 1246
131087 1247
131088 1247
131089 1174
131090 1176
131091 1247
131092 1247
131093 1246
131094 1247
131095 1247
131096 1246
131097 1247
131098 1247
131099 1030
131100 1246
131101 1105
131102 1247
131103 1247
196608 1110
196609 1247
196610 1246
196611 1246
196612 1246
196613 1246
196614 1246
196615 1247
196616 1247
196617 1174
196618 1175
196619 1176
196620 1247
196621 1105
196622 1105
196623 1247
196624 1246
196625 1246
196626 1246
196627 1174
196628 1246
196629 890
196630 1175
196631 1247
196632 1104
196633 1247
196634 1247
196635 1247
196636 1246
196637 1029
196638 1175
196639 1175
262144 1182
262145 1249
262146 962
262147 1106
262148 1252
262149 1465
262150 1248
262151 1247
262152 1248
262153 1247
262154 1393
262155 1248
262156 1177
262157 1247
262158 1248
262159 1248
262160 1177
262161 1177
262162 1030
262163 1177
262164 1248
262165 1106
262166 1248
262167 1248
262168 1322
262169 1176
262170 1105
262171 1246
262172 1247
262173 1176
262174 1246
262175 1247
327680 1110
327681 1249
327682 1324
327683 1324
327684 1248
327685 1249
327686 1177
327687 1392
327688 1465
327689 1248
327690 1106
327691 1248
327692 1177
327693 1177
327694 1177
327695 1177
327696 1177
327697 1177
327698 1177
327699 1177
327700 1177
327701 1177
327702 1177
327703 1177
327704 1177
327705 1248
327706 1248
327707 1177
327708 1251
327709 1247
327710 1246
327711 1247
393216 1401
393217 1394
393218 1175
393219 1395
393220 1248
393221 1248
393222 1248
393223 1248
393224 1248
393225 1248
393226 1248
393227 1248
393228 1248
393229 1248
393230 1248
393231 1177
393232 1248
393233 1177
393234 1177
393235 1322
393236 1248
393237 1251
393238 1247
393239 1176
393240 1247
393241 1247
393242 1247
393243 1247
393244 1247
393245 1176
393246 1247
393247 1175
458752 1254
458753 1247
458754 1247
458755 1176
458756 1176
458757 1247
458758 1029
458759 1247
458760 1176
458761 1176
458762 1176
458763 1176
458764 1247
458765 1247
458766 1246
458767 1247
458768 1247
458769 1105
458770 1105
458771 1247
458772 1247
458773 1247
458774 1246
458775 1247
458776 1176
458777 1247
458778 1246
458779 1175
458780 1247
458781 1246
458782 1247
458783 1247
524288 1181
524289 1105
524290 1247
524291 1034
524292 1246
524293 1105
524294 1176
524295 1247
524296 1246
524297 1247
524298 1246
524299 1247
524300 1247
524301 1247
524302 1247
524303 1176
524304 1247
524305 1176
524306 1246
524307 1176
524308 1247
524309 1176
524310 1247
524311 1247
524312 1245
524313 1247
524314 1245
524315 1247
524316 1246
524317 1246
524318 1246
524319 1175
589824 1252
589825 1394
589826 1248
589827 1394
589828 1249
589829 1249
589830 1249
589831 1249
589832 1249
589833 1394
589834 1249
589835 1249
589836 1324
589837 1178
589838 1324
589839 1107
589840 1178
589841 1249
589842 1249
589843 1249
589844 1393
589845 1393
589846 1176
589847 1248
589848 1173
589849 239
589850 239
589851 239
589852 239
589853 239
589854 239
589855 239
kernel_count 50065
