0 1181
1 1176
2 1177
3 1394
4 1323
5 1106
6 1176
7 1323
8 1323
9 1324
10 1248
11 1249
12 1394
13 1249
14 1249
15 1465
16 1249
17 1249
18 1176
19 1248
20 1176
21 1324
22 1249
23 1249
24 1249
25 1249
26 1322
27 1249
28 1176
29 1249
30 1466
31 1175
65536 824
65537 747
65538 1106
65539 1177
65540 1392
65541 1247
65542 1175
65543 1175
65544 1105
65545 1247
65546 1246
65547 1247
65548 1247
65549 1105
65550 1105
65551 1175
65552 1105
65553 1176
65554 1105
65555 1176
65556 1105
65557 1176
65558 1176
65559 1105
65560 1176
65561 1175
65562 1104
65563 1104
65564 1175
65565 1104
65566 1174
65567 1174
131072 1254
131073 1181
131074 1248
131075 1106
131076 1323
131077 1106
131078 1323
131079 1106
131080 1323
131081 1106
131082 1106
131083 1248
131084 1177
131085 1177
131086 1248
131087 1248
131088 1248
131089 1247
131090 1176
131091 1393
131092 1106
131093 1177
131094 1106
131095 1106
131096 1323
131097 1322
131098 1322
131099 1248
131100 1175
131101 1177
131102 1392
131103 1175
196608 824
196609 1177
196610 1105
196611 1323
196612 1248
196613 1248
196614 1177
196615 1177
196616 1177
196617 1177
196618 1248
196619 1248
196620 1177
196621 1248
196622 1392
196623 1391
196624 1246
196625 1175
196626 1176
196627 1247
196628 1246
196629 1247
196630 1176
196631 1246
196632 1247
196633 1030
196634 959
196635 1176
196636 1247
196637 1246
196638 1247
196639 1175
262144 748
262145 747
262146 671
262147 1177
262148 1248
262149 1248
262150 1248
262151 1248
262152 1247
262153 1247
262154 1247
262155 1247
262156 1247
262157 1248
262158 1322
262159 1247
262160 1103
262161 1248
262162 1177
262163 1248
262164 1177
262165 1175
262166 1176
262167 1248
262168 1179
262169 1251
262170 1321
262171 1104
262172 1174
262173 1175
262174 1175
262175 1175
327680 748
327681 1249
327682 816
327683 1106
327684 1249
327685 1249
327686 1248
327687 1176
327688 1029
327689 959
327690 886
327691 1030
327692 1248
327693 1106
327694 1106
327695 1105
327696 1106
327697 1392
327698 1246
327699 1105
327700 1105
327701 1104
327702 1105
327703 1176
327704 1105
327705 1246
327706 1247
327707 1176
327708 1105
327709 1247
327710 1247
327711 1247
393216 1254
393217 1249
393218 747
393219 1106
393220 747
393221 1106
393222 747
393223 892
393224 1176
393225 1465
393226 1247
393227 1248
393228 1177
393229 1176
393230 1248
393231 1177
393232 1106
393233 1247
393234 1106
393235 1106
393236 1177
393237 1247
393238 1248
393239 1248
393240 1247
393241 1105
393242 1248
393243 1322
393244 1179
393245 1176
393246 1175
393247 1247
458752 1254
458753 1248
458754 1177
458755 1248
458756 1106
458757 1030
458758 1396
458759 1325
458760 1251
458761 1246
458762 1247
458763 1248
458764 820
458765 1248
458766 1177
458767 1322
458768 1247
458769 1246
458770 1176
458771 1247
458772 1247
458773 1247
458774 1176
458775 1175
458776 1247
458777 1247
458778 1247
458779 1176
458780 1176
458781 1105
458782 1247
458783 1173
524288 1109
524289 1033
524290 1246
524291 1108
524292 1108
524293 1032
524294 1032
524295 1176
524296 1175
524297 1175
524298 1105
524299 1175
524300 1247
524301 1247
524302 1247
524303 1247
524304 1247
524305 1247
524306 1247
524307 1247
524308 1247
524309 1176
524310 1247
524311 1247
524312 1246
524313 1176
524314 1247
524315 1176
524316 1175
524317 1176
524318 1105
524319 1245
589824 1254
589825 1248
589826 1249
589827 1249
589828 1249
589829 1249
589830 1177
589831 1249
589832 1248
589833 1106
589834 1106
589835 1249
589836 1325
589837 1251
589838 1249
589839 1249
589840 1395
589841 1176
589842 1177
589843 1249
589844 1247
589845 1176
589846 1030
589847 1030
589848 959
589849 959
589850 1468
589851 1463
589852 1247
589853 1105
589854 1105
589855 1247
655360 1254
655361 1030
655362 1177
655363 1177
655364 1177
655365 1106
655366 1030
655367 1248
655368 1248
655369 1177
655370 1177
655371 1247
655372 1248
655373 1177
655374 1248
655375 1176
655376 1176
655377 1176
655378 1176
655379 1176
655380 1176
655381 1248
655382 1392
655383 1392
655384 1248
655385 1392
655386 1392
655387 1248
655388 1247
655389 1176
655390 1320
655391 1175
720896 966
720897 1248
720898 1247
720899 1105
720900 1247
720901 1177
720902 1177
720903 1247
720904 1248
720905 1248
720906 1247
720907 239
720908 239
720909 239
720910 239
720911 239
720912 239
720913 239
720914 239
720915 239
720916 239
720917 239
720918 239
720919 239
720920 239
720921 239
720922 239
720923 239
720924 239
720925 239
720926 239
720927 239
kernel_count 56962
