0 1253
1 1322
2 1247
3 1248
4 1322
5 1248
6 1322
7 1248
8 1248
9 1322
10 1179
11 1247
12 1246
13 1176
14 1176
15 1175
16 1176
17 1176
18 1176
19 1176
20 1105
21 1247
22 1247
23 1176
24 1247
25 1247
26 1247
27 1247
28 1105
29 1104
30 1247
31 1247
65536 1182
65537 1248
65538 1248
65539 1177
65540 1248
65541 1177
65542 1248
65543 1177
65544 1177
65545 1248
65546 1177
65547 1248
65548 1248
65549 1247
65550 1247
65551 1248
65552 1392
65553 1392
65554 1248
65555 1247
65556 1177
65557 1321
65558 1247
65559 1177
65560 1321
65561 1248
65562 1248
65563 1248
65564 1177
65565 1392
65566 1248
65567 1392
131072 824
131073 747
131074 747
131075 1177
131076 1323
131077 1392
131078 1247
131079 1247
131080 1247
131081 1247
131082 1247
131083 1247
131084 1247
131085 1247
131086 1247
131087 1247
131088 1176
131089 958
131090 958
131091 1104
131092 1176
131093 1176
131094 1176
131095 1176
131096 1176
131097 1105
131098 1176
131099 1247
131100 1247
131101 1247
131102 1247
131103 1103
196608 1254
196609 1106
196610 1247
196611 747
196612 1248
196613 1106
196614 1247
196615 1034
196616 1176
196617 1177
196618 1248
196619 1177
196620 1323
196621 1323
196622 1247
196623 1106
196624 1248
196625 1177
196626 1248
196627 1177
196628 1248
196629 1391
196630 1106
196631 1249
196632 1247
196633 1246
196634 1247
196635 1176
196636 1247
196637 1247
196638 1247
196639 1247
262144 1109
262145 1250
262146 1105
262147 1105
262148 1106
262149 1249
262150 1106
262151 1177
262152 1178
262153 1249
262154 1248
262155 1248
262156 1324
262157 1249
262158 1249
262159 1249
262160 1249
262161 1248
262162 1249
262163 1464
262164 1463
262165 1247
262166 1247
262167 1247
262168 1247
262169 1247
262170 1247
262171 1247
262172 1247
262173 1176
262174 1247
262175 1247
327680 1110
327681 1248
327682 1248
327683 1248
327684 1248
327685 1248
327686 1102
327687 1102
327688 1177
327689 1106
327690 1248
327691 1177
327692 1248
327693 1248
327694 1177
327695 1248
327696 1248
327697 1176
327698 1177
327699 1248
327700 1248
327701 1248
327702 1247
327703 1248
327704 1177
327705 1251
327706 1322
327707 1248
327708 1322
327709 1247
327710 1105
327711 1247
393216 1110
393217 1249
393218 1248
393219 1248
393220 1249
393221 1249
393222 1177
393223 1248
393224 1323
393225 1249
393226 1248
393227 1177
393228 1248
393229 1248
393230 1248
393231 1248
393232 1248
393233 1249
393234 1249
393235 1252
393236 1249
393237 1249
393238 1249
393239 1538
393240 1248
393241 1321
393242 1247
393243 1248
393244 1106
393245 1322
393246 1247
393247 1103
458752 1254
458753 1249
458754 1249
458755 1249
458756 1034
458757 1324
458758 1469
458759 1469
458760 1324
458761 1395
458762 1249
458763 1394
458764 1249
458765 1394
458766 1177
458767 1177
458768 1608
458769 1249
458770 1249
458771 1248
458772 1609
458773 1176
458774 1392
458775 1322
458776 1247
458777 1247
458778 1247
458779 1246
458780 1176
458781 1245
458782 1176
458783 1245
524288 1109
524289 1174
524290 1247
524291 1175
524292 1246
524293 1246
524294 1175
524295 1247
524296 1245
524297 1246
524298 1176
524299 1246
524300 1247
524301 1247
524302 1176
524303 1176
524304 1247
524305 1176
524306 1246
524307 1247
524308 1105
524309 1104
524310 1104
524311 1246
524312 1246
524313 1105
524314 1246
524315 1176
524316 1176
524317 1246
524318 1247
524319 1175
589824 1182
589825 1394
589826 1394
589827 1248
589828 1249
589829 1107
589830 1107
589831 1322
589832 1107
589833 1177
589834 1248
589835 1249
589836 1247
589837 1249
589838 1248
589839 1393
589840 1247
589841 1248
589842 1245
589843 1247
589844 1248
589845 1105
589846 1176
589847 1177
589848 239
589849 239
589850 239
589851 239
589852 239
589853 239
589854 239
589855 239
kernel_count 50195
