0 1182
1 1176
2 1176
3 1176
4 1176
5 1176
6 1247
7 1247
8 1247
9 1176
10 1176
11 1176
12 1176
13 1176
14 1247
15 1247
16 1247
17 1247
18 1247
19 1247
20 1246
21 1247
22 1247
23 1247
24 1247
25 1247
26 1247
27 1247
28 1247
29 1247
30 1247
31 1247
65536 748
65537 747
65538 746
65539 747
65540 747
65541 1248
65542 1106
65543 1248
65544 1248
65545 1247
65546 1248
65547 1248
65548 1248
65549 1392
65550 1392
65551 1176
65552 1392
65553 1392
65554 1175
65555 1246
65556 1246
65557 1246
65558 1246
65559 1246
65560 1245
65561 1245
65562 1245
65563 1245
65564 1247
65565 1176
65566 1246
65567 1103
131072 1110
131073 1106
131074 1322
131075 1180
131076 1248
131077 1180
131078 1177
131079 1035
131080 962
131081 1177
131082 1177
131083 1251
131084 1250
131085 1251
131086 1250
131087 1246
131088 1247
131089 1246
131090 1247
131091 1247
131092 1247
131093 1247
131094 1247
131095 1176
131096 1247
131097 1247
131098 1247
131099 1247
131100 1247
131101 1176
131102 1245
131103 1103
196608 1110
196609 1106
196610 1248
196611 1247
196612 1176
196613 667
196614 239
196615 239
196616 239
196617 239
196618 239
196619 239
196620 239
196621 239
196622 239
196623 239
196624 239
196625 239
196626 239
196627 239
196628 239
196629 239
196630 239
196631 239
196632 239
196633 239
196634 239
196635 239
196636 239
196637 239
196638 239
196639 239
kernel_count 16420
