0 1472
1 1463
2 1463
3 1463
4 1249
5 1463
6 1462
7 1463
8 1249
9 1464
10 1463
11 1463
12 1249
13 1464
14 1463
15 1463
16 1464
17 1464
18 1463
19 1463
20 1463
21 1249
22 1463
23 1462
24 1247
25 1247
26 1247
27 1247
28 1247
29 1247
30 1247
31 1247
65536 1470
65537 1463
65538 1106
65539 747
65540 1247
65541 1392
65542 1176
65543 1175
65544 1176
65545 1247
65546 1247
65547 1247
65548 1247
65549 1247
65550 1247
65551 1176
65552 962
65553 1175
65554 1175
65555 1174
65556 1104
65557 961
65558 1175
65559 1104
65560 1176
65561 1247
65562 1105
65563 1175
65564 1176
65565 1105
65566 1247
65567 1247
131072 747
131073 1248
131074 1177
131075 1106
131076 1248
131077 1392
131078 1176
131079 1175
131080 1247
131081 1247
131082 1247
131083 1104
131084 1247
131085 1247
131086 1176
131087 1176
131088 1176
131089 1246
131090 1174
131091 1174
131092 1175
131093 1247
131094 1247
131095 1247
131096 1246
131097 1176
131098 1247
131099 1105
131100 1175
131101 1176
131102 1246
131103 1246
196608 1254
196609 1466
196610 1249
196611 1031
196612 1249
196613 1249
196614 1249
196615 1249
196616 1249
196617 1248
196618 1177
196619 1249
196620 1247
196621 1177
196622 1248
196623 1177
196624 1176
196625 1178
196626 1178
196627 1249
196628 1180
196629 1177
196630 1248
196631 1177
196632 1248
196633 1106
196634 1031
196635 1248
196636 1177
196637 1177
196638 1248
196639 812
kernel_count 20728
