0 1110
1 1247
2 1106
3 1177
4 1248
5 1248
6 1394
7 1248
8 1247
9 1177
10 1248
11 1248
12 1248
13 1393
14 1248
15 1247
16 1248
17 1247
18 1248
19 1247
20 1247
21 1247
22 1248
23 1247
24 1248
25 1248
26 1247
27 1177
28 1248
29 1248
30 1466
31 1393
65536 1253
65537 1323
65538 1323
65539 1248
65540 1247
65541 1248
65542 1177
65543 1248
65544 1177
65545 1177
65546 1248
65547 1177
65548 1248
65549 1177
65550 1177
65551 1247
65552 1177
65553 1176
65554 1248
65555 1177
65556 1177
65557 1176
65558 1247
65559 1248
65560 1248
65561 1248
65562 1392
65563 1177
65564 1177
65565 1392
65566 1247
65567 1175
131072 1253
131073 1247
131074 1247
131075 1247
131076 1247
131077 1395
131078 1248
131079 1177
131080 1248
131081 1105
131082 1177
131083 1322
131084 1248
131085 1326
131086 1248
131087 1397
131088 1033
131089 1105
131090 1248
131091 1248
131092 1397
131093 1468
131094 1105
131095 1105
131096 1247
131097 1246
131098 1176
131099 1247
131100 1246
131101 1176
131102 1246
131103 1175
196608 748
196609 747
196610 1248
196611 1104
196612 1104
196613 1104
196614 1105
196615 1175
196616 1175
196617 1393
196618 1248
196619 1177
196620 1248
196621 1248
196622 1247
196623 1248
196624 1247
196625 1247
196626 1246
196627 1247
196628 1177
196629 1177
196630 1247
196631 1247
196632 1247
196633 1177
196634 1247
196635 1247
196636 1247
196637 1176
196638 1321
196639 1320
262144 1330
262145 1176
262146 1177
262147 1177
262148 1177
262149 1399
262150 1249
262151 1249
262152 1539
262153 1539
262154 1248
262155 1323
262156 1248
262157 1248
262158 1176
262159 1177
262160 1247
262161 1106
262162 1248
262163 1106
262164 1030
262165 1248
262166 1177
262167 1248
262168 1248
262169 1248
262170 1248
262171 1247
262172 1247
262173 1175
262174 1248
262175 1392
327680 1254
327681 1248
327682 1249
327683 1249
327684 1178
327685 1467
327686 1247
327687 1173
327688 239
327689 239
327690 239
327691 239
327692 239
327693 239
327694 239
327695 239
327696 239
327697 239
327698 239
327699 239
327700 239
327701 239
327702 239
327703 239
327704 239
327705 239
327706 239
327707 239
327708 239
327709 239
327710 239
327711 239
kernel_count 27641
