0 1181
1 1176
2 1247
3 1176
4 1247
5 1176
6 1176
7 1247
8 1247
9 1247
10 1175
11 1247
12 1246
13 1247
14 1247
15 1247
16 1247
17 1246
18 1247
19 1245
20 1247
21 1247
22 1247
23 1247
24 1176
25 1247
26 1176
27 1246
28 1246
29 1105
30 1246
31 1174
65536 1110
65537 1248
65538 1247
65539 1248
65540 1177
65541 1248
65542 1247
65543 1247
65544 1248
65545 1248
65546 1176
65547 1247
65548 1248
65549 1247
65550 1247
65551 1176
65552 1105
65553 1176
65554 1393
65555 1248
65556 1248
65557 1393
65558 1248
65559 1393
65560 1177
65561 1393
65562 1246
65563 1177
65564 1322
65565 1246
65566 1247
65567 1103
131072 1253
131073 1177
131074 1248
131075 1106
131076 1248
131077 1177
131078 1248
131079 1176
131080 1177
131081 1469
131082 1248
131083 1248
131084 1248
131085 1248
131086 1177
131087 1248
131088 1246
131089 1247
131090 1030
131091 1106
131092 1248
131093 1248
131094 1247
131095 1106
131096 1322
131097 1247
131098 1247
131099 1247
131100 1247
131101 1247
131102 1246
131103 1247
196608 1110
196609 1248
196610 1248
196611 1248
196612 1323
196613 1247
196614 1248
196615 1248
196616 1248
196617 1394
196618 1393
196619 1247
196620 1537
196621 1539
196622 1248
196623 1248
196624 1248
196625 1247
196626 1248
196627 1248
196628 1247
196629 1248
196630 1247
196631 1248
196632 1106
196633 1248
196634 1248
196635 1176
196636 1177
196637 1177
196638 1248
196639 1250
262144 1254
262145 1395
262146 1253
262147 1249
262148 1178
262149 1249
262150 1178
262151 1249
262152 1178
262153 1180
262154 1249
262155 1248
262156 1249
262157 1248
262158 1105
262159 1249
262160 1106
262161 1393
262162 1247
262163 1248
262164 1322
262165 1247
262166 1247
262167 1247
262168 1106
262169 1248
262170 1248
262171 1392
262172 1246
262173 1247
262174 1247
262175 1247
327680 1254
327681 1246
327682 1246
327683 1246
327684 1247
327685 1246
327686 1246
327687 1246
327688 1246
327689 1105
327690 1105
327691 1247
327692 1105
327693 1247
327694 1247
327695 1247
327696 1247
327697 1176
327698 1246
327699 1176
327700 1176
327701 1246
327702 1176
327703 1176
327704 1176
327705 1030
327706 1030
327707 1105
327708 1247
327709 1246
327710 1247
327711 1246
393216 1182
393217 1248
393218 1252
393219 1323
393220 1323
393221 1248
393222 1248
393223 1467
393224 1030
393225 1176
393226 1396
393227 1247
393228 1247
393229 1247
393230 1247
393231 1247
393232 1247
393233 1247
393234 1104
393235 1247
393236 1175
393237 1247
393238 1175
393239 1247
393240 1176
393241 1105
393242 1176
393243 1247
393244 1175
393245 1247
393246 1247
393247 1247
458752 748
458753 747
458754 1176
458755 1105
458756 239
458757 239
458758 239
458759 239
458760 239
458761 239
458762 239
458763 239
458764 239
458765 239
458766 239
458767 239
458768 239
458769 239
458770 239
458771 239
458772 239
458773 239
458774 239
458775 239
458776 239
458777 239
458778 239
458779 239
458780 239
458781 239
458782 239
458783 239
kernel_count 37151
