0 1477
1 1468
2 1324
3 1248
4 1248
5 1177
6 1248
7 1248
8 1176
9 1468
10 1325
11 1468
12 1396
13 1248
14 1248
15 1248
16 1248
17 1248
18 1248
19 1468
20 1467
21 1324
22 1247
23 1246
24 1246
25 1247
26 1246
27 1247
28 1247
29 1246
30 1247
31 1247
65536 1257
65537 1247
65538 1105
65539 1246
65540 1247
65541 1246
65542 1176
65543 1176
65544 1247
65545 1247
65546 1247
65547 1176
65548 1247
65549 1247
65550 1176
65551 1247
65552 1247
65553 1174
65554 1175
65555 1105
65556 1176
65557 1176
65558 1176
65559 1176
65560 1176
65561 1176
65562 1176
65563 1176
65564 1246
65565 1247
65566 1247
65567 1247
131072 1182
131073 1177
131074 1250
131075 1247
131076 1247
131077 1247
131078 1176
131079 1105
131080 1174
131081 1176
131082 1175
131083 1104
131084 1246
131085 1246
131086 1246
131087 1247
131088 1246
131089 1247
131090 1247
131091 1247
131092 1247
131093 1175
131094 1247
131095 1247
131096 1246
131097 1247
131098 1246
131099 1247
131100 1247
131101 1104
131102 1104
131103 1175
196608 1253
196609 1249
196610 1249
196611 1177
196612 1249
196613 1608
196614 1249
196615 1608
196616 1247
196617 1247
196618 1247
196619 1176
196620 1247
196621 1176
196622 1105
196623 1176
196624 1247
196625 1247
196626 1247
196627 1247
196628 1247
196629 1176
196630 1247
196631 1247
196632 1247
196633 1247
196634 1247
196635 1247
196636 1247
196637 1246
196638 1247
196639 1247
262144 748
262145 747
262146 747
262147 1249
262148 1248
262149 1466
262150 1176
262151 1177
262152 1248
262153 1249
262154 1249
262155 1177
262156 1395
262157 1752
262158 1323
262159 1249
262160 1249
262161 1248
262162 1324
262163 1249
262164 1324
262165 1462
262166 1103
262167 1174
262168 1175
262169 1104
262170 1247
262171 1247
262172 1247
262173 1247
262174 1247
262175 1247
327680 893
327681 1104
327682 1247
327683 1248
327684 1323
327685 1106
327686 1323
327687 1246
327688 1247
327689 1323
327690 1322
327691 1247
327692 1248
327693 1106
327694 1106
327695 1106
327696 1177
327697 1248
327698 1248
327699 1175
327700 1247
327701 1248
327702 1393
327703 1322
327704 1247
327705 1248
327706 1321
327707 1321
327708 1246
327709 1247
327710 1245
327711 1247
393216 1254
393217 1035
393218 1247
393219 1106
393220 747
393221 1248
393222 1247
393223 1247
393224 1247
393225 1248
393226 1248
393227 1248
393228 1248
393229 1029
393230 1322
393231 1248
393232 1176
393233 1248
393234 1248
393235 1248
393236 1177
393237 1248
393238 1248
393239 1248
393240 1248
393241 1247
393242 1247
393243 1177
393244 1322
393245 1247
393246 1247
393247 1103
458752 1254
458753 1177
458754 1249
458755 1248
458756 1249
458757 1177
458758 1249
458759 1249
458760 1249
458761 1249
458762 1249
458763 1248
458764 1176
458765 1397
458766 1249
458767 1249
458768 1249
458769 1106
458770 1249
458771 1105
458772 1106
458773 1464
458774 1248
458775 1248
458776 1248
458777 1248
458778 1247
458779 1248
458780 1176
458781 1248
458782 1393
458783 1247
524288 1330
524289 1177
524290 1177
524291 1177
524292 1249
524293 1249
524294 1177
524295 1106
524296 1249
524297 1176
524298 1249
524299 1466
524300 1106
524301 1394
524302 1247
524303 1030
524304 1393
524305 1176
524306 1177
524307 1247
524308 1467
524309 1466
524310 1030
524311 1393
524312 1176
524313 1177
524314 1392
524315 1466
524316 1466
524317 1030
524318 1247
524319 1172
589824 1251
589825 1176
589826 1032
589827 1246
589828 1247
589829 1248
589830 1247
589831 1247
589832 1248
589833 1248
589834 1248
589835 1247
589836 1177
589837 958
589838 1253
589839 1252
589840 1246
589841 1248
589842 1247
589843 1247
589844 1177
589845 1176
589846 1177
589847 1248
589848 1613
589849 1613
589850 1247
589851 1247
589852 1175
589853 1104
589854 1175
589855 1175
655360 1110
655361 1106
655362 1176
655363 1030
655364 1248
655365 1248
655366 1248
655367 1247
655368 1248
655369 1248
655370 1249
655371 1248
655372 1248
655373 1249
655374 1249
655375 1249
655376 1030
655377 1106
655378 1395
655379 1465
655380 1249
655381 1248
655382 1249
655383 1248
655384 1249
655385 1106
655386 1030
655387 1249
655388 1105
655389 1394
655390 1176
655391 1247
720896 747
720897 823
720898 748
720899 1178
720900 1324
720901 1324
720902 1465
720903 1322
720904 1252
720905 1252
720906 1322
720907 1176
720908 239
720909 239
720910 239
720911 239
720912 239
720913 239
720914 239
720915 239
720916 239
720917 239
720918 239
720919 239
720920 239
720921 239
720922 239
720923 239
720924 239
720925 239
720926 239
720927 239
kernel_count 59072
