0 1253
1 1248
2 1248
3 1248
4 1252
5 1248
6 1247
7 1248
8 1247
9 1248
10 1176
11 1321
12 1248
13 1392
14 1248
15 1248
16 1176
17 1392
18 1392
19 1247
20 1246
21 1246
22 1246
23 1247
24 1247
25 1247
26 1105
27 1247
28 1176
29 1176
30 1246
31 1247
65536 1253
65537 1249
65538 1249
65539 1249
65540 1325
65541 1249
65542 1249
65543 1249
65544 1249
65545 1248
65546 1249
65547 1249
65548 1030
65549 1465
65550 1465
65551 1466
65552 1324
65553 1249
65554 1325
65555 1176
65556 1466
65557 1539
65558 1322
65559 1176
65560 1247
65561 1105
65562 1176
65563 1176
65564 1175
65565 1104
65566 1175
65567 1247
131072 1254
131073 1105
131074 1247
131075 1176
131076 1104
131077 1176
131078 1104
131079 1105
131080 1247
131081 1247
131082 1247
131083 1247
131084 1247
131085 1176
131086 1104
131087 1247
131088 1176
131089 1246
131090 1247
131091 1246
131092 1247
131093 1246
131094 1176
131095 1176
131096 1176
131097 1247
131098 1030
131099 1176
131100 1176
131101 1246
131102 1247
131103 1247
196608 1038
196609 1249
196610 1106
196611 1248
196612 1249
196613 1248
196614 1177
196615 1248
196616 1105
196617 1249
196618 1249
196619 1035
196620 1684
196621 1177
196622 1176
196623 1176
196624 1177
196625 1463
196626 1462
196627 1463
196628 1462
196629 1463
196630 1462
196631 1462
196632 1463
196633 1462
196634 1463
196635 1462
196636 1463
196637 1462
196638 1462
196639 1247
262144 1186
262145 1324
262146 1176
262147 1104
262148 1249
262149 1177
262150 1248
262151 1248
262152 1248
262153 1248
262154 1105
262155 1249
262156 1249
262157 1248
262158 1249
262159 1463
262160 1246
262161 1247
262162 1247
262163 1246
262164 1030
262165 1245
262166 1176
262167 1247
262168 1175
262169 1103
262170 1029
262171 1029
262172 1103
262173 1103
262174 1028
262175 1028
327680 1182
327681 1248
327682 1177
327683 1030
327684 1177
327685 1177
327686 1248
327687 1248
327688 1177
327689 1247
327690 1465
327691 1394
327692 1395
327693 1177
327694 1392
327695 1247
327696 1176
327697 1247
327698 1247
327699 1247
327700 1176
327701 1247
327702 1246
327703 1246
327704 1246
327705 1247
327706 1176
327707 1246
327708 1247
327709 1247
327710 1245
327711 1243
393216 671
393217 1030
393218 1247
393219 1248
393220 1248
393221 1248
393222 1248
393223 1248
393224 1323
393225 1177
393226 1105
393227 1248
393228 1248
393229 1246
393230 1247
393231 1105
393232 1177
393233 1177
393234 1392
393235 1248
393236 1248
393237 1177
393238 1248
393239 1177
393240 1177
393241 1392
393242 1176
393243 1246
393244 1029
393245 1247
393246 1247
393247 1172
458752 1254
458753 1178
458754 1249
458755 1249
458756 1249
458757 1177
458758 1252
458759 1249
458760 1249
458761 1249
458762 1177
458763 1249
458764 1249
458765 1249
458766 1324
458767 1323
458768 1249
458769 1249
458770 1249
458771 1249
458772 1177
458773 1177
458774 1249
458775 1176
458776 1249
458777 1248
458778 1106
458779 1248
458780 1323
458781 1394
458782 1464
458783 1247
524288 748
524289 747
524290 747
524291 1177
524292 1249
524293 1249
524294 1249
524295 1177
524296 1104
524297 1176
524298 1176
524299 1177
524300 1177
524301 1248
524302 1248
524303 1177
524304 1463
524305 1463
524306 1249
524307 1106
524308 1249
524309 1248
524310 1249
524311 1249
524312 1177
524313 1248
524314 1249
524315 1464
524316 1176
524317 1247
524318 1247
524319 1245
589824 1472
589825 1396
589826 1396
589827 1247
589828 1248
589829 1248
589830 1248
589831 1248
589832 1248
589833 1248
589834 1248
589835 1176
589836 1248
589837 1248
589838 1177
589839 1249
589840 239
589841 239
589842 239
589843 239
589844 239
589845 239
589846 239
589847 239
589848 239
589849 239
589850 239
589851 239
589852 239
589853 239
589854 239
589855 239
kernel_count 49462
