0 1254
1 1105
2 1247
3 1246
4 1105
5 1246
6 1246
7 1247
8 1176
9 1246
10 1246
11 1176
12 1176
13 1247
14 1175
15 1246
16 1246
17 1175
18 1246
19 1176
20 1247
21 1246
22 1246
23 1176
24 1247
25 1245
26 1175
27 1247
28 1247
29 1245
30 1246
31 1247
65536 748
65537 1248
65538 1248
65539 1247
65540 1248
65541 1106
65542 1248
65543 1248
65544 1248
65545 1177
65546 1248
65547 1248
65548 1248
65549 1248
65550 1248
65551 1248
65552 1248
65553 1248
65554 1106
65555 1325
65556 1177
65557 1106
65558 1325
65559 1105
65560 1176
65561 1247
65562 1247
65563 1247
65564 1176
65565 1247
65566 1247
65567 1247
131072 748
131073 1106
131074 1177
131075 1177
131076 1247
131077 1248
131078 1248
131079 1247
131080 1177
131081 1322
131082 1176
131083 1176
131084 1247
131085 1247
131086 1247
131087 1247
131088 1246
131089 1104
131090 1247
131091 1247
131092 1247
131093 1247
131094 1247
131095 1104
131096 1247
131097 1247
131098 1247
131099 1247
131100 1247
131101 1176
131102 1247
131103 1247
196608 748
196609 746
196610 1105
196611 1105
196612 1247
196613 1247
196614 1247
196615 1176
196616 1175
196617 1176
196618 1247
196619 1247
196620 1247
196621 1176
196622 1247
196623 1247
196624 1247
196625 1176
196626 1246
196627 1246
196628 1247
196629 1105
196630 1247
196631 1030
196632 1246
196633 1246
196634 1105
196635 1176
196636 1175
196637 1246
196638 1246
196639 1247
262144 1254
262145 1177
262146 1106
262147 1248
262148 1248
262149 1248
262150 1177
262151 1177
262152 1247
262153 1248
262154 1322
262155 1247
262156 1245
262157 1245
262158 1247
262159 1246
262160 1246
262161 1246
262162 1176
262163 1246
262164 1247
262165 1247
262166 1176
262167 1246
262168 1246
262169 1175
262170 1175
262171 1174
262172 1246
262173 1246
262174 1247
262175 1245
327680 1254
327681 1249
327682 1030
327683 1249
327684 1177
327685 1249
327686 1249
327687 1466
327688 1396
327689 1248
327690 1248
327691 1248
327692 1541
327693 1324
327694 1249
327695 1106
327696 1177
327697 1249
327698 1249
327699 1177
327700 1106
327701 1249
327702 1177
327703 1248
327704 1252
327705 1247
327706 1104
327707 1175
327708 1248
327709 1539
327710 1247
327711 1245
393216 1108
393217 1104
393218 1104
393219 1104
393220 1323
393221 1248
393222 1247
393223 1247
393224 1176
393225 1176
393226 1247
393227 1247
393228 1249
393229 1322
393230 1249
393231 1247
393232 1248
393233 1177
393234 1106
393235 1177
393236 1105
393237 1175
393238 1106
393239 1177
393240 1465
393241 1248
393242 1177
393243 1247
393244 1248
393245 1251
393246 1246
393247 1174
458752 1254
458753 1465
458754 1247
458755 1324
458756 1175
458757 1254
458758 1106
458759 1465
458760 1175
458761 1395
458762 1177
458763 1248
458764 1248
458765 1247
458766 1247
458767 1248
458768 1177
458769 1177
458770 1248
458771 1248
458772 1248
458773 1248
458774 1248
458775 1248
458776 1322
458777 1105
458778 1247
458779 1105
458780 1176
458781 1176
458782 1176
458783 1245
524288 1473
524289 1249
524290 1249
524291 1177
524292 1249
524293 1249
524294 1395
524295 1248
524296 1106
524297 1329
524298 1251
524299 1249
524300 1177
524301 1177
524302 1177
524303 1249
524304 1177
524305 1106
524306 1249
524307 1394
524308 1177
524309 1248
524310 1248
524311 1176
524312 1249
524313 1177
524314 1106
524315 1249
524316 1394
524317 1249
524318 1252
524319 1464
589824 1254
589825 1249
589826 1249
589827 1323
589828 1394
589829 1249
589830 1249
589831 1248
589832 1106
589833 1175
589834 1323
589835 1466
589836 1323
589837 1248
589838 1248
589839 1030
589840 1177
589841 1248
589842 1248
589843 1177
589844 1248
589845 1392
589846 1321
589847 1247
589848 1322
589849 1322
589850 1246
589851 1247
589852 1246
589853 1247
589854 1247
589855 1174
655360 1252
655361 1323
655362 1320
655363 1030
655364 239
655365 239
655366 239
655367 239
655368 239
655369 239
655370 239
655371 239
655372 239
655373 239
655374 239
655375 239
655376 239
655377 239
655378 239
655379 239
655380 239
655381 239
655382 239
655383 239
655384 239
655385 239
655386 239
655387 239
655388 239
655389 239
655390 239
655391 239
kernel_count 52443
