0 1400
1 1177
2 1177
3 1177
4 1177
5 1248
6 1248
7 1177
8 1177
9 1248
10 1106
11 1177
12 1392
13 1177
14 1177
15 1177
16 1177
17 1248
18 1248
19 1177
20 1177
21 1248
22 1177
23 1177
24 1392
25 1176
26 1176
27 1176
28 1176
29 1247
30 1247
31 1175
65536 748
65537 1392
65538 1391
65539 1391
65540 1247
65541 1247
65542 1247
65543 1247
65544 1247
65545 1175
65546 1175
65547 1246
65548 1246
65549 1247
65550 1176
65551 1176
65552 1175
65553 1247
65554 1247
65555 1246
65556 1247
65557 1176
65558 1246
65559 1247
65560 1247
65561 1247
65562 1247
65563 1246
65564 1175
65565 1175
65566 1246
65567 1247
131072 1182
131073 1106
131074 1249
131075 1249
131076 1249
131077 1249
131078 1106
131079 1177
131080 1249
131081 1394
131082 1248
131083 1322
131084 1248
131085 1322
131086 1251
131087 1174
131088 1247
131089 1247
131090 1247
131091 1246
131092 1246
131093 1246
131094 1245
131095 1176
131096 1247
131097 1175
131098 1175
131099 1175
131100 1175
131101 1175
131102 1175
131103 1247
196608 890
196609 1247
196610 1106
196611 1177
196612 1248
196613 1176
196614 1177
196615 1247
196616 1247
196617 1247
196618 1248
196619 1248
196620 1248
196621 1106
196622 1392
196623 1177
196624 1248
196625 1248
196626 1247
196627 1106
196628 1177
196629 1392
196630 1247
196631 1247
196632 1246
196633 1176
196634 1247
196635 1247
196636 1247
196637 1247
196638 1247
196639 1247
262144 1254
262145 1248
262146 1248
262147 1393
262148 1247
262149 1393
262150 1248
262151 1392
262152 1393
262153 1247
262154 1106
262155 1248
262156 1106
262157 1176
262158 1034
262159 1034
262160 1106
262161 1177
262162 1177
262163 1248
262164 1248
262165 1177
262166 1248
262167 1106
262168 1177
262169 1176
262170 1247
262171 1322
262172 1246
262173 1175
262174 1175
262175 1175
327680 1182
327681 1249
327682 1106
327683 1248
327684 1248
327685 1034
327686 1106
327687 1247
327688 1106
327689 1249
327690 1177
327691 1254
327692 1249
327693 1324
327694 1106
327695 1249
327696 1177
327697 1249
327698 1464
327699 1249
327700 1466
327701 1249
327702 1465
327703 1394
327704 1753
327705 1030
327706 1754
327707 1105
327708 1246
327709 1105
327710 1030
327711 1245
393216 1254
393217 1247
393218 1177
393219 1177
393220 1248
393221 1106
393222 1248
393223 1106
393224 1177
393225 1106
393226 1177
393227 1248
393228 1105
393229 1248
393230 1248
393231 1248
393232 1248
393233 1247
393234 1177
393235 1106
393236 1106
393237 1248
393238 1393
393239 1321
393240 1247
393241 1176
393242 1247
393243 1176
393244 1246
393245 1176
393246 1247
393247 1247
458752 1254
458753 747
458754 1178
458755 1465
458756 1396
458757 1176
458758 1177
458759 1248
458760 1247
458761 1247
458762 1177
458763 1249
458764 1248
458765 892
458766 1029
458767 1249
458768 1248
458769 1248
458770 1537
458771 1248
458772 1176
458773 1176
458774 1176
458775 1176
458776 1176
458777 1176
458778 1176
458779 1320
458780 1247
458781 1247
458782 1247
458783 1103
524288 1254
524289 1248
524290 1249
524291 1395
524292 1249
524293 1035
524294 816
524295 1249
524296 1248
524297 1248
524298 1248
524299 1611
524300 1394
524301 1325
524302 1325
524303 1610
524304 1322
524305 1105
524306 1176
524307 1176
524308 1176
524309 1105
524310 1176
524311 1176
524312 1176
524313 1105
524314 1176
524315 1175
524316 1247
524317 1175
524318 1175
524319 1174
589824 748
589825 746
589826 747
589827 1176
589828 1248
589829 1680
589830 1176
589831 1248
589832 1248
589833 1177
589834 1106
589835 1177
589836 1248
589837 1465
589838 1177
589839 1248
589840 1177
589841 1177
589842 1177
589843 1246
589844 1177
589845 1035
589846 1177
589847 1105
589848 1105
589849 1392
589850 1391
589851 1392
589852 1246
589853 1176
589854 1176
589855 1247
655360 1253
655361 1248
655362 1248
655363 1248
655364 1176
655365 1176
655366 1395
655367 1395
655368 1249
655369 1176
655370 1248
655371 1249
655372 1248
655373 1030
655374 1248
655375 1176
655376 1248
655377 1177
655378 1248
655379 1177
655380 1540
655381 1539
655382 1463
655383 1176
655384 1247
655385 1246
655386 1247
655387 1247
655388 1247
655389 1105
655390 1247
655391 1247
720896 748
720897 1395
720898 1255
720899 1397
720900 1248
720901 1177
720902 1248
720903 1249
720904 1248
720905 1177
720906 1249
720907 1248
720908 1249
720909 1323
720910 742
720911 239
720912 239
720913 239
720914 239
720915 239
720916 239
720917 239
720918 239
720919 239
720920 239
720921 239
720922 239
720923 239
720924 239
720925 239
720926 239
720927 239
kernel_count 58971
