0 1254
1 1247
2 1247
3 1176
4 1175
5 1105
6 1247
7 1247
8 1175
9 1246
10 1247
11 1030
12 1247
13 1247
14 1247
15 1247
16 1246
17 1247
18 1247
19 1247
20 1174
21 1175
22 1175
23 1029
24 1175
25 1175
26 1175
27 1175
28 1246
29 1247
30 1175
31 1175
65536 1253
65537 1248
65538 1029
65539 1106
65540 1030
65541 1105
65542 1322
65543 1247
65544 1176
65545 1246
65546 1176
65547 1245
65548 1245
65549 1246
65550 1246
65551 1105
65552 1030
65553 1247
65554 1247
65555 1247
65556 1246
65557 1246
65558 1246
65559 1247
65560 1247
65561 1247
65562 1247
65563 1176
65564 1104
65565 1176
65566 1176
65567 1247
131072 1182
131073 1248
131074 1249
131075 1249
131076 1177
131077 1249
131078 1177
131079 1177
131080 1030
131081 1106
131082 1030
131083 1394
131084 1394
131085 1394
131086 1394
131087 1030
131088 1106
131089 1030
131090 1322
131091 1322
131092 1176
131093 1247
131094 1247
131095 1176
131096 1247
131097 1246
131098 1246
131099 1247
131100 1247
131101 1247
131102 1246
131103 1247
196608 1254
196609 1247
196610 1177
196611 1248
196612 1246
196613 1106
196614 1248
196615 1106
196616 1105
196617 1176
196618 1105
196619 958
196620 1248
196621 1106
196622 1177
196623 1177
196624 1177
196625 1322
196626 1247
196627 1247
196628 1176
196629 1247
196630 1247
196631 1247
196632 1247
196633 1030
196634 1105
196635 1105
196636 1247
196637 1247
196638 1247
196639 1247
262144 964
262145 1176
262146 1177
262147 1249
262148 1177
262149 1177
262150 1177
262151 1177
262152 1249
262153 1249
262154 1175
262155 1248
262156 1249
262157 1249
262158 1249
262159 1177
262160 1177
262161 1176
262162 1177
262163 1324
262164 1248
262165 1249
262166 1249
262167 1177
262168 1249
262169 1394
262170 1394
262171 1247
262172 1176
262173 1247
262174 1247
262175 1175
327680 1110
327681 1607
327682 1248
327683 1323
327684 1248
327685 1248
327686 1176
327687 1248
327688 1106
327689 1177
327690 1247
327691 1248
327692 1247
327693 1247
327694 1392
327695 1392
327696 1247
327697 1247
327698 1247
327699 1173
327700 1246
327701 1246
327702 1246
327703 1247
327704 1247
327705 1246
327706 1247
327707 1246
327708 1247
327709 1246
327710 1247
327711 1247
393216 1110
393217 1106
393218 1106
393219 1177
393220 1464
393221 1177
393222 1177
393223 1464
393224 1177
393225 1177
393226 1248
393227 1248
393228 1247
393229 1248
393230 1248
393231 1247
393232 1248
393233 1248
393234 1177
393235 1247
393236 1248
393237 1248
393238 1245
393239 1248
393240 1247
393241 1247
393242 1248
393243 1392
393244 1104
393245 1104
393246 1174
393247 1175
458752 748
458753 1176
458754 746
458755 747
458756 1176
458757 1249
458758 1249
458759 1177
458760 1324
458761 1324
458762 1249
458763 1249
458764 1175
458765 1177
458766 1324
458767 1325
458768 1177
458769 1248
458770 1248
458771 1325
458772 1325
458773 1396
458774 1395
458775 1248
458776 1253
458777 1247
458778 1249
458779 1249
458780 1249
458781 1324
458782 1609
458783 1247
524288 1254
524289 1247
524290 1247
524291 1247
524292 1104
524293 961
524294 961
524295 961
524296 1175
524297 1247
524298 1247
524299 1247
524300 1247
524301 1176
524302 1176
524303 1247
524304 1176
524305 1176
524306 1247
524307 1246
524308 1247
524309 1105
524310 1247
524311 1245
524312 1247
524313 1247
524314 1176
524315 1247
524316 1176
524317 1176
524318 1247
524319 1247
589824 1110
589825 1176
589826 1249
589827 1176
589828 1248
589829 1249
589830 1176
589831 1249
589832 1177
589833 1249
589834 1608
589835 1176
589836 1248
589837 1248
589838 1248
589839 1248
589840 1248
589841 1248
589842 1248
589843 1247
589844 1248
589845 1248
589846 1248
589847 1106
589848 1106
589849 1106
589850 1106
589851 1248
589852 1177
589853 1177
589854 1248
589855 1250
655360 1254
655361 1322
655362 1247
655363 1247
655364 1247
655365 1176
655366 1247
655367 1247
655368 1176
655369 1247
655370 1247
655371 1247
655372 1246
655373 1176
655374 1246
655375 1247
655376 1246
655377 1176
655378 1247
655379 1176
655380 1105
655381 1246
655382 1246
655383 1104
655384 1175
655385 1104
655386 1175
655387 1104
655388 1104
655389 1104
655390 1104
655391 1175
720896 1254
720897 1249
720898 1249
720899 1394
720900 1107
720901 1324
720902 1107
720903 1395
720904 1249
720905 1249
720906 1249
720907 1249
720908 1249
720909 1323
720910 1104
720911 1104
720912 1104
720913 239
720914 239
720915 239
720916 239
720917 239
720918 239
720919 239
720920 239
720921 239
720922 239
720923 239
720924 239
720925 239
720926 239
720927 239
kernel_count 58828
