0 1110
1 1105
2 1246
3 1247
4 1247
5 1246
6 1247
7 1247
8 1246
9 1176
10 1246
11 1246
12 1247
13 1105
14 1247
15 1247
16 1176
17 1105
18 1030
19 1247
20 1247
21 1176
22 1247
23 1246
24 1246
25 1104
26 1030
27 1247
28 1247
29 1176
30 1247
31 1246
65536 748
65537 1248
65538 1177
65539 1249
65540 1249
65541 1249
65542 1176
65543 1249
65544 1177
65545 1249
65546 1249
65547 1177
65548 1249
65549 1249
65550 1249
65551 1249
65552 1248
65553 1247
65554 1247
65555 1248
65556 1030
65557 1249
65558 1249
65559 1249
65560 1177
65561 1247
65562 1176
65563 1177
65564 1464
65565 1249
65566 1249
65567 1464
131072 1254
131073 1105
131074 1176
131075 1246
131076 1248
131077 1177
131078 1248
131079 1247
131080 1247
131081 1106
131082 1247
131083 1106
131084 1248
131085 1177
131086 1177
131087 1177
131088 1248
131089 1177
131090 1248
131091 1248
131092 1322
131093 1247
131094 1247
131095 1247
131096 1174
131097 1246
131098 1176
131099 1247
131100 1030
131101 1030
131102 1105
131103 1247
196608 1182
196609 1177
196610 1248
196611 1392
196612 1247
196613 1247
196614 1247
196615 961
196616 1246
196617 1176
196618 1247
196619 1247
196620 1246
196621 1247
196622 1247
196623 1247
196624 1176
196625 1247
196626 1175
196627 1247
196628 1247
196629 1247
196630 1247
196631 1247
196632 1247
196633 1176
196634 1175
196635 1105
196636 1176
196637 1247
196638 1246
196639 1103
262144 1253
262145 1249
262146 1249
262147 1249
262148 1249
262149 1176
262150 1249
262151 1249
262152 1249
262153 1394
262154 1394
262155 1249
262156 1393
262157 1394
262158 1177
262159 1465
262160 1465
262161 1465
262162 1248
262163 1177
262164 1106
262165 1248
262166 1247
262167 1030
262168 1176
262169 1248
262170 1105
262171 1105
262172 1176
262173 1176
262174 1464
262175 1246
327680 747
327681 1320
327682 1247
327683 1247
327684 1177
327685 1246
327686 1246
327687 1033
327688 1246
327689 1175
327690 1247
327691 1248
327692 1105
327693 1248
327694 1247
327695 1176
327696 1248
327697 1177
327698 1176
327699 1177
327700 1321
327701 1176
327702 1030
327703 1176
327704 1030
327705 1321
327706 1245
327707 1175
327708 1247
327709 1246
327710 1102
327711 1099
393216 892
393217 1033
393218 745
393219 890
393220 1104
393221 1104
393222 1104
393223 1104
393224 1176
393225 1248
393226 1176
393227 1246
393228 1246
393229 1247
393230 1106
393231 1322
393232 1252
393233 1176
393234 1248
393235 1248
393236 1322
393237 1323
393238 1322
393239 1323
393240 1247
393241 1247
393242 1247
393243 1177
393244 1177
393245 1323
393246 1320
393247 1103
458752 1034
458753 1247
458754 1248
458755 1177
458756 1248
458757 1321
458758 1247
458759 1247
458760 1248
458761 1248
458762 1248
458763 1248
458764 1248
458765 1251
458766 1035
458767 1393
458768 1248
458769 1248
458770 1393
458771 1248
458772 1248
458773 1248
458774 1248
458775 1248
458776 1106
458777 1321
458778 1322
458779 1247
458780 1247
458781 1176
458782 1245
458783 1175
524288 1182
524289 1107
524290 1249
524291 1107
524292 1178
524293 1178
524294 1249
524295 1395
524296 1395
524297 1107
524298 1326
524299 1176
524300 1175
524301 1031
524302 1177
524303 1246
524304 1246
524305 1246
524306 1246
524307 1247
524308 239
524309 239
524310 239
524311 239
524312 239
524313 239
524314 239
524315 239
524316 239
524317 239
524318 239
524319 239
kernel_count 43960
