0 1182
1 1248
2 1177
3 1248
4 1247
5 1247
6 1247
7 1247
8 1248
9 1248
10 1247
11 1247
12 1247
13 1247
14 1247
15 1247
16 1247
17 1177
18 1248
19 1248
20 1392
21 1392
22 1177
23 1248
24 1248
25 1392
26 1392
27 1247
28 1246
29 1247
30 1247
31 1247
65536 748
65537 747
65538 747
65539 747
65540 747
65541 747
65542 747
65543 1177
65544 1249
65545 1249
65546 1249
65547 1177
65548 1248
65549 1247
65550 1248
65551 1248
65552 1177
65553 1176
65554 1248
65555 1177
65556 1177
65557 815
65558 1177
65559 1177
65560 1177
65561 1177
65562 1177
65563 1251
65564 1251
65565 1030
65566 1247
65567 1247
131072 748
131073 1246
131074 1174
131075 1246
131076 1175
131077 1176
131078 1176
131079 1247
131080 1247
131081 1105
131082 1246
131083 1105
131084 1030
131085 1176
131086 1247
131087 1105
131088 1246
131089 1176
131090 1176
131091 1176
131092 1104
131093 1247
131094 1030
131095 1247
131096 1105
131097 1247
131098 1247
131099 1246
131100 1247
131101 1176
131102 1246
131103 1247
196608 1254
196609 1248
196610 1322
196611 1177
196612 1175
196613 1176
196614 1249
196615 1249
196616 1249
196617 891
196618 1249
196619 1249
196620 1249
196621 1249
196622 1249
196623 1249
196624 1249
196625 1177
196626 1249
196627 1249
196628 1249
196629 1249
196630 1249
196631 1394
196632 1175
196633 1247
196634 1247
196635 1247
196636 1247
196637 1247
196638 1247
196639 1103
262144 1254
262145 1249
262146 1248
262147 1248
262148 1249
262149 1249
262150 1249
262151 1249
262152 1249
262153 1249
262154 1249
262155 1249
262156 1249
262157 1249
262158 1249
262159 1249
262160 891
262161 1177
262162 1249
262163 1177
262164 1249
262165 1249
262166 1248
262167 1249
262168 1537
262169 1177
262170 1537
262171 1537
262172 1247
262173 1247
262174 1247
262175 1247
327680 1254
327681 1177
327682 1177
327683 1249
327684 1249
327685 1249
327686 1030
327687 1464
327688 1463
327689 1247
327690 1176
327691 1176
327692 1247
327693 1247
327694 1247
327695 1247
327696 1034
327697 1247
327698 1247
327699 1030
327700 1247
327701 1246
327702 1247
327703 1247
327704 1247
327705 1246
327706 1247
327707 1245
327708 1247
327709 1246
327710 1105
327711 1247
393216 1110
393217 1249
393218 1249
393219 1325
393220 1324
393221 1249
393222 1106
393223 1106
393224 1105
393225 1176
393226 1177
393227 1249
393228 1249
393229 1106
393230 1539
393231 1249
393232 1177
393233 1468
393234 1249
393235 1249
393236 1106
393237 1467
393238 1465
393239 1177
393240 1106
393241 1247
393242 1249
393243 1176
393244 1249
393245 1249
393246 1755
393247 1246
458752 1109
458753 1106
458754 1177
458755 1248
458756 1321
458757 1251
458758 1248
458759 1322
458760 1176
458761 1248
458762 1248
458763 1248
458764 1246
458765 1176
458766 1248
458767 1247
458768 1248
458769 1248
458770 1248
458771 1322
458772 1247
458773 1176
458774 1176
458775 1247
458776 1322
458777 1247
458778 1247
458779 1247
458780 1247
458781 1247
458782 1247
458783 1247
524288 1181
524289 1247
524290 1247
524291 1247
524292 1247
524293 1247
524294 1247
524295 1246
524296 1029
524297 1176
524298 1247
524299 1247
524300 1176
524301 1175
524302 1175
524303 1176
524304 1175
524305 1175
524306 1105
524307 1247
524308 1247
524309 1247
524310 1105
524311 1105
524312 1176
524313 1247
524314 1247
524315 1176
524316 1247
524317 1247
524318 1247
524319 1175
589824 1182
589825 1324
589826 1178
589827 1249
589828 1394
589829 1249
589830 1394
589831 1248
589832 1394
589833 1394
589834 1030
589835 1177
589836 1324
589837 1249
589838 1177
589839 1249
589840 1392
589841 1324
589842 1249
589843 1466
589844 1176
589845 1247
589846 1247
589847 1247
589848 1175
589849 1247
589850 1176
589851 1247
589852 1247
589853 1175
589854 1247
589855 1175
655360 748
655361 747
655362 746
655363 1177
655364 1247
655365 958
655366 239
655367 239
655368 239
655369 239
655370 239
655371 239
655372 239
655373 239
655374 239
655375 239
655376 239
655377 239
655378 239
655379 239
655380 239
655381 239
655382 239
655383 239
655384 239
655385 239
655386 239
655387 239
655388 239
655389 239
655390 239
655391 239
kernel_count 52273
