0 1254
1 1323
2 1248
3 1323
4 1106
5 1248
6 1106
7 1248
8 1248
9 1323
10 1248
11 1323
12 1176
13 1176
14 1247
15 1323
16 1248
17 1323
18 1106
19 1248
20 1106
21 1106
22 1247
23 1252
24 1323
25 1322
26 1248
27 1248
28 1323
29 1393
30 1321
31 1321
65536 1254
65537 1177
65538 1177
65539 1177
65540 1248
65541 1248
65542 1248
65543 1248
65544 1248
65545 1393
65546 1248
65547 1177
65548 1177
65549 1248
65550 1177
65551 1176
65552 1176
65553 1176
65554 1177
65555 1177
65556 1247
65557 1247
65558 1322
65559 1246
65560 1176
65561 1030
65562 1105
65563 1105
65564 1247
65565 1245
65566 1245
65567 1245
131072 1110
131073 1249
131074 1249
131075 1249
131076 1249
131077 1249
131078 1249
131079 1248
131080 1106
131081 1249
131082 1249
131083 1177
131084 1249
131085 1249
131086 1248
131087 1248
131088 1177
131089 1249
131090 1177
131091 1249
131092 1177
131093 1177
131094 1177
131095 1177
131096 1106
131097 1609
131098 1247
131099 1323
131100 1323
131101 1322
131102 1392
131103 1247
196608 824
196609 1177
196610 1251
196611 1247
196612 1466
196613 1539
196614 1467
196615 1466
196616 1539
196617 1466
196618 1248
196619 1467
196620 1177
196621 1248
196622 1247
196623 1392
196624 1247
196625 1247
196626 1175
196627 1247
196628 1246
196629 1105
196630 1176
196631 1247
196632 1247
196633 1246
196634 1030
196635 1176
196636 1246
196637 1247
196638 1247
196639 1028
262144 748
262145 1249
262146 1177
262147 1177
262148 1177
262149 1249
262150 1177
262151 1253
262152 1323
262153 1175
262154 1609
262155 1609
262156 1177
262157 1394
262158 1394
262159 1176
262160 1105
262161 1397
262162 1247
262163 1396
262164 1247
262165 1246
262166 1247
262167 1247
262168 1248
262169 1393
262170 1176
262171 815
262172 1249
262173 1103
262174 1103
262175 1103
327680 748
327681 1106
327682 1176
327683 1248
327684 1248
327685 1393
327686 1393
327687 1248
327688 1177
327689 1248
327690 1248
327691 1248
327692 1610
327693 1176
327694 1246
327695 1105
327696 1030
327697 1246
327698 1104
327699 1105
327700 1176
327701 1176
327702 1247
327703 1105
327704 1247
327705 1247
327706 1247
327707 1247
327708 1247
327709 1247
327710 1247
327711 1247
393216 1253
393217 1106
393218 1177
393219 1249
393220 1249
393221 1538
393222 1177
393223 1248
393224 1248
393225 1249
393226 1176
393227 1248
393228 1105
393229 1248
393230 1248
393231 1248
393232 1324
393233 1249
393234 1177
393235 1394
393236 1464
393237 1106
393238 1322
393239 1105
393240 1247
393241 1246
393242 1247
393243 1247
393244 1247
393245 1245
393246 1173
393247 1173
458752 748
458753 1106
458754 1252
458755 1246
458756 1247
458757 1394
458758 1248
458759 1106
458760 1248
458761 1321
458762 1247
458763 1247
458764 1176
458765 1176
458766 1247
458767 1246
458768 1246
458769 1246
458770 1175
458771 1176
458772 1247
458773 1246
458774 1175
458775 1103
458776 1175
458777 1175
458778 1176
458779 1175
458780 1102
458781 1176
458782 1247
458783 1247
524288 1254
524289 1249
524290 1249
524291 1248
524292 1248
524293 1249
524294 1249
524295 1249
524296 1248
524297 1249
524298 1247
524299 1249
524300 1249
524301 1106
524302 1105
524303 1249
524304 1181
524305 1249
524306 1464
524307 1248
524308 1321
524309 1247
524310 1247
524311 1247
524312 1247
524313 1247
524314 1247
524315 1176
524316 1247
524317 1247
524318 1176
524319 1247
589824 1254
589825 1106
589826 1250
589827 1249
589828 1608
589829 1247
589830 1248
589831 1247
589832 1246
589833 1177
589834 1248
589835 1248
589836 1248
589837 1248
589838 1248
589839 1248
589840 1248
589841 1248
589842 1248
589843 1248
589844 1176
589845 1177
589846 1176
589847 239
589848 239
589849 239
589850 239
589851 239
589852 239
589853 239
589854 239
589855 239
kernel_count 50389
