0 1182
1 1247
2 1246
3 1176
4 1247
5 1246
6 1176
7 1247
8 1247
9 1246
10 1105
11 1247
12 1176
13 1176
14 1176
15 1247
16 1176
17 1176
18 1247
19 1247
20 1176
21 1247
22 1247
23 1176
24 1247
25 1247
26 1104
27 1247
28 1247
29 1175
30 1175
31 1175
65536 748
65537 747
65538 1177
65539 1248
65540 1248
65541 1248
65542 1248
65543 963
65544 1247
65545 1177
65546 1177
65547 1320
65548 1247
65549 1247
65550 1176
65551 1176
65552 1104
65553 1104
65554 1247
65555 1246
65556 1247
65557 1176
65558 1247
65559 1247
65560 1105
65561 1175
65562 1175
65563 1175
65564 1247
65565 1247
65566 1176
65567 1247
131072 819
131073 239
131074 239
131075 239
131076 239
131077 239
131078 239
131079 239
131080 239
131081 239
131082 239
131083 239
131084 239
131085 239
131086 239
131087 239
131088 239
131089 239
131090 239
131091 239
131092 239
131093 239
131094 239
131095 239
131096 239
131097 239
131098 239
131099 239
131100 239
131101 239
131102 239
131103 239
kernel_count 10703
