0 1253
1 1246
2 1247
3 1247
4 1247
5 1247
6 1247
7 1247
8 1176
9 1247
10 1247
11 1246
12 1246
13 1247
14 1247
15 1246
16 1247
17 1247
18 1247
19 1176
20 1247
21 1247
22 1246
23 1246
24 1247
25 1247
26 1247
27 1247
28 1247
29 1246
30 1247
31 1247
65536 748
65537 1248
65538 1248
65539 1176
65540 1248
65541 1248
65542 1177
65543 1248
65544 1248
65545 1177
65546 1248
65547 1177
65548 1177
65549 1177
65550 1392
65551 1248
65552 1391
65553 1392
65554 1392
65555 1105
65556 1246
65557 1247
65558 1247
65559 1247
65560 1247
65561 1175
65562 1175
65563 1175
65564 1105
65565 1176
65566 1247
65567 1247
131072 1254
131073 1249
131074 1177
131075 1249
131076 1177
131077 1249
131078 1465
131079 1465
131080 1465
131081 1465
131082 1248
131083 1252
131084 1248
131085 1248
131086 1106
131087 1177
131088 1177
131089 1248
131090 1247
131091 1177
131092 1248
131093 1248
131094 1248
131095 1177
131096 1321
131097 1247
131098 1246
131099 1104
131100 1247
131101 1247
131102 1247
131103 1173
196608 1254
196609 1249
196610 1248
196611 1176
196612 1176
196613 1105
196614 1177
196615 1249
196616 1249
196617 1177
196618 1176
196619 1176
196620 1249
196621 1249
196622 1249
196623 1248
196624 1249
196625 1249
196626 1249
196627 1249
196628 1176
196629 1249
196630 1248
196631 1177
196632 1249
196633 1464
196634 1464
196635 1104
196636 1175
196637 1176
196638 1174
196639 1247
262144 1254
262145 1248
262146 1249
262147 1394
262148 1249
262149 1249
262150 1176
262151 1177
262152 1106
262153 1248
262154 1176
262155 1177
262156 1106
262157 1106
262158 1248
262159 1465
262160 1249
262161 1249
262162 1106
262163 1106
262164 1106
262165 1465
262166 1249
262167 1249
262168 1105
262169 1609
262170 1394
262171 1608
262172 1175
262173 1176
262174 1247
262175 1247
327680 748
327681 747
327682 747
327683 747
327684 1035
327685 1394
327686 1394
327687 1177
327688 1394
327689 1537
327690 1248
327691 1248
327692 1247
327693 1177
327694 1177
327695 1176
327696 1247
327697 1248
327698 1248
327699 1177
327700 1177
327701 1176
327702 1246
327703 1248
327704 1247
327705 1030
327706 1323
327707 1393
327708 1320
327709 1247
327710 1247
327711 1247
393216 1182
393217 1248
393218 1248
393219 1176
393220 1392
393221 1247
393222 1247
393223 1246
393224 1247
393225 1105
393226 1105
393227 1176
393228 1176
393229 1247
393230 1247
393231 1104
393232 1247
393233 1105
393234 1246
393235 1030
393236 1175
393237 1175
393238 1175
393239 1030
393240 1175
393241 1175
393242 1175
393243 1246
393244 1246
393245 1030
393246 1246
393247 1245
458752 1254
458753 1248
458754 1248
458755 1177
458756 1248
458757 1247
458758 1247
458759 1247
458760 1248
458761 1106
458762 1106
458763 1247
458764 1247
458765 1248
458766 1248
458767 1106
458768 1030
458769 1030
458770 1323
458771 1106
458772 1030
458773 1030
458774 1322
458775 1177
458776 1393
458777 1248
458778 1181
458779 1392
458780 1176
458781 1247
458782 887
458783 1103
524288 1253
524289 1248
524290 1030
524291 1249
524292 1248
524293 1615
524294 1177
524295 1249
524296 1248
524297 1030
524298 1325
524299 1395
524300 1106
524301 1249
524302 1249
524303 1106
524304 1178
524305 1249
524306 1106
524307 1249
524308 1249
524309 1178
524310 1249
524311 1106
524312 1253
524313 1248
524314 1249
524315 1106
524316 1898
524317 1251
524318 1250
524319 1247
589824 1254
589825 1248
589826 1249
589827 1177
589828 1249
589829 1249
589830 1177
589831 1177
589832 1464
589833 1030
589834 1176
589835 1464
589836 1030
589837 1249
589838 1249
589839 1249
589840 1249
589841 1249
589842 1176
589843 1249
589844 1247
589845 1249
589846 1249
589847 1106
589848 595
589849 1176
589850 1175
589851 1607
589852 1177
589853 1177
589854 1606
589855 1606
655360 1254
655361 1249
655362 1176
655363 1176
655364 1176
655365 1249
655366 1397
655367 1398
655368 1249
655369 1249
655370 1177
655371 1176
655372 1249
655373 1249
655374 1176
655375 1248
655376 1465
655377 1176
655378 1393
655379 1249
655380 1324
655381 1249
655382 1176
655383 1249
655384 1106
655385 1249
655386 1249
655387 1249
655388 1464
655389 1247
655390 1247
655391 1247
720896 1034
720897 1394
720898 1248
720899 1106
720900 1467
720901 1324
720902 1248
720903 1030
720904 1324
720905 1324
720906 1248
720907 1397
720908 1248
720909 1247
720910 1323
720911 1177
720912 1177
720913 1177
720914 1177
720915 1248
720916 1177
720917 1247
720918 1247
720919 1247
720920 1248
720921 1252
720922 1322
720923 1324
720924 1247
720925 1321
720926 1247
720927 1247
786432 1110
786433 239
786434 239
786435 239
786436 239
786437 239
786438 239
786439 239
786440 239
786441 239
786442 239
786443 239
786444 239
786445 239
786446 239
786447 239
786448 239
786449 239
786450 239
786451 239
786452 239
786453 239
786454 239
786455 239
786456 239
786457 239
786458 239
786459 239
786460 239
786461 239
786462 239
786463 239
kernel_count 62578
