0 1254
1 1466
2 1326
3 1466
4 1470
5 1395
6 1398
7 1249
8 1249
9 1106
10 1177
11 1249
12 1249
13 1463
14 1176
15 1247
16 1175
17 1247
18 1247
19 1247
20 1246
21 1247
22 1247
23 1247
24 1176
25 1176
26 1105
27 1247
28 1247
29 1247
30 1247
31 1247
65536 1182
65537 1247
65538 1176
65539 1106
65540 1248
65541 1247
65542 1177
65543 1106
65544 1177
65545 1177
65546 1106
65547 1248
65548 1177
65549 1106
65550 1177
65551 1106
65552 1248
65553 1248
65554 1392
65555 1248
65556 1248
65557 1248
65558 1248
65559 1248
65560 1248
65561 1392
65562 1105
65563 1247
65564 1247
65565 1246
65566 1247
65567 1247
131072 824
131073 1106
131074 1248
131075 1248
131076 1247
131077 1248
131078 1247
131079 1247
131080 1106
131081 1106
131082 1106
131083 1105
131084 1251
131085 1105
131086 1247
131087 1247
131088 1247
131089 1176
131090 1105
131091 1246
131092 1246
131093 1174
131094 1175
131095 1176
131096 1105
131097 1247
131098 1176
131099 1247
131100 1247
131101 1104
131102 1247
131103 1103
196608 1330
196609 1248
196610 1249
196611 1464
196612 1249
196613 1464
196614 1463
196615 1176
196616 1247
196617 1176
196618 1246
196619 1246
196620 1247
196621 1246
196622 1247
196623 1247
196624 1246
196625 1247
196626 1176
196627 1176
196628 1247
196629 1246
196630 1246
196631 1105
196632 1105
196633 1176
196634 1175
196635 1175
196636 1175
196637 1175
196638 1175
196639 1247
262144 1109
262145 1247
262146 1393
262147 1105
262148 1246
262149 1175
262150 1247
262151 1247
262152 1105
262153 1105
262154 1246
262155 1105
262156 1176
262157 1246
262158 1247
262159 1176
262160 1176
262161 1246
262162 1176
262163 1176
262164 1176
262165 1176
262166 1176
262167 956
262168 1174
262169 1247
262170 1105
262171 1247
262172 1175
262173 1175
262174 955
262175 1173
327680 748
327681 1106
327682 1248
327683 1248
327684 1248
327685 1247
327686 1030
327687 1248
327688 1248
327689 1030
327690 1247
327691 1177
327692 1248
327693 1248
327694 1322
327695 1322
327696 1248
327697 1322
327698 1320
327699 1322
327700 1247
327701 1246
327702 1175
327703 1176
327704 1247
327705 1175
327706 1175
327707 1246
327708 1247
327709 1247
327710 1247
327711 1247
393216 1253
393217 1248
393218 1248
393219 1175
393220 1177
393221 1177
393222 1177
393223 1106
393224 1177
393225 1106
393226 1325
393227 1248
393228 1106
393229 1177
393230 1177
393231 1247
393232 1322
393233 1322
393234 1247
393235 1322
393236 1177
393237 1251
393238 1251
393239 1322
393240 1176
393241 1248
393242 1177
393243 1322
393244 1176
393245 1105
393246 1247
393247 1247
458752 1109
458753 1177
458754 1106
458755 1035
458756 1106
458757 1035
458758 1106
458759 1247
458760 1324
458761 1324
458762 1251
458763 1324
458764 1248
458765 1324
458766 1106
458767 1034
458768 1105
458769 1394
458770 1247
458771 1106
458772 1248
458773 1247
458774 1177
458775 1248
458776 1177
458777 1248
458778 1247
458779 1176
458780 1391
458781 1249
458782 1247
458783 1390
524288 1108
524289 822
524290 822
524291 1252
524292 1182
524293 1179
524294 1105
524295 1105
524296 1105
524297 1246
524298 1104
524299 1030
524300 1323
524301 1322
524302 1030
524303 1394
524304 1176
524305 1246
524306 1246
524307 1246
524308 1246
524309 1177
524310 1248
524311 1323
524312 1106
524313 1177
524314 1248
524315 1248
524316 1177
524317 1177
524318 1248
524319 1466
589824 897
589825 1183
589826 1254
589827 1106
589828 1177
589829 1177
589830 1248
589831 1106
589832 1249
589833 1249
589834 1249
589835 1249
589836 1249
589837 1248
589838 1177
589839 1106
589840 1324
589841 1176
589842 1106
589843 1178
589844 1324
589845 1324
589846 1249
589847 1249
589848 1177
589849 1249
589850 1248
589851 1248
589852 1248
589853 1394
589854 1105
589855 1320
655360 1110
655361 1177
655362 1177
655363 1249
655364 1106
655365 1249
655366 1395
655367 1248
655368 1105
655369 1178
655370 1249
655371 1325
655372 1253
655373 1177
655374 1823
655375 1323
655376 1248
655377 1323
655378 1248
655379 1106
655380 1177
655381 1175
655382 1247
655383 1176
655384 1176
655385 1392
655386 1176
655387 1246
655388 1246
655389 1104
655390 1246
655391 1246
720896 747
720897 1325
720898 1250
720899 1250
720900 1177
720901 1392
720902 1325
720903 1250
720904 1250
720905 1178
720906 1249
720907 1324
720908 1324
720909 1250
720910 1250
720911 1250
720912 1034
720913 1252
720914 1250
720915 1250
720916 1465
720917 1320
720918 1104
720919 239
720920 239
720921 239
720922 239
720923 239
720924 239
720925 239
720926 239
720927 239
kernel_count 59870
