0 1032
1 1248
2 1176
3 1249
4 1177
5 1611
6 1177
7 1177
8 1106
9 1177
10 1177
11 1177
12 1249
13 1248
14 1175
15 1176
16 1176
17 1176
18 1248
19 1248
20 1028
21 1176
22 1176
23 1466
24 1248
25 1248
26 1176
27 1106
28 1177
29 1322
30 1247
31 1175
65536 1109
65537 1105
65538 1105
65539 747
65540 1248
65541 1322
65542 1180
65543 1177
65544 1177
65545 1323
65546 1394
65547 1247
65548 1394
65549 1247
65550 1248
65551 1248
65552 1177
65553 1248
65554 1323
65555 1106
65556 1394
65557 1247
65558 1252
65559 1391
65560 1176
65561 1247
65562 1247
65563 1247
65564 1247
65565 1247
65566 1176
65567 1247
131072 1182
131073 1249
131074 1249
131075 1106
131076 1105
131077 1106
131078 1177
131079 1105
131080 1106
131081 1395
131082 1106
131083 1395
131084 1248
131085 1248
131086 1248
131087 1467
131088 1465
131089 1465
131090 1247
131091 1465
131092 1176
131093 1176
131094 1247
131095 1247
131096 1247
131097 1247
131098 1247
131099 1247
131100 1247
131101 1246
131102 1247
131103 1247
196608 1254
196609 1248
196610 1177
196611 1177
196612 1248
196613 1248
196614 1248
196615 1248
196616 1247
196617 1247
196618 1247
196619 1247
196620 1322
196621 1248
196622 1322
196623 1322
196624 1106
196625 1322
196626 1248
196627 1321
196628 1322
196629 1322
196630 1321
196631 1322
196632 1322
196633 1322
196634 1322
196635 1322
196636 1322
196637 1322
196638 1248
196639 1321
262144 824
262145 747
262146 822
262147 1253
262148 1394
262149 1176
262150 1177
262151 1030
262152 1030
262153 1247
262154 1248
262155 1393
262156 1393
262157 1247
262158 1247
262159 1177
262160 1248
262161 1177
262162 1175
262163 1248
262164 1176
262165 1248
262166 1177
262167 1177
262168 1323
262169 1323
262170 1323
262171 1466
262172 1466
262173 1324
262174 1176
262175 1245
327680 1110
327681 1106
327682 1106
327683 1249
327684 1106
327685 1249
327686 1177
327687 1177
327688 959
327689 1249
327690 1177
327691 1106
327692 1248
327693 1249
327694 1249
327695 1249
327696 1249
327697 1249
327698 1323
327699 1030
327700 1176
327701 1249
327702 1323
327703 1249
327704 1252
327705 1323
327706 1249
327707 1394
327708 1247
327709 1247
327710 1247
327711 1173
393216 1254
393217 1247
393218 1248
393219 1248
393220 1248
393221 1177
393222 1393
393223 1248
393224 1248
393225 1247
393226 1248
393227 1248
393228 1177
393229 1176
393230 1251
393231 1248
393232 1248
393233 1176
393234 1106
393235 1176
393236 1248
393237 1248
393238 1248
393239 1248
393240 1177
393241 1248
393242 1248
393243 1322
393244 1251
393245 1248
393246 1322
393247 1245
458752 1329
458753 1247
458754 1247
458755 1247
458756 1246
458757 1247
458758 1174
458759 1176
458760 1175
458761 1247
458762 1105
458763 1247
458764 1247
458765 1247
458766 1247
458767 1247
458768 1247
458769 1247
458770 1246
458771 1175
458772 1176
458773 1246
458774 1247
458775 1175
458776 1104
458777 1105
458778 1176
458779 1245
458780 1246
458781 1246
458782 1246
458783 1247
524288 1475
524289 1466
524290 1393
524291 1248
524292 1177
524293 1250
524294 1176
524295 1180
524296 1175
524297 1247
524298 1105
524299 1175
524300 1175
524301 1247
524302 1247
524303 1103
524304 1176
524305 1176
524306 1175
524307 1175
524308 1247
524309 1176
524310 1247
524311 1247
524312 1246
524313 1175
524314 1175
524315 1103
524316 1103
524317 1103
524318 1103
524319 1103
589824 748
589825 747
589826 747
589827 1177
589828 1248
589829 1248
589830 1106
589831 1181
589832 1248
589833 1248
589834 1177
589835 1248
589836 1247
589837 1323
589838 1106
589839 1030
589840 1393
589841 1248
589842 1106
589843 1030
589844 1247
589845 1392
589846 1177
589847 1106
589848 1030
589849 1392
589850 1323
589851 1177
589852 1177
589853 1177
589854 1177
589855 1393
655360 1182
655361 1176
655362 1176
655363 1176
655364 1177
655365 1322
655366 1177
655367 1177
655368 1177
655369 1105
655370 1176
655371 1321
655372 1104
655373 1029
655374 1247
655375 1174
655376 1247
655377 1176
655378 1105
655379 1247
655380 1105
655381 1105
655382 1246
655383 1105
655384 1247
655385 1247
655386 1247
655387 1247
655388 1247
655389 1247
655390 1246
655391 1247
720896 1254
720897 1248
720898 1248
720899 1248
720900 1248
720901 1248
720902 1248
720903 1247
720904 1248
720905 1248
720906 1248
720907 1247
720908 1247
720909 1322
720910 1248
720911 1248
720912 1248
720913 1176
720914 1323
720915 1106
720916 1392
720917 1030
720918 1106
720919 1248
720920 1248
720921 1248
720922 1248
720923 1392
720924 1391
720925 1246
720926 1174
720927 1175
786432 1253
786433 1249
786434 1249
786435 1250
786436 1178
786437 1467
786438 1172
786439 239
786440 239
786441 239
786442 239
786443 239
786444 239
786445 239
786446 239
786447 239
786448 239
786449 239
786450 239
786451 239
786452 239
786453 239
786454 239
786455 239
786456 239
786457 239
786458 239
786459 239
786460 239
786461 239
786462 239
786463 239
kernel_count 63026
