0 1110
1 1322
2 1321
3 1106
4 1248
5 1393
6 1322
7 1321
8 1106
9 1248
10 1247
11 1247
12 1248
13 1176
14 1177
15 1176
16 1247
17 1248
18 1176
19 1177
20 1177
21 1247
22 1248
23 1322
24 1322
25 1106
26 1248
27 1247
28 1247
29 1321
30 1321
31 1175
65536 1181
65537 1106
65538 1248
65539 1249
65540 1106
65541 1106
65542 1176
65543 1106
65544 1106
65545 1176
65546 1177
65547 1248
65548 1248
65549 1177
65550 1106
65551 1176
65552 1177
65553 1249
65554 1249
65555 1249
65556 1249
65557 1249
65558 1177
65559 1249
65560 1249
65561 1249
65562 1248
65563 1462
65564 1103
65565 1247
65566 1247
65567 1175
131072 1037
131073 1105
131074 1176
131075 1248
131076 1247
131077 1029
131078 1029
131079 1106
131080 1105
131081 1465
131082 1249
131083 1469
131084 1177
131085 1466
131086 1249
131087 1469
131088 1176
131089 1105
131090 1105
131091 1106
131092 1177
131093 1177
131094 1249
131095 1106
131096 1177
131097 1249
131098 1249
131099 1249
131100 1249
131101 1177
131102 1536
131103 1247
196608 1333
196609 1247
196610 1247
196611 1248
196612 1397
196613 1246
196614 1248
196615 1248
196616 1247
196617 1247
196618 1247
196619 1246
196620 1247
196621 1248
196622 1247
196623 1248
196624 1248
196625 1247
196626 1247
196627 1247
196628 1246
196629 1248
196630 1466
196631 1035
196632 1466
196633 1175
196634 1175
196635 1177
196636 1246
196637 1321
196638 1248
196639 1465
262144 1180
262145 1248
262146 1175
262147 1690
262148 1247
262149 1248
262150 1248
262151 1246
262152 1248
262153 1247
262154 1392
262155 1177
262156 1177
262157 1106
262158 1248
262159 1106
262160 1247
262161 1250
262162 1247
262163 1392
262164 1247
262165 1247
262166 1247
262167 1176
262168 1247
262169 1247
262170 1176
262171 1247
262172 1247
262173 1030
262174 1247
262175 1247
327680 1035
327681 887
327682 887
327683 1248
327684 1248
327685 1248
327686 1248
327687 1248
327688 1248
327689 1176
327690 1248
327691 1247
327692 1248
327693 1248
327694 1247
327695 1248
327696 1248
327697 1248
327698 1177
327699 239
327700 239
327701 239
327702 239
327703 239
327704 239
327705 239
327706 239
327707 239
327708 239
327709 239
327710 239
327711 239
kernel_count 29052
