0 1253
1 1175
2 1246
3 1247
4 1247
5 1176
6 1246
7 1247
8 1247
9 1246
10 1247
11 1247
12 1247
13 1246
14 1247
15 1247
16 1176
17 1176
18 1176
19 1247
20 1246
21 1247
22 1247
23 1247
24 1247
25 1175
26 1176
27 1246
28 1247
29 1247
30 1247
31 1246
65536 1181
65537 1248
65538 1248
65539 1248
65540 1247
65541 1246
65542 1247
65543 1248
65544 1247
65545 1247
65546 1248
65547 1247
65548 1248
65549 1247
65550 1248
65551 1247
65552 1247
65553 1248
65554 1248
65555 1247
65556 1247
65557 1248
65558 1177
65559 1248
65560 1248
65561 1248
65562 1247
65563 1177
65564 1322
65565 1321
65566 1322
65567 1247
131072 1254
131073 1248
131074 1106
131075 1106
131076 1106
131077 1177
131078 1249
131079 1249
131080 1176
131081 1249
131082 1175
131083 1464
131084 1464
131085 1247
131086 1176
131087 1247
131088 1175
131089 1247
131090 1105
131091 1247
131092 1176
131093 1247
131094 1246
131095 1247
131096 1176
131097 1246
131098 1247
131099 1176
131100 1246
131101 1247
131102 1175
131103 1247
196608 1254
196609 1177
196610 1177
196611 1247
196612 1247
196613 1248
196614 1247
196615 1321
196616 1320
196617 1177
196618 1248
196619 1176
196620 1176
196621 1247
196622 1176
196623 1248
196624 1247
196625 1247
196626 1248
196627 1247
196628 1248
196629 1247
196630 1247
196631 1246
196632 1246
196633 1465
196634 1466
196635 1466
196636 1466
196637 1466
196638 1321
196639 1321
262144 1257
262145 1324
262146 1249
262147 1248
262148 1324
262149 1249
262150 1249
262151 1393
262152 1249
262153 1249
262154 1393
262155 1248
262156 1177
262157 1105
262158 1104
262159 1249
262160 1177
262161 1248
262162 1249
262163 1106
262164 1248
262165 1249
262166 1249
262167 1249
262168 1249
262169 1393
262170 1464
262171 1392
262172 1247
262173 1247
262174 1176
262175 1246
327680 824
327681 822
327682 747
327683 747
327684 746
327685 1248
327686 1247
327687 239
327688 239
327689 239
327690 239
327691 239
327692 239
327693 239
327694 239
327695 239
327696 239
327697 239
327698 239
327699 239
327700 239
327701 239
327702 239
327703 239
327704 239
327705 239
327706 239
327707 239
327708 239
327709 239
327710 239
327711 239
kernel_count 27461
