0 1400
1 1248
2 1248
3 1248
4 1177
5 1247
6 1248
7 1177
8 1248
9 1248
10 1248
11 1392
12 1247
13 1248
14 1248
15 1106
16 1176
17 1248
18 1177
19 1248
20 1248
21 1248
22 1321
23 1247
24 1248
25 1177
26 1106
27 1247
28 1248
29 1248
30 1248
31 1392
65536 1253
65537 1245
65538 1248
65539 1248
65540 1247
65541 1248
65542 1247
65543 1246
65544 1247
65545 1248
65546 1247
65547 1248
65548 1247
65549 1247
65550 1247
65551 1248
65552 1248
65553 1248
65554 1248
65555 1248
65556 1248
65557 1248
65558 1247
65559 1177
65560 1248
65561 1247
65562 1248
65563 1176
65564 1106
65565 1251
65566 1246
65567 1247
131072 1254
131073 1249
131074 1248
131075 1177
131076 1394
131077 1249
131078 1249
131079 1249
131080 1247
131081 1249
131082 1464
131083 1464
131084 1177
131085 1248
131086 1247
131087 1247
131088 1247
131089 1247
131090 1247
131091 1247
131092 1247
131093 1247
131094 1247
131095 1248
131096 1176
131097 1247
131098 1248
131099 1248
131100 1105
131101 1106
131102 1320
131103 1103
196608 1254
196609 959
196610 1106
196611 1248
196612 1177
196613 1248
196614 1249
196615 1249
196616 1248
196617 1104
196618 1684
196619 1176
196620 1246
196621 1246
196622 1245
196623 1246
196624 1246
196625 1245
196626 1246
196627 1246
196628 1245
196629 1246
196630 1246
196631 1245
196632 1174
196633 1247
196634 1245
196635 1247
196636 1246
196637 1246
196638 1176
196639 1246
262144 1182
262145 1106
262146 1248
262147 1248
262148 1248
262149 1247
262150 1248
262151 1176
262152 1248
262153 1031
262154 1248
262155 1029
262156 958
262157 239
262158 239
262159 239
262160 239
262161 239
262162 239
262163 239
262164 239
262165 239
262166 239
262167 239
262168 239
262169 239
262170 239
262171 239
262172 239
262173 239
262174 239
262175 239
kernel_count 23128
