0 1252
1 1247
2 1248
3 1177
4 1106
5 1106
6 1106
7 1106
8 1249
9 1249
10 1249
11 1393
12 1177
13 1177
14 1177
15 1249
16 1249
17 1177
18 1248
19 1464
20 1176
21 1175
22 1176
23 1246
24 1245
25 1245
26 1246
27 1175
28 1103
29 1103
30 1103
31 1103
65536 748
65537 747
65538 747
65539 1254
65540 1249
65541 1177
65542 1249
65543 1249
65544 1249
65545 1249
65546 1249
65547 1467
65548 1467
65549 1466
65550 1176
65551 1176
65552 1030
65553 1249
65554 1249
65555 1249
65556 1249
65557 1249
65558 1249
65559 1249
65560 1248
65561 1175
65562 1464
65563 1247
65564 1246
65565 1175
65566 1174
65567 1175
131072 747
131073 1177
131074 1392
131075 1392
131076 1175
131077 1247
131078 1247
131079 1247
131080 1247
131081 1247
131082 1247
131083 1247
131084 1247
131085 1247
131086 1247
131087 1247
131088 1246
131089 1246
131090 1246
131091 1105
131092 1246
131093 1247
131094 1247
131095 1247
131096 1247
131097 1246
131098 1247
131099 1247
131100 1105
131101 1246
131102 1103
131103 1175
196608 1254
196609 1249
196610 1249
196611 1466
196612 1249
196613 1249
196614 1175
196615 1249
196616 1247
196617 1177
196618 1177
196619 1249
196620 1249
196621 1176
196622 1177
196623 1106
196624 1249
196625 1177
196626 1678
196627 1607
196628 1106
196629 1248
196630 1249
196631 1176
196632 1249
196633 1177
196634 1176
196635 1247
196636 1249
196637 1178
196638 1464
196639 1245
262144 1253
262145 1248
262146 1248
262147 1177
262148 1249
262149 1248
262150 1176
262151 1248
262152 1466
262153 1465
262154 1177
262155 1539
262156 1398
262157 1176
262158 1249
262159 1249
262160 1536
262161 1609
262162 1246
262163 1246
262164 1245
262165 1103
262166 1245
262167 1103
262168 1245
262169 1175
262170 1247
262171 1247
262172 1246
262173 1176
262174 1246
262175 1247
327680 1110
327681 1248
327682 1248
327683 1247
327684 1248
327685 1105
327686 1105
327687 1104
327688 1105
327689 1105
327690 1105
327691 1104
327692 1105
327693 1105
327694 1104
327695 1105
327696 1105
327697 1105
327698 1248
327699 1248
327700 1177
327701 1248
327702 1248
327703 1247
327704 1394
327705 1394
327706 1247
327707 1247
327708 1247
327709 1247
327710 1247
327711 1175
393216 966
393217 892
393218 962
393219 963
393220 892
393221 1177
393222 1249
393223 1249
393224 1248
393225 1105
393226 1464
393227 1248
393228 1248
393229 1248
393230 1177
393231 1176
393232 1106
393233 1177
393234 1176
393235 1105
393236 1176
393237 1248
393238 1105
393239 1248
393240 1177
393241 1248
393242 1177
393243 1176
393244 1176
393245 1177
393246 1322
393247 1172
458752 1110
458753 1106
458754 1248
458755 1177
458756 1247
458757 1248
458758 1248
458759 1177
458760 1247
458761 1176
458762 1248
458763 1248
458764 1248
458765 1247
458766 1248
458767 1324
458768 1247
458769 1248
458770 1248
458771 1247
458772 1247
458773 1249
458774 1248
458775 1029
458776 1249
458777 1396
458778 1396
458779 1323
458780 1249
458781 1177
458782 1608
458783 1245
524288 1182
524289 1177
524290 1248
524291 1177
524292 1105
524293 1176
524294 1106
524295 1248
524296 1248
524297 1031
524298 1248
524299 1177
524300 1248
524301 1248
524302 1248
524303 1248
524304 1177
524305 1248
524306 1248
524307 1176
524308 1248
524309 1248
524310 1177
524311 1176
524312 1248
524313 734
524314 239
524315 239
524316 239
524317 239
524318 239
524319 239
kernel_count 44950
