0 1182
1 1176
2 1246
3 1176
4 1176
5 1247
6 1176
7 1176
8 1247
9 1176
10 1176
11 1247
12 1176
13 1176
14 1247
15 1176
16 1176
17 1247
18 1176
19 1176
20 1246
21 1247
22 1105
23 1247
24 1176
25 1247
26 1247
27 1176
28 1176
29 1247
30 1247
31 1247
65536 1254
65537 1249
65538 1176
65539 1176
65540 1176
65541 1035
65542 1106
65543 1106
65544 1030
65545 1177
65546 1248
65547 1177
65548 1177
65549 1178
65550 1248
65551 1177
65552 1177
65553 1395
65554 1394
65555 1394
65556 1249
65557 1468
65558 1248
65559 1249
65560 1176
65561 1177
65562 1462
65563 1247
65564 1247
65565 1247
65566 1247
65567 1247
131072 1254
131073 1466
131074 1249
131075 1253
131076 1249
131077 1249
131078 1249
131079 1177
131080 1249
131081 1398
131082 1324
131083 1248
131084 1177
131085 1248
131086 1249
131087 1106
131088 1248
131089 1248
131090 1175
131091 1252
131092 1252
131093 1253
131094 1538
131095 1538
131096 1537
131097 1105
131098 1247
131099 1247
131100 1176
131101 1176
131102 1247
131103 1247
196608 1110
196609 1249
196610 1249
196611 1249
196612 1177
196613 1177
196614 1249
196615 1465
196616 1248
196617 1177
196618 1323
196619 1249
196620 1249
196621 1323
196622 1393
196623 1249
196624 1463
196625 1105
196626 1462
196627 1249
196628 1463
196629 1463
196630 1462
196631 1104
196632 1175
196633 1175
196634 1175
196635 1176
196636 1175
196637 1247
196638 1176
196639 1247
262144 1253
262145 1249
262146 1178
262147 1178
262148 1178
262149 1248
262150 1035
262151 1035
262152 1106
262153 1177
262154 1248
262155 1251
262156 1107
262157 1107
262158 1178
262159 1249
262160 1249
262161 1249
262162 1249
262163 1249
262164 1178
262165 1178
262166 1249
262167 1249
262168 1031
262169 1248
262170 1248
262171 1248
262172 1248
262173 1393
262174 1248
262175 239
kernel_count 25739
