0 1252
1 1176
2 1176
3 1176
4 1176
5 1247
6 1247
7 1247
8 1247
9 1176
10 1247
11 1247
12 1105
13 1247
14 1247
15 1176
16 1176
17 1176
18 1247
19 1176
20 1247
21 1247
22 1247
23 1176
24 1247
25 1247
26 1247
27 1247
28 1176
29 1176
30 1176
31 1247
65536 747
65537 747
65538 747
65539 1249
65540 1248
65541 1248
65542 1177
65543 1249
65544 1249
65545 1177
65546 1248
65547 1177
65548 1177
65549 1177
65550 1463
65551 1463
65552 1464
65553 1176
65554 1176
65555 1176
65556 1247
65557 1245
65558 1105
65559 1174
65560 1246
65561 1247
65562 1247
65563 1247
65564 1247
65565 1247
65566 1176
65567 1246
131072 1254
131073 1248
131074 1248
131075 1249
131076 1249
131077 1249
131078 1249
131079 1249
131080 1249
131081 1177
131082 1324
131083 1035
131084 1177
131085 1106
131086 1249
131087 1249
131088 1464
131089 1248
131090 1464
131091 1463
131092 1105
131093 1105
131094 1246
131095 1176
131096 1176
131097 1247
131098 1246
131099 1246
131100 1246
131101 1246
131102 1247
131103 1247
196608 1182
196609 1105
196610 1105
196611 1105
196612 1105
196613 1105
196614 1105
196615 1105
196616 1105
196617 958
196618 1105
196619 1247
196620 1104
196621 1246
196622 1245
196623 1246
196624 1176
196625 1105
196626 1176
196627 1247
196628 1176
196629 1176
196630 1247
196631 1105
196632 1247
196633 1247
196634 1247
196635 1176
196636 1176
196637 1247
196638 1105
196639 1247
262144 748
262145 1247
262146 1176
262147 1176
262148 1247
262149 1247
262150 1247
262151 1247
262152 1247
262153 1247
262154 1247
262155 1175
262156 1246
262157 1246
262158 1247
262159 1246
262160 1247
262161 1175
262162 1175
262163 1247
262164 1246
262165 1247
262166 1246
262167 1176
262168 1176
262169 1176
262170 1247
262171 890
262172 1247
262173 1246
262174 1247
262175 1247
327680 1401
327681 1247
327682 1248
327683 1247
327684 1105
327685 1250
327686 1247
327687 1106
327688 1176
327689 1247
327690 1247
327691 1248
327692 1176
327693 1248
327694 1321
327695 1249
327696 1249
327697 1249
327698 1248
327699 1248
327700 1248
327701 1322
327702 1322
327703 1321
327704 1250
327705 1247
327706 1105
327707 1176
327708 1246
327709 1246
327710 1247
327711 1174
393216 1254
393217 1034
393218 1106
393219 1249
393220 1177
393221 1249
393222 1678
393223 1249
393224 1249
393225 1248
393226 1248
393227 1106
393228 1608
393229 1247
393230 1105
393231 1105
393232 1247
393233 1246
393234 1247
393235 1104
393236 1247
393237 1030
393238 1246
393239 1247
393240 1247
393241 1105
393242 1247
393243 1247
393244 1247
393245 1176
393246 1030
393247 1247
458752 1181
458753 1176
458754 1249
458755 1324
458756 1324
458757 1106
458758 1249
458759 1106
458760 1323
458761 1249
458762 1324
458763 1249
458764 1176
458765 1249
458766 1249
458767 1465
458768 1393
458769 1248
458770 1177
458771 1177
458772 1248
458773 1248
458774 1248
458775 1248
458776 1248
458777 1248
458778 1176
458779 1248
458780 1248
458781 1248
458782 1248
458783 1394
524288 1258
524289 1468
524290 1398
524291 1255
524292 1255
524293 1255
524294 1255
524295 1398
524296 1322
524297 1248
524298 1248
524299 1248
524300 1248
524301 1392
524302 1176
524303 1246
524304 1176
524305 1030
524306 1246
524307 1176
524308 1246
524309 1029
524310 1247
524311 1247
524312 1176
524313 1247
524314 1247
524315 1175
524316 1029
524317 1103
524318 1103
524319 1103
589824 748
589825 747
589826 747
589827 747
589828 747
589829 747
589830 747
589831 1105
589832 1248
589833 1248
589834 1248
589835 1247
589836 1246
589837 1246
589838 1393
589839 1106
589840 1248
589841 1177
589842 1177
589843 1247
589844 1248
589845 1177
589846 1106
589847 1176
589848 1177
589849 1177
589850 1322
589851 1247
589852 1247
589853 1032
589854 1031
589855 1102
655360 1253
655361 1248
655362 1176
655363 1465
655364 1180
655365 1249
655366 1249
655367 1394
655368 1177
655369 1247
655370 1247
655371 1247
655372 1247
655373 1248
655374 1392
655375 1321
655376 1248
655377 1247
655378 1247
655379 1106
655380 1030
655381 1176
655382 1247
655383 1247
655384 1247
655385 1030
655386 1248
655387 1247
655388 1247
655389 1178
655390 1178
655391 1175
720896 1182
720897 1250
720898 1178
720899 1178
720900 1249
720901 1107
720902 1249
720903 1178
720904 1250
720905 1106
720906 1107
720907 1396
720908 1250
720909 1178
720910 1395
720911 1397
720912 1679
720913 1248
720914 1248
720915 1248
720916 1247
720917 1248
720918 812
720919 239
720920 239
720921 239
720922 239
720923 239
720924 239
720925 239
720926 239
720927 239
kernel_count 59430
