0 1254
1 1249
2 1177
3 1249
4 1249
5 1249
6 1249
7 1176
8 1249
9 1249
10 1249
11 1249
12 1177
13 1248
14 1177
15 1249
16 1249
17 1249
18 1177
19 1248
20 1176
21 1249
22 1248
23 1248
24 1249
25 1177
26 1249
27 1249
28 1177
29 1249
30 1248
31 1463
65536 1253
65537 1248
65538 1247
65539 1247
65540 1323
65541 1176
65542 1248
65543 1251
65544 1248
65545 1177
65546 1106
65547 1248
65548 1248
65549 1247
65550 1248
65551 1248
65552 1248
65553 1248
65554 1248
65555 1248
65556 1248
65557 1323
65558 1248
65559 1176
65560 1177
65561 1248
65562 1248
65563 1392
65564 1247
65565 1247
65566 1247
65567 1247
131072 1254
131073 1248
131074 1248
131075 1248
131076 1248
131077 1248
131078 1177
131079 1177
131080 1324
131081 1252
131082 1324
131083 1249
131084 1253
131085 1177
131086 1253
131087 1176
131088 1249
131089 1324
131090 1395
131091 1177
131092 1106
131093 1249
131094 1540
131095 1247
131096 1176
131097 1176
131098 1173
131099 1247
131100 1246
131101 1029
131102 958
131103 1103
196608 1181
196609 1248
196610 1248
196611 1177
196612 1106
196613 1248
196614 1247
196615 1176
196616 1176
196617 1177
196618 1247
196619 1177
196620 1247
196621 1247
196622 1105
196623 1105
196624 1030
196625 1177
196626 1176
196627 1322
196628 1321
196629 1246
196630 1247
196631 1247
196632 1247
196633 1247
196634 1247
196635 1247
196636 1247
196637 1247
196638 1175
196639 1175
262144 892
262145 239
262146 239
262147 239
262148 239
262149 239
262150 239
262151 239
262152 239
262153 239
262154 239
262155 239
262156 239
262157 239
262158 239
262159 239
262160 239
262161 239
262162 239
262163 239
262164 239
262165 239
262166 239
262167 239
262168 239
262169 239
262170 239
262171 239
262172 239
262173 239
262174 239
262175 239
kernel_count 21395
