0 1330
1 1465
2 1249
3 1106
4 1249
5 1465
6 1177
7 1248
8 1248
9 1248
10 1249
11 1248
12 1324
13 1249
14 1465
15 1249
16 1177
17 1465
18 1249
19 1249
20 1247
21 1248
22 1249
23 1248
24 1324
25 1249
26 1464
27 1249
28 1177
29 1464
30 1247
31 1173
65536 1254
65537 1249
65538 1324
65539 1249
65540 1247
65541 1104
65542 1249
65543 1249
65544 1323
65545 1248
65546 1177
65547 1249
65548 1393
65549 1321
65550 1321
65551 1321
65552 1321
65553 1321
65554 1249
65555 1105
65556 1393
65557 1393
65558 1393
65559 1393
65560 1034
65561 1104
65562 1105
65563 1393
65564 1393
65565 1393
65566 1393
65567 1175
131072 1400
131073 1249
131074 1249
131075 1249
131076 1248
131077 1249
131078 1249
131079 1176
131080 1248
131081 1248
131082 1249
131083 1106
131084 1106
131085 1176
131086 1106
131087 1177
131088 1105
131089 1105
131090 1177
131091 1176
131092 1105
131093 1176
131094 1897
131095 1249
131096 1248
131097 1897
131098 1392
131099 1392
131100 1247
131101 1247
131102 1247
131103 1247
196608 1109
196609 1393
196610 1394
196611 1248
196612 1177
196613 1252
196614 1247
196615 1247
196616 1247
196617 1248
196618 1105
196619 1177
196620 1176
196621 1177
196622 1248
196623 1396
196624 1177
196625 1248
196626 1248
196627 1248
196628 1248
196629 1248
196630 1321
196631 1251
196632 1247
196633 1250
196634 1104
196635 1250
196636 1104
196637 1250
196638 1103
196639 1175
262144 1254
262145 1178
262146 1107
262147 1178
262148 1250
262149 1249
262150 1250
262151 1178
262152 1250
262153 1682
262154 1249
262155 1249
262156 1249
262157 1249
262158 1249
262159 1249
262160 1248
262161 1324
262162 1324
262163 1394
262164 1252
262165 1392
262166 1173
262167 239
262168 239
262169 239
262170 239
262171 239
262172 239
262173 239
262174 239
262175 239
kernel_count 25269
