0 1254
1 1465
2 1465
3 1247
4 1247
5 1247
6 1247
7 1248
8 1247
9 1177
10 1322
11 1248
12 1322
13 1246
14 1247
15 1247
16 1247
17 1176
18 1247
19 1105
20 1247
21 1247
22 1176
23 1247
24 1247
25 1104
26 1247
27 1176
28 1246
29 1247
30 1246
31 1103
65536 1182
65537 1248
65538 1106
65539 1248
65540 1247
65541 1177
65542 1248
65543 1248
65544 1246
65545 1248
65546 1177
65547 1247
65548 1247
65549 1106
65550 1248
65551 1322
65552 1177
65553 1177
65554 1177
65555 1177
65556 1177
65557 1247
65558 1322
65559 1248
65560 1322
65561 1248
65562 1322
65563 1248
65564 1322
65565 1246
65566 1247
65567 1247
131072 1401
131073 1248
131074 1248
131075 1249
131076 1395
131077 1323
131078 1395
131079 1249
131080 1249
131081 1249
131082 1395
131083 1249
131084 1248
131085 1248
131086 1395
131087 1177
131088 1395
131089 1177
131090 1395
131091 1178
131092 1178
131093 1609
131094 1248
131095 1466
131096 1177
131097 1248
131098 1250
131099 1105
131100 1175
131101 1175
131102 1175
131103 1250
196608 748
196609 748
196610 748
196611 748
196612 748
196613 1252
196614 1106
196615 1248
196616 1248
196617 1177
196618 239
196619 239
196620 239
196621 239
196622 239
196623 239
196624 239
196625 239
196626 239
196627 239
196628 239
196629 239
196630 239
196631 239
196632 239
196633 239
196634 239
196635 239
196636 239
196637 239
196638 239
196639 239
kernel_count 17505
