0 1254
1 1176
2 1247
3 1176
4 1247
5 1176
6 1176
7 1176
8 1176
9 1175
10 1176
11 1247
12 1247
13 1176
14 1247
15 1176
16 1176
17 1247
18 1105
19 1247
20 1176
21 1247
22 1176
23 1247
24 1176
25 1176
26 1176
27 1176
28 1246
29 1247
30 1175
31 1103
65536 1182
65537 1107
65538 1178
65539 1178
65540 1031
65541 1177
65542 1249
65543 1249
65544 1177
65545 1249
65546 1249
65547 963
65548 1393
65549 1393
65550 1176
65551 1248
65552 1105
65553 1106
65554 1177
65555 1248
65556 1248
65557 952
65558 239
65559 239
65560 239
65561 239
65562 239
65563 239
65564 239
65565 239
65566 239
65567 239
kernel_count 8613
