0 961
1 1249
2 1177
3 1249
4 1249
5 1464
6 1249
7 1249
8 1106
9 1249
10 1249
11 1464
12 1249
13 1249
14 1249
15 1249
16 1249
17 1464
18 1247
19 1247
20 1247
21 1247
22 1247
23 1247
24 1246
25 1247
26 1247
27 1246
28 1176
29 1246
30 1247
31 1247
65536 1110
65537 1249
65538 1248
65539 1247
65540 1248
65541 1176
65542 1249
65543 1249
65544 1249
65545 1249
65546 1249
65547 1249
65548 1249
65549 1249
65550 1249
65551 1177
65552 1249
65553 1177
65554 1106
65555 1249
65556 1249
65557 1177
65558 1105
65559 1249
65560 1178
65561 1176
65562 1607
65563 1247
65564 1248
65565 1177
65566 1248
65567 1392
131072 1254
131073 1247
131074 1247
131075 1247
131076 1176
131077 1247
131078 1105
131079 811
131080 1176
131081 1176
131082 1176
131083 1030
131084 1247
131085 1247
131086 1246
131087 1247
131088 1247
131089 1247
131090 1247
131091 1246
131092 1104
131093 1247
131094 1247
131095 1247
131096 1247
131097 1247
131098 1105
131099 1247
131100 1247
131101 1176
131102 1247
131103 1175
196608 1182
196609 1030
196610 1248
196611 1395
196612 1106
196613 1104
196614 1176
196615 1249
196616 1248
196617 1249
196618 1249
196619 1463
196620 1464
196621 1464
196622 1247
196623 1247
196624 1247
196625 1247
196626 1246
196627 1247
196628 1247
196629 1176
196630 1247
196631 1176
196632 1247
196633 1176
196634 1247
196635 1176
196636 1176
196637 1247
196638 1176
196639 1247
262144 1253
262145 1247
262146 1248
262147 1247
262148 1248
262149 1177
262150 1248
262151 1177
262152 1248
262153 1248
262154 1248
262155 1247
262156 1248
262157 1247
262158 1248
262159 1248
262160 1248
262161 1177
262162 1467
262163 1247
262164 1247
262165 1176
262166 1176
262167 1175
262168 1246
262169 1176
262170 1247
262171 1247
262172 1247
262173 1247
262174 1247
262175 1247
327680 1182
327681 1249
327682 1249
327683 1249
327684 1177
327685 1249
327686 1249
327687 1248
327688 1249
327689 1249
327690 1248
327691 1177
327692 1249
327693 1465
327694 1247
327695 1248
327696 1176
327697 1177
327698 1248
327699 1246
327700 1247
327701 1248
327702 1324
327703 1252
327704 1324
327705 1324
327706 1324
327707 1324
327708 1395
327709 1396
327710 1175
327711 1247
393216 1182
393217 1247
393218 1540
393219 1540
393220 1177
393221 1248
393222 1540
393223 1248
393224 1247
393225 1248
393226 1248
393227 1392
393228 1104
393229 1246
393230 1246
393231 1246
393232 1247
393233 1246
393234 1246
393235 1247
393236 1246
393237 1246
393238 1247
393239 1176
393240 1104
393241 1246
393242 1246
393243 1247
393244 1246
393245 1246
393246 1246
393247 1247
458752 747
458753 746
458754 747
458755 1249
458756 1248
458757 1248
458758 1247
458759 1393
458760 1249
458761 1249
458762 1395
458763 1249
458764 1607
458765 1321
458766 1247
458767 1105
458768 1176
458769 1247
458770 1247
458771 1246
458772 1247
458773 1176
458774 1247
458775 1246
458776 1247
458777 1030
458778 1247
458779 1030
458780 1104
458781 1247
458782 1246
458783 1172
524288 1110
524289 1177
524290 1395
524291 1395
524292 1177
524293 1249
524294 1249
524295 1249
524296 1249
524297 1607
524298 1248
524299 1177
524300 1249
524301 1248
524302 1393
524303 1106
524304 1249
524305 1249
524306 1249
524307 1249
524308 1177
524309 1248
524310 1249
524311 1177
524312 1465
524313 1248
524314 1247
524315 1247
524316 1248
524317 1177
524318 1322
524319 1245
589824 1253
589825 1177
589826 1248
589827 1246
589828 1174
589829 239
589830 239
589831 239
589832 239
589833 239
589834 239
589835 239
589836 239
589837 239
589838 239
589839 239
589840 239
589841 239
589842 239
589843 239
589844 239
589845 239
589846 239
589847 239
589848 239
589849 239
589850 239
589851 239
589852 239
589853 239
589854 239
589855 239
kernel_count 47986
