0 1254
1 1247
2 1247
3 1246
4 1176
5 1247
6 1247
7 1175
8 1246
9 1176
10 1246
11 1176
12 1246
13 1176
14 1246
15 1176
16 1246
17 1176
18 1246
19 1176
20 1246
21 1176
22 1247
23 1247
24 1176
25 1176
26 1247
27 1247
28 1247
29 1247
30 1247
31 1247
65536 1037
65537 1035
65538 1248
65539 1030
65540 1106
65541 1249
65542 1249
65543 1252
65544 1249
65545 1463
65546 1247
65547 1247
65548 1247
65549 1176
65550 1176
65551 1176
65552 1175
65553 1247
65554 1176
65555 1176
65556 1175
65557 1176
65558 1247
65559 1247
65560 1247
65561 1247
65562 1247
65563 1246
65564 1247
65565 1247
65566 1105
65567 1247
131072 1109
131073 1106
131074 1177
131075 1247
131076 1250
131077 1246
131078 1322
131079 1247
131080 1247
131081 1177
131082 1248
131083 1247
131084 1248
131085 1247
131086 1106
131087 1248
131088 1248
131089 1248
131090 1393
131091 1248
131092 1181
131093 1252
131094 1248
131095 1248
131096 1248
131097 1247
131098 1392
131099 1104
131100 1175
131101 1029
131102 1102
131103 1028
196608 1400
196609 1249
196610 1247
196611 1249
196612 1253
196613 1470
196614 1395
196615 1462
196616 1248
196617 1248
196618 1248
196619 1247
196620 1248
196621 1248
196622 1177
196623 1247
196624 1248
196625 1248
196626 1248
196627 1248
196628 1248
196629 1248
196630 1248
196631 1248
196632 1106
196633 1390
196634 1246
196635 1250
196636 1247
196637 1031
196638 1174
196639 1029
262144 1253
262145 1247
262146 1322
262147 1323
262148 1177
262149 1176
262150 1248
262151 1248
262152 1177
262153 1104
262154 1104
262155 1104
262156 1105
262157 1104
262158 1106
262159 1106
262160 1106
262161 1248
262162 1248
262163 1177
262164 1248
262165 1392
262166 1105
262167 1176
262168 1176
262169 1247
262170 1246
262171 1247
262172 1247
262173 1103
262174 1103
262175 1102
327680 746
327681 1177
327682 1249
327683 1177
327684 1538
327685 1538
327686 1538
327687 1395
327688 1249
327689 1249
327690 1177
327691 1177
327692 1177
327693 1248
327694 1467
327695 1467
327696 1609
327697 1466
327698 1466
327699 1106
327700 1248
327701 1248
327702 1177
327703 1176
327704 1106
327705 1106
327706 1106
327707 1247
327708 1394
327709 1250
327710 1103
327711 1103
393216 1110
393217 745
393218 1176
393219 1177
393220 1248
393221 1177
393222 1248
393223 1177
393224 1106
393225 1248
393226 1028
393227 1323
393228 1247
393229 1247
393230 1248
393231 1106
393232 1247
393233 1176
393234 1177
393235 1248
393236 1247
393237 1248
393238 1392
393239 1248
393240 1248
393241 1323
393242 1248
393243 1321
393244 1104
393245 1246
393246 1247
393247 1247
458752 1254
458753 1248
458754 1247
458755 1248
458756 1248
458757 1248
458758 1248
458759 1248
458760 1104
458761 239
458762 239
458763 239
458764 239
458765 239
458766 239
458767 239
458768 239
458769 239
458770 239
458771 239
458772 239
458773 239
458774 239
458775 239
458776 239
458777 239
458778 239
458779 239
458780 239
458781 239
458782 239
458783 239
kernel_count 37727
