0 1034
1 1177
2 1177
3 1324
4 1249
5 1106
6 1030
7 1030
8 1030
9 1030
10 1249
11 1249
12 1463
13 1176
14 1248
15 1247
16 1176
17 1462
18 1106
19 1249
20 1249
21 1463
22 1248
23 1248
24 1247
25 1248
26 1462
27 1249
28 1464
29 1245
30 1245
31 1245
65536 748
65537 821
65538 821
65539 746
65540 821
65541 747
65542 1176
65543 1177
65544 1176
65545 1177
65546 1247
65547 1177
65548 1247
65549 1248
65550 1177
65551 887
65552 1176
65553 1247
65554 1105
65555 1176
65556 1176
65557 1248
65558 1321
65559 1176
65560 1247
65561 1322
65562 1321
65563 1176
65564 1247
65565 1322
65566 1250
65567 1250
131072 1253
131073 1178
131074 1177
131075 1249
131076 1249
131077 1248
131078 1324
131079 1249
131080 1249
131081 1468
131082 1249
131083 1249
131084 1323
131085 1249
131086 1249
131087 1247
131088 1248
131089 1249
131090 1248
131091 1249
131092 1249
131093 1463
131094 1106
131095 1249
131096 1463
131097 1030
131098 1247
131099 1030
131100 1247
131101 1247
131102 1247
131103 1175
196608 1254
196609 1249
196610 1249
196611 1249
196612 1249
196613 1249
196614 1106
196615 1106
196616 1177
196617 1394
196618 1248
196619 1248
196620 1248
196621 1177
196622 1247
196623 1248
196624 1247
196625 1248
196626 1106
196627 1177
196628 1177
196629 1106
196630 1105
196631 1177
196632 1322
196633 1247
196634 1105
196635 1104
196636 1105
196637 1247
196638 1247
196639 1247
262144 747
262145 1247
262146 1247
262147 745
262148 1247
262149 1247
262150 1105
262151 1247
262152 1247
262153 1247
262154 1247
262155 1247
262156 1247
262157 1247
262158 1247
262159 1247
262160 1030
262161 1175
262162 1247
262163 1247
262164 1034
262165 1105
262166 1246
262167 1176
262168 1176
262169 1176
262170 1105
262171 1176
262172 1105
262173 1247
262174 1247
262175 1175
327680 1110
327681 958
327682 1177
327683 1248
327684 1248
327685 1248
327686 1248
327687 1323
327688 1247
327689 1180
327690 1323
327691 1106
327692 1321
327693 1247
327694 1246
327695 1175
327696 1175
327697 1175
327698 1175
327699 1175
327700 1175
327701 1175
327702 1175
327703 1175
327704 1175
327705 1175
327706 1175
327707 1175
327708 1175
327709 1247
327710 887
327711 1247
393216 1182
393217 1177
393218 1467
393219 1177
393220 1177
393221 1324
393222 1325
393223 1176
393224 1177
393225 1610
393226 1680
393227 1680
393228 1680
393229 1680
393230 1106
393231 1680
393232 1680
393233 1248
393234 1248
393235 1248
393236 1248
393237 1177
393238 1248
393239 1322
393240 1176
393241 1247
393242 1176
393243 1175
393244 1105
393245 1176
393246 1247
393247 1247
458752 1182
458753 1247
458754 1176
458755 1247
458756 1176
458757 1247
458758 1246
458759 1176
458760 1247
458761 1246
458762 1247
458763 1247
458764 1245
458765 1247
458766 1247
458767 1247
458768 1247
458769 1176
458770 1104
458771 1105
458772 1176
458773 1247
458774 1105
458775 1246
458776 1247
458777 1247
458778 1247
458779 1246
458780 1246
458781 1247
458782 1246
458783 1247
524288 1253
524289 1248
524290 1248
524291 1248
524292 1177
524293 1249
524294 1177
524295 1176
524296 1249
524297 1249
524298 1249
524299 1466
524300 1539
524301 1539
524302 1539
524303 1539
524304 1177
524305 746
524306 1249
524307 1249
524308 1249
524309 1177
524310 1249
524311 1324
524312 1248
524313 1249
524314 1176
524315 1249
524316 1464
524317 1464
524318 1463
524319 1175
589824 966
589825 1249
589826 1250
589827 1250
589828 1250
589829 1178
589830 1178
589831 1250
589832 1250
589833 1250
589834 1250
589835 1250
589836 1250
589837 1250
589838 1250
589839 1250
589840 1250
589841 1679
589842 1248
589843 1248
589844 1248
589845 1177
589846 1248
589847 1249
589848 239
589849 239
589850 239
589851 239
589852 239
589853 239
589854 239
589855 239
kernel_count 50126
