0 1110
1 1105
2 1105
3 1030
4 1105
5 1030
6 1105
7 1030
8 1105
9 1105
10 1105
11 1105
12 1247
13 1247
14 1247
15 1247
16 1246
17 1247
18 1247
19 1247
20 1247
21 1246
22 1247
23 1247
24 1247
25 1247
26 1176
27 1247
28 1176
29 1176
30 1246
31 1246
65536 747
65537 963
65538 1322
65539 1251
65540 1247
65541 1247
65542 1247
65543 1247
65544 1105
65545 1105
65546 1247
65547 1247
65548 1105
65549 1247
65550 1176
65551 1176
65552 1175
65553 1246
65554 1176
65555 1176
65556 1246
65557 1247
65558 1247
65559 1175
65560 1246
65561 1176
65562 1176
65563 1247
65564 1247
65565 1247
65566 1247
65567 1247
131072 1254
131073 1247
131074 1248
131075 1176
131076 1248
131077 1248
131078 1248
131079 1247
131080 1248
131081 1248
131082 1177
131083 1248
131084 1392
131085 1177
131086 1248
131087 1392
131088 1247
131089 1104
131090 1247
131091 1247
131092 1247
131093 1247
131094 1247
131095 1247
131096 1176
131097 1104
131098 1247
131099 1247
131100 1247
131101 1247
131102 1246
131103 1246
196608 671
196609 1177
196610 1177
196611 1248
196612 1248
196613 1176
196614 1247
196615 1248
196616 1248
196617 1248
196618 1391
196619 1321
196620 1105
196621 1247
196622 1176
196623 1246
196624 1247
196625 1247
196626 1247
196627 1105
196628 1247
196629 1246
196630 1247
196631 1246
196632 1176
196633 1176
196634 1247
196635 1247
196636 1105
196637 1105
196638 1247
196639 1247
262144 1253
262145 1251
262146 1177
262147 1250
262148 1251
262149 1177
262150 1250
262151 1247
262152 1392
262153 1177
262154 1248
262155 1177
262156 1176
262157 1106
262158 1030
262159 1030
262160 1106
262161 1030
262162 1030
262163 1106
262164 1106
262165 1029
262166 1030
262167 1106
262168 1030
262169 1248
262170 1248
262171 1248
262172 1177
262173 1181
262174 1392
262175 1247
327680 1254
327681 1177
327682 1106
327683 1178
327684 1469
327685 1176
327686 1106
327687 1177
327688 1248
327689 1030
327690 1030
327691 1248
327692 1248
327693 1323
327694 1248
327695 1247
327696 1248
327697 1323
327698 1248
327699 1248
327700 1323
327701 1248
327702 1248
327703 1248
327704 1323
327705 1106
327706 1392
327707 1104
327708 1029
327709 1174
327710 1174
327711 1175
393216 1182
393217 1177
393218 963
393219 1392
393220 1392
393221 1250
393222 1394
393223 1247
393224 1105
393225 1103
393226 1103
393227 1246
393228 1104
393229 1246
393230 1104
393231 1176
393232 1247
393233 1253
393234 1391
393235 1104
393236 1176
393237 1175
393238 1175
393239 1247
393240 1248
393241 1248
393242 1248
393243 1106
393244 1248
393245 1106
393246 1466
393247 1466
458752 1254
458753 1251
458754 1248
458755 1106
458756 1249
458757 1106
458758 1105
458759 1176
458760 1177
458761 1248
458762 1249
458763 1248
458764 1249
458765 1248
458766 1249
458767 1249
458768 1249
458769 1247
458770 1248
458771 1176
458772 1394
458773 1248
458774 1247
458775 1177
458776 1033
458777 1249
458778 1177
458779 1106
458780 1249
458781 1464
458782 1246
458783 1247
524288 1253
524289 1177
524290 1106
524291 1106
524292 1177
524293 1249
524294 1106
524295 1248
524296 1106
524297 1249
524298 1465
524299 1395
524300 1394
524301 1104
524302 1176
524303 1176
524304 1324
524305 1252
524306 1249
524307 1324
524308 1176
524309 1249
524310 1463
524311 1462
524312 1462
524313 1462
524314 1247
524315 1030
524316 1247
524317 1174
524318 1104
524319 1175
589824 1181
589825 1249
589826 1249
589827 1178
589828 1178
589829 1106
589830 1030
589831 1249
589832 1248
589833 1248
589834 1249
589835 1249
589836 1393
589837 1106
589838 1249
589839 1106
589840 1249
589841 1249
589842 1248
589843 1249
589844 1249
589845 1249
589846 1248
589847 1249
589848 1395
589849 1325
589850 1400
589851 1176
589852 1465
589853 1106
589854 1394
589855 1466
655360 1253
655361 1469
655362 1250
655363 1249
655364 1466
655365 1249
655366 1249
655367 1106
655368 1178
655369 1394
655370 1393
655371 1394
655372 1178
655373 1177
655374 1249
655375 1323
655376 1106
655377 1249
655378 1323
655379 1177
655380 1247
655381 1176
655382 1176
655383 1248
655384 239
655385 239
655386 239
655387 239
655388 239
655389 239
655390 239
655391 239
kernel_count 54936
