0 1254
1 1249
2 1106
3 1177
4 1393
5 1177
6 1105
7 1248
8 1321
9 1177
10 1030
11 1249
12 1248
13 1177
14 1249
15 1249
16 1177
17 1463
18 1106
19 1249
20 1176
21 1248
22 1249
23 1249
24 1178
25 1463
26 1105
27 1030
28 1247
29 1175
30 1246
31 1247
65536 748
65537 1465
65538 1249
65539 1106
65540 1394
65541 1394
65542 1393
65543 1394
65544 1177
65545 1248
65546 1248
65547 1247
65548 1247
65549 1248
65550 1324
65551 1249
65552 1249
65553 1249
65554 1249
65555 1463
65556 1463
65557 1249
65558 1249
65559 1464
65560 1461
65561 1462
65562 1177
65563 1249
65564 1464
65565 1461
65566 1463
65567 1463
131072 824
131073 239
131074 239
131075 239
131076 239
131077 239
131078 239
131079 239
131080 239
131081 239
131082 239
131083 239
131084 239
131085 239
131086 239
131087 239
131088 239
131089 239
131090 239
131091 239
131092 239
131093 239
131094 239
131095 239
131096 239
131097 239
131098 239
131099 239
131100 239
131101 239
131102 239
131103 239
kernel_count 11406
