0 1254
1 1177
2 1322
3 1248
4 1177
5 1248
6 1177
7 1322
8 1248
9 1177
10 1248
11 1177
12 1322
13 1248
14 1177
15 1248
16 1176
17 1322
18 1248
19 1177
20 1248
21 1177
22 1322
23 1248
24 1177
25 1248
26 1176
27 1322
28 1248
29 1248
30 1321
31 1321
65536 1182
65537 1105
65538 1177
65539 1248
65540 1177
65541 1176
65542 1323
65543 1248
65544 1248
65545 1177
65546 1248
65547 1248
65548 1248
65549 1248
65550 1393
65551 1248
65552 1176
65553 1248
65554 1176
65555 1322
65556 1248
65557 1322
65558 1247
65559 1247
65560 1247
65561 1246
65562 1247
65563 1247
65564 1247
65565 1246
65566 1247
65567 1246
131072 1182
131073 1177
131074 1248
131075 1106
131076 1177
131077 1177
131078 1248
131079 1247
131080 1248
131081 1248
131082 1248
131083 1248
131084 1106
131085 1248
131086 1247
131087 1177
131088 1248
131089 1248
131090 1175
131091 1105
131092 1177
131093 1248
131094 1248
131095 1177
131096 1248
131097 1322
131098 1033
131099 1175
131100 1105
131101 1247
131102 1247
131103 1102
196608 1253
196609 1247
196610 1247
196611 1246
196612 1247
196613 1247
196614 1247
196615 1247
196616 1176
196617 1247
196618 1246
196619 1105
196620 1247
196621 1247
196622 1247
196623 1176
196624 1105
196625 1176
196626 1247
196627 1176
196628 1105
196629 1175
196630 1176
196631 1176
196632 1176
196633 1176
196634 1176
196635 1176
196636 1105
196637 1176
196638 1247
196639 1247
262144 1254
262145 1247
262146 1247
262147 1248
262148 1177
262149 1248
262150 1248
262151 1177
262152 1248
262153 1176
262154 1106
262155 1248
262156 1247
262157 1248
262158 1177
262159 1248
262160 1248
262161 1176
262162 1177
262163 1248
262164 1251
262165 1177
262166 1105
262167 1106
262168 1395
262169 1396
262170 1395
262171 1396
262172 1395
262173 1396
262174 1245
262175 1173
327680 1181
327681 1247
327682 1246
327683 1176
327684 1247
327685 1247
327686 1247
327687 1105
327688 1247
327689 1247
327690 1247
327691 1176
327692 1247
327693 1247
327694 1246
327695 1247
327696 1247
327697 1246
327698 1246
327699 1245
327700 1246
327701 1246
327702 1247
327703 1176
327704 1247
327705 1247
327706 1246
327707 1247
327708 1247
327709 1247
327710 1247
327711 1246
393216 1253
393217 1248
393218 1176
393219 1177
393220 1248
393221 1248
393222 1248
393223 1248
393224 1248
393225 1248
393226 1248
393227 1248
393228 1248
393229 1247
393230 1248
393231 1248
393232 1248
393233 1248
393234 1248
393235 1393
393236 1177
393237 1323
393238 1248
393239 1393
393240 1248
393241 1322
393242 1246
393243 1247
393244 1247
393245 1247
393246 1247
393247 1175
458752 1328
458753 1324
458754 1324
458755 1249
458756 1177
458757 1324
458758 1177
458759 1106
458760 1177
458761 1177
458762 1106
458763 1248
458764 1686
458765 1683
458766 1676
458767 1249
458768 1249
458769 1177
458770 1176
458771 1177
458772 1464
458773 1247
458774 1247
458775 1030
458776 1030
458777 1247
458778 1176
458779 1247
458780 1247
458781 1247
458782 1246
458783 1247
524288 966
524289 963
524290 963
524291 1177
524292 1178
524293 1177
524294 1248
524295 1249
524296 1249
524297 1176
524298 1249
524299 1177
524300 1105
524301 1248
524302 1106
524303 1249
524304 1177
524305 1182
524306 1106
524307 1249
524308 1249
524309 1249
524310 1106
524311 1249
524312 1607
524313 1607
524314 1607
524315 1608
524316 1247
524317 1176
524318 1176
524319 1174
589824 1253
589825 1248
589826 1248
589827 1248
589828 1248
589829 1247
589830 1248
589831 1248
589832 1248
589833 1176
589834 1247
589835 1248
589836 1176
589837 239
589838 239
589839 239
589840 239
589841 239
589842 239
589843 239
589844 239
589845 239
589846 239
589847 239
589848 239
589849 239
589850 239
589851 239
589852 239
589853 239
589854 239
589855 239
kernel_count 48996
