0 1253
1 1249
2 1248
3 1249
4 1176
5 1249
6 1176
7 1248
8 1177
9 1249
10 1177
11 1248
12 1248
13 1177
14 1249
15 1177
16 1248
17 1248
18 1106
19 1249
20 1177
21 1248
22 1248
23 1176
24 1464
25 1465
26 1105
27 1248
28 1247
29 1248
30 1250
31 1250
65536 1038
65537 1177
65538 1248
65539 1176
65540 1248
65541 1030
65542 1030
65543 1392
65544 1392
65545 1176
65546 1175
65547 1247
65548 1247
65549 1176
65550 1175
65551 1247
65552 1175
65553 1247
65554 1030
65555 1030
65556 1105
65557 1247
65558 1247
65559 1247
65560 1176
65561 1104
65562 1175
65563 1176
65564 1247
65565 1247
65566 1174
65567 1175
131072 1253
131073 1176
131074 1248
131075 1248
131076 1177
131077 1248
131078 1248
131079 1248
131080 1248
131081 1177
131082 1322
131083 1248
131084 1248
131085 1247
131086 1322
131087 1177
131088 1247
131089 1177
131090 1247
131091 1321
131092 1248
131093 1248
131094 1248
131095 1322
131096 1247
131097 1246
131098 1247
131099 1246
131100 1247
131101 1247
131102 1103
131103 1103
196608 1109
196609 1323
196610 1105
196611 1323
196612 1106
196613 1177
196614 1177
196615 1248
196616 1394
196617 1249
196618 1249
196619 1249
196620 1177
196621 1465
196622 1248
196623 1177
196624 1177
196625 1248
196626 1030
196627 1177
196628 1251
196629 1177
196630 1248
196631 1248
196632 1106
196633 1106
196634 1106
196635 1177
196636 1248
196637 1248
196638 1176
196639 1322
262144 1253
262145 1247
262146 1250
262147 1248
262148 1321
262149 1321
262150 1248
262151 1322
262152 1245
262153 1247
262154 1247
262155 1176
262156 1247
262157 1246
262158 1247
262159 1176
262160 1246
262161 1247
262162 1105
262163 1030
262164 1105
262165 1030
262166 1105
262167 1029
262168 1247
262169 1246
262170 1247
262171 1105
262172 1247
262173 1176
262174 1247
262175 1175
327680 1253
327681 1464
327682 1464
327683 1249
327684 1248
327685 1464
327686 1392
327687 1248
327688 1248
327689 1392
327690 1392
327691 1248
327692 1248
327693 1248
327694 1392
327695 1248
327696 1247
327697 1248
327698 1392
327699 1248
327700 1247
327701 1177
327702 1392
327703 1248
327704 1248
327705 1248
327706 1247
327707 1390
327708 1391
327709 1392
327710 1105
327711 1246
393216 1182
393217 1177
393218 1175
393219 1176
393220 1248
393221 1248
393222 1322
393223 1032
393224 1032
393225 1033
393226 1175
393227 1175
393228 1175
393229 1175
393230 1248
393231 1248
393232 1249
393233 1464
393234 1323
393235 962
393236 1176
393237 1176
393238 1247
393239 1176
393240 1249
393241 1253
393242 1249
393243 1249
393244 1249
393245 1248
393246 1611
393247 1175
458752 1118
458753 1394
458754 1247
458755 1324
458756 1247
458757 1248
458758 1177
458759 1106
458760 959
458761 1106
458762 1248
458763 1248
458764 1247
458765 1030
458766 1248
458767 1248
458768 1247
458769 1176
458770 1245
458771 1246
458772 1246
458773 1247
458774 1466
458775 1246
458776 1247
458777 1175
458778 1104
458779 1102
458780 1175
458781 1104
458782 1175
458783 1175
524288 1110
524289 1248
524290 1248
524291 1176
524292 1245
524293 1248
524294 1177
524295 1247
524296 1326
524297 1392
524298 1248
524299 1248
524300 1247
524301 1323
524302 1176
524303 1175
524304 1176
524305 1106
524306 1106
524307 1393
524308 1248
524309 1322
524310 1251
524311 1322
524312 1250
524313 1248
524314 1322
524315 1251
524316 1030
524317 1177
524318 1322
524319 1247
589824 824
589825 1248
589826 1177
589827 1176
589828 1248
589829 1105
589830 1105
589831 1176
589832 1180
589833 1247
589834 1248
589835 1177
589836 1106
589837 1248
589838 1248
589839 1106
589840 1248
589841 1252
589842 1392
589843 1248
589844 1177
589845 1392
589846 1248
589847 1392
589848 1392
589849 1247
589850 1105
589851 1176
589852 1247
589853 1175
589854 1245
589855 1247
655360 1181
655361 1249
655362 1248
655363 1177
655364 1250
655365 1249
655366 1249
655367 1249
655368 1464
655369 1107
655370 1250
655371 1250
655372 1462
655373 1465
655374 1250
655375 1178
655376 1178
655377 1178
655378 1393
655379 1031
655380 1249
655381 1106
655382 1250
655383 1462
655384 1393
655385 1250
655386 1248
655387 1464
655388 1175
655389 1176
655390 1248
655391 1248
kernel_count 56533
