0 1110
1 1248
2 1105
3 1248
4 1247
5 1248
6 1321
7 1248
8 1248
9 1030
10 1106
11 1248
12 1248
13 1248
14 1248
15 1177
16 1177
17 1248
18 1248
19 1248
20 1248
21 1177
22 1321
23 1321
24 1392
25 1247
26 1176
27 1174
28 1247
29 1247
30 1247
31 1247
65536 1110
65537 1177
65538 1247
65539 1106
65540 1248
65541 1248
65542 1246
65543 1248
65544 1248
65545 1248
65546 1248
65547 1248
65548 1177
65549 1177
65550 1248
65551 1248
65552 1248
65553 1247
65554 1177
65555 1106
65556 1248
65557 1248
65558 1247
65559 1248
65560 1248
65561 1177
65562 1248
65563 1248
65564 1248
65565 1248
65566 1248
65567 1322
131072 1254
131073 1248
131074 1248
131075 1177
131076 1248
131077 1176
131078 1176
131079 1105
131080 1106
131081 1177
131082 1248
131083 1177
131084 1248
131085 1106
131086 1322
131087 1175
131088 1175
131089 1105
131090 1247
131091 1247
131092 1176
131093 1247
131094 1246
131095 1247
131096 1247
131097 1105
131098 1247
131099 1247
131100 1246
131101 1246
131102 1246
131103 1246
196608 1182
196609 1176
196610 1249
196611 1177
196612 1105
196613 1105
196614 1178
196615 1249
196616 1248
196617 1106
196618 1465
196619 1466
196620 1177
196621 1248
196622 1248
196623 1177
196624 1253
196625 1177
196626 1253
196627 1686
196628 1686
196629 1247
196630 1247
196631 1247
196632 1177
196633 1175
196634 1247
196635 1176
196636 1251
196637 1176
196638 1247
196639 1247
262144 1253
262145 1176
262146 1176
262147 1176
262148 1247
262149 1176
262150 1246
262151 1176
262152 1176
262153 1176
262154 1105
262155 1175
262156 1175
262157 1176
262158 1176
262159 1247
262160 1247
262161 1247
262162 1176
262163 1176
262164 1176
262165 1247
262166 1247
262167 1247
262168 1247
262169 1104
262170 1104
262171 1105
262172 1247
262173 1102
262174 1102
262175 1103
327680 1182
327681 1248
327682 1247
327683 1248
327684 1324
327685 1323
327686 1324
327687 1324
327688 1177
327689 1106
327690 1177
327691 1394
327692 1106
327693 1247
327694 1323
327695 1395
327696 1247
327697 1246
327698 1246
327699 1247
327700 1176
327701 1030
327702 1247
327703 1246
327704 1247
327705 1175
327706 1247
327707 1247
327708 1247
327709 1247
327710 1105
327711 1247
393216 1258
393217 1249
393218 1325
393219 1249
393220 1249
393221 1182
393222 1325
393223 1177
393224 1325
393225 1249
393226 1249
393227 1248
393228 1177
393229 1900
393230 1466
393231 1466
393232 1249
393233 1325
393234 1105
393235 1395
393236 1396
393237 1324
393238 1395
393239 1324
393240 1249
393241 1249
393242 1177
393243 1249
393244 1177
393245 1249
393246 1252
393247 1468
458752 1690
458753 1030
458754 1177
458755 1247
458756 1248
458757 1177
458758 1324
458759 1248
458760 1247
458761 1394
458762 1248
458763 1248
458764 1105
458765 1247
458766 1246
458767 1246
458768 1248
458769 1248
458770 1105
458771 1247
458772 1247
458773 1247
458774 1176
458775 1252
458776 1030
458777 1032
458778 1104
458779 1034
458780 1103
458781 1174
458782 1103
458783 1246
524288 1182
524289 1247
524290 1247
524291 1247
524292 1248
524293 1247
524294 1396
524295 1105
524296 1105
524297 1105
524298 1247
524299 1247
524300 1245
524301 1247
524302 1176
524303 1176
524304 1104
524305 1176
524306 1247
524307 1247
524308 1176
524309 1104
524310 1247
524311 1247
524312 1247
524313 1247
524314 1034
524315 1175
524316 1176
524317 1247
524318 1104
524319 1247
589824 747
589825 1030
589826 1035
589827 958
589828 1249
589829 1252
589830 1324
589831 1249
589832 1178
589833 1249
589834 1177
589835 1029
589836 1177
589837 1178
589838 1249
589839 1465
589840 1177
589841 1248
589842 1248
589843 1106
589844 1106
589845 1180
589846 1251
589847 1030
589848 1247
589849 1246
589850 1176
589851 1246
589852 1247
589853 1247
589854 1247
589855 1247
655360 1254
655361 1248
655362 1248
655363 1248
655364 1177
655365 1247
655366 1467
655367 1248
655368 1247
655369 1323
655370 1251
655371 1248
655372 1176
655373 1176
655374 1176
655375 1176
655376 1251
655377 1176
655378 1177
655379 1176
655380 1177
655381 1391
655382 1321
655383 1176
655384 1176
655385 1247
655386 1247
655387 1247
655388 1247
655389 1176
655390 1247
655391 1246
720896 1180
720897 1323
720898 1177
720899 1247
720900 1247
720901 1032
720902 239
720903 239
720904 239
720905 239
720906 239
720907 239
720908 239
720909 239
720910 239
720911 239
720912 239
720913 239
720914 239
720915 239
720916 239
720917 239
720918 239
720919 239
720920 239
720921 239
720922 239
720923 239
720924 239
720925 239
720926 239
720927 239
kernel_count 57901
