0 1182
1 1177
2 1105
3 1177
4 1106
5 1106
6 1248
7 1177
8 1177
9 1105
10 1177
11 1106
12 1177
13 1248
14 1248
15 1247
16 1248
17 1248
18 1248
19 1248
20 1248
21 1248
22 1248
23 1248
24 1177
25 1177
26 1177
27 1106
28 1248
29 1177
30 1396
31 1395
65536 1550
65537 1248
65538 1252
65539 1323
65540 1323
65541 1176
65542 1252
65543 1248
65544 1252
65545 1323
65546 1324
65547 1252
65548 1247
65549 1323
65550 1247
65551 1252
65552 1324
65553 1252
65554 1247
65555 1323
65556 1106
65557 1247
65558 1177
65559 1247
65560 1248
65561 1177
65562 1177
65563 1176
65564 1248
65565 1536
65566 1246
65567 1103
131072 748
131073 747
131074 747
131075 747
131076 747
131077 747
131078 892
131079 1248
131080 1248
131081 1248
131082 1248
131083 1248
131084 1248
131085 1247
131086 1248
131087 1247
131088 1393
131089 1106
131090 1247
131091 1393
131092 1106
131093 1248
131094 1248
131095 1247
131096 1248
131097 1322
131098 1322
131099 1105
131100 1175
131101 1247
131102 1176
131103 1244
196608 1253
196609 1176
196610 1105
196611 1177
196612 1106
196613 1177
196614 1248
196615 1248
196616 1177
196617 1177
196618 1175
196619 1322
196620 1176
196621 1247
196622 1247
196623 1247
196624 1247
196625 1247
196626 1247
196627 1248
196628 1248
196629 1247
196630 1247
196631 1245
196632 1247
196633 1177
196634 1177
196635 1247
196636 1687
196637 1246
196638 1247
196639 1247
262144 1109
262145 1467
262146 1395
262147 1468
262148 1247
262149 1247
262150 1247
262151 1176
262152 1247
262153 1247
262154 1176
262155 1175
262156 1105
262157 1105
262158 1247
262159 1176
262160 1247
262161 1247
262162 1247
262163 1247
262164 1247
262165 1247
262166 1246
262167 1176
262168 1247
262169 1246
262170 1173
262171 1247
262172 1246
262173 1176
262174 1247
262175 1103
327680 1181
327681 1248
327682 1177
327683 1177
327684 1247
327685 1177
327686 1248
327687 1248
327688 1244
327689 239
327690 239
327691 239
327692 239
327693 239
327694 239
327695 239
327696 239
327697 239
327698 239
327699 239
327700 239
327701 239
327702 239
327703 239
327704 239
327705 239
327706 239
327707 239
327708 239
327709 239
327710 239
327711 239
kernel_count 27376
