0 1254
1 1105
2 1030
3 1105
4 1030
5 1105
6 1030
7 1176
8 1246
9 1176
10 1175
11 1247
12 1247
13 1247
14 1176
15 1245
16 1247
17 1245
18 1245
19 1247
20 1245
21 1245
22 1247
23 1245
24 1246
25 1246
26 1176
27 1247
28 1176
29 1246
30 1247
31 1247
65536 1182
65537 1177
65538 1177
65539 1177
65540 1248
65541 1030
65542 1248
65543 1247
65544 1177
65545 1393
65546 1393
65547 1394
65548 1106
65549 1106
65550 1106
65551 1106
65552 1106
65553 1106
65554 1393
65555 1394
65556 1247
65557 1105
65558 1247
65559 1105
65560 1105
65561 1247
65562 1247
65563 1247
65564 1247
65565 1247
65566 1247
65567 1247
131072 1182
131073 1249
131074 1324
131075 1324
131076 1249
131077 1249
131078 1249
131079 1106
131080 1248
131081 1464
131082 1249
131083 1106
131084 1030
131085 1249
131086 1247
131087 1248
131088 1106
131089 1248
131090 1464
131091 1247
131092 1176
131093 1104
131094 1247
131095 1246
131096 1247
131097 1247
131098 1247
131099 1176
131100 1247
131101 1176
131102 1246
131103 1175
196608 962
196609 1248
196610 1248
196611 1177
196612 1247
196613 1248
196614 1177
196615 1247
196616 1248
196617 1248
196618 1177
196619 1248
196620 1248
196621 1248
196622 1248
196623 1248
196624 1177
196625 1248
196626 1248
196627 1248
196628 1248
196629 1176
196630 1176
196631 1177
196632 1177
196633 1177
196634 1248
196635 1392
196636 1247
196637 1247
196638 1245
196639 1245
262144 1254
262145 1247
262146 1247
262147 1248
262148 1248
262149 1248
262150 1323
262151 1248
262152 1248
262153 1248
262154 1248
262155 1248
262156 1177
262157 1106
262158 1248
262159 1106
262160 1106
262161 1248
262162 1248
262163 1177
262164 1248
262165 1248
262166 1175
262167 1248
262168 1392
262169 1248
262170 1392
262171 1248
262172 1248
262173 1177
262174 1248
262175 1392
327680 1400
327681 1106
327682 1393
327683 1106
327684 1249
327685 1249
327686 1176
327687 1249
327688 1249
327689 1030
327690 1248
327691 1178
327692 1249
327693 1106
327694 1035
327695 1035
327696 1035
327697 1035
327698 1035
327699 1035
327700 1035
327701 1249
327702 1249
327703 1105
327704 1248
327705 1177
327706 1177
327707 1176
327708 1176
327709 1176
327710 1249
327711 1460
393216 1254
393217 1106
393218 1177
393219 1249
393220 1177
393221 1177
393222 1463
393223 1249
393224 1177
393225 1249
393226 1249
393227 1249
393228 1248
393229 1249
393230 1249
393231 1249
393232 1248
393233 1030
393234 1106
393235 1249
393236 1177
393237 1249
393238 1178
393239 1249
393240 1249
393241 1249
393242 1249
393243 1248
393244 1248
393245 1464
393246 1103
393247 1103
458752 748
458753 1246
458754 1246
458755 1246
458756 1175
458757 1175
458758 1175
458759 1247
458760 1247
458761 1104
458762 1104
458763 1104
458764 1176
458765 1247
458766 1176
458767 1247
458768 1105
458769 1105
458770 1247
458771 1247
458772 1246
458773 1247
458774 1247
458775 1247
458776 1247
458777 1176
458778 1104
458779 1247
458780 1176
458781 1246
458782 1102
458783 1103
524288 1182
524289 1248
524290 1177
524291 1177
524292 1248
524293 1248
524294 1248
524295 1248
524296 1247
524297 1248
524298 1247
524299 1248
524300 1247
524301 1248
524302 1247
524303 1177
524304 1248
524305 1247
524306 1248
524307 1536
524308 1247
524309 1247
524310 1247
524311 1247
524312 1247
524313 1246
524314 1176
524315 1176
524316 1247
524317 1247
524318 1175
524319 1247
589824 1182
589825 1177
589826 1249
589827 1249
589828 1393
589829 1324
589830 1394
589831 1395
589832 1248
589833 1105
589834 1177
589835 1177
589836 1177
589837 1249
589838 1176
589839 1177
589840 1249
589841 1249
589842 1249
589843 1249
589844 1323
589845 1177
589846 1249
589847 1249
589848 1464
589849 1323
589850 1248
589851 1177
589852 1323
589853 1175
589854 1391
589855 1392
655360 1254
655361 1176
655362 1175
655363 1105
655364 239
655365 239
655366 239
655367 239
655368 239
655369 239
655370 239
655371 239
655372 239
655373 239
655374 239
655375 239
655376 239
655377 239
655378 239
655379 239
655380 239
655381 239
655382 239
655383 239
655384 239
655385 239
655386 239
655387 239
655388 239
655389 239
655390 239
655391 239
kernel_count 52188
