0 1254
1 1105
2 1246
3 1246
4 1247
5 1176
6 1246
7 1246
8 1247
9 1247
10 1176
11 1246
12 1246
13 1247
14 1247
15 1176
16 1247
17 1247
18 1247
19 1176
20 1247
21 1175
22 1176
23 1247
24 1246
25 1246
26 1246
27 1246
28 1246
29 1247
30 1247
31 1247
65536 748
65537 1176
65538 1177
65539 1251
65540 1322
65541 1177
65542 1030
65543 1106
65544 1106
65545 1246
65546 1247
65547 1248
65548 1248
65549 1248
65550 1248
65551 1248
65552 1323
65553 1323
65554 1106
65555 1177
65556 1248
65557 1106
65558 1248
65559 1248
65560 1252
65561 1323
65562 1248
65563 1321
65564 1321
65565 1248
65566 1177
65567 1392
131072 748
131073 747
131074 1247
131075 1247
131076 1176
131077 1177
131078 1177
131079 1248
131080 1106
131081 1248
131082 1248
131083 1247
131084 1322
131085 1246
131086 1175
131087 1176
131088 1247
131089 1247
131090 1105
131091 1246
131092 1246
131093 1176
131094 1176
131095 1176
131096 1247
131097 1247
131098 1247
131099 1105
131100 1247
131101 1246
131102 1246
131103 1247
196608 1254
196609 1176
196610 1177
196611 1177
196612 1106
196613 1248
196614 1248
196615 1248
196616 1321
196617 1247
196618 1175
196619 1105
196620 1247
196621 1247
196622 1247
196623 1247
196624 1247
196625 1247
196626 1247
196627 1176
196628 1176
196629 1176
196630 1105
196631 1105
196632 1175
196633 1105
196634 1246
196635 1246
196636 1247
196637 1247
196638 1247
196639 1247
262144 1254
262145 1249
262146 1249
262147 1248
262148 1176
262149 1177
262150 1248
262151 1464
262152 1248
262153 1248
262154 1248
262155 1248
262156 1106
262157 1034
262158 1105
262159 1029
262160 1248
262161 1248
262162 1247
262163 1177
262164 1248
262165 1248
262166 1248
262167 1248
262168 1248
262169 1251
262170 1251
262171 1176
262172 1247
262173 1247
262174 1176
262175 1247
327680 1254
327681 1246
327682 1248
327683 1248
327684 1247
327685 1177
327686 1248
327687 1248
327688 1248
327689 1248
327690 1248
327691 1248
327692 1177
327693 1251
327694 1177
327695 1176
327696 1177
327697 1392
327698 1393
327699 1248
327700 1105
327701 1248
327702 1248
327703 1247
327704 1247
327705 1248
327706 1247
327707 1248
327708 1322
327709 1247
327710 1247
327711 1244
393216 1254
393217 1177
393218 1248
393219 1248
393220 1250
393221 1322
393222 1247
393223 1247
393224 1246
393225 1176
393226 1176
393227 1247
393228 1247
393229 1247
393230 1247
393231 1247
393232 1247
393233 1247
393234 1176
393235 1176
393236 1247
393237 1247
393238 1247
393239 1247
393240 1176
393241 1247
393242 1247
393243 1247
393244 1247
393245 1246
393246 1247
393247 1247
458752 1257
458753 1105
458754 1104
458755 1247
458756 1246
458757 1246
458758 1246
458759 1105
458760 1105
458761 1105
458762 1105
458763 1176
458764 1247
458765 1175
458766 1247
458767 1247
458768 1247
458769 1176
458770 1105
458771 1247
458772 1176
458773 1176
458774 1247
458775 1247
458776 1247
458777 1176
458778 1176
458779 1175
458780 1247
458781 1245
458782 1028
458783 1028
524288 672
524289 1250
524290 1250
524291 1031
524292 1250
524293 1325
524294 1252
524295 1395
524296 1250
524297 1249
524298 1249
524299 1250
524300 1249
524301 1396
524302 1466
524303 1323
524304 1247
524305 1247
524306 1106
524307 1248
524308 1248
524309 1247
524310 1030
524311 239
524312 239
524313 239
524314 239
524315 239
524316 239
524317 239
524318 239
524319 239
kernel_count 44481
