0 1254
1 1322
2 1252
3 1248
4 1248
5 1248
6 1030
7 1392
8 1176
9 1247
10 1246
11 1246
12 1247
13 1247
14 1247
15 1247
16 1247
17 1247
18 1247
19 1247
20 1247
21 1247
22 1247
23 1247
24 1176
25 1034
26 1105
27 1246
28 1247
29 1105
30 1246
31 1175
65536 1182
65537 1248
65538 1247
65539 1248
65540 1106
65541 1177
65542 1177
65543 1248
65544 1248
65545 1176
65546 1177
65547 1177
65548 1177
65549 1177
65550 1176
65551 1177
65552 1177
65553 1177
65554 1322
65555 1248
65556 1248
65557 1247
65558 1391
65559 1248
65560 1391
65561 1248
65562 1391
65563 1392
65564 1248
65565 1391
65566 1105
65567 1247
131072 1034
131073 1247
131074 1248
131075 1248
131076 1177
131077 1248
131078 1248
131079 1106
131080 1248
131081 1177
131082 1322
131083 1321
131084 1321
131085 1321
131086 1321
131087 1322
131088 1322
131089 1322
131090 1320
131091 1320
131092 1320
131093 1320
131094 1320
131095 1247
131096 1247
131097 1246
131098 1174
131099 1247
131100 1247
131101 1246
131102 1247
131103 1175
196608 1182
196609 1249
196610 1177
196611 1177
196612 1249
196613 1324
196614 1177
196615 1176
196616 1177
196617 1248
196618 1248
196619 1248
196620 1248
196621 1248
196622 1249
196623 1249
196624 1177
196625 1248
196626 1106
196627 1177
196628 1249
196629 1248
196630 1248
196631 1178
196632 1248
196633 1106
196634 1249
196635 1463
196636 1247
196637 1103
196638 1175
196639 1175
262144 1254
262145 1248
262146 1248
262147 1248
262148 1248
262149 1106
262150 1248
262151 1106
262152 1177
262153 1177
262154 1247
262155 1247
262156 1248
262157 1248
262158 1248
262159 1322
262160 1247
262161 1176
262162 1177
262163 1030
262164 1248
262165 1176
262166 1247
262167 1248
262168 1177
262169 1177
262170 1248
262171 1248
262172 1034
262173 1248
262174 1322
262175 1322
327680 1330
327681 1177
327682 1177
327683 1248
327684 1248
327685 1176
327686 1248
327687 1106
327688 1248
327689 1177
327690 1177
327691 1248
327692 1248
327693 1177
327694 1177
327695 1177
327696 1177
327697 1248
327698 1321
327699 1321
327700 1321
327701 1175
327702 1247
327703 1246
327704 1247
327705 1247
327706 1247
327707 1176
327708 1247
327709 1176
327710 1247
327711 1175
393216 1110
393217 1176
393218 1249
393219 1249
393220 1249
393221 1249
393222 1176
393223 1323
393224 1248
393225 1249
393226 1249
393227 1106
393228 1176
393229 1538
393230 1030
393231 1247
393232 1030
393233 1176
393234 1105
393235 1104
393236 1247
393237 1176
393238 1103
393239 1247
393240 1247
393241 1245
393242 1247
393243 1247
393244 1247
393245 1176
393246 1246
393247 1246
458752 1398
458753 1248
458754 1248
458755 1177
458756 1249
458757 1249
458758 1249
458759 1247
458760 1249
458761 1177
458762 1248
458763 1248
458764 1249
458765 1177
458766 1177
458767 1249
458768 1177
458769 1248
458770 1248
458771 1177
458772 1537
458773 1247
458774 1105
458775 1247
458776 1246
458777 1247
458778 1176
458779 1247
458780 1247
458781 1247
458782 1246
458783 1103
524288 1038
524289 1252
524290 1324
524291 1252
524292 1252
524293 1177
524294 1252
524295 1466
524296 1392
524297 1247
524298 1248
524299 1106
524300 1248
524301 1177
524302 1176
524303 1392
524304 1105
524305 1247
524306 1247
524307 1247
524308 1104
524309 1105
524310 1246
524311 1247
524312 1246
524313 1105
524314 1246
524315 1174
524316 1247
524317 1246
524318 1172
524319 1172
589824 1253
589825 1248
589826 1248
589827 1248
589828 1177
589829 1106
589830 1248
589831 1247
589832 1248
589833 1177
589834 1248
589835 1248
589836 1177
589837 1247
589838 1175
589839 1248
589840 1248
589841 1248
589842 1248
589843 1248
589844 1177
589845 1248
589846 1248
589847 1248
589848 1248
589849 1248
589850 1395
589851 1248
589852 1248
589853 1248
589854 1247
589855 1324
655360 1253
655361 1036
655362 1107
655363 1249
655364 1324
655365 1394
655366 1249
655367 1249
655368 1249
655369 1249
655370 1249
655371 1178
655372 1107
655373 1247
655374 1395
655375 1247
655376 239
655377 239
655378 239
655379 239
655380 239
655381 239
655382 239
655383 239
655384 239
655385 239
655386 239
655387 239
655388 239
655389 239
655390 239
655391 239
kernel_count 54356
