0 1254
1 1249
2 1249
3 1249
4 1249
5 1249
6 1249
7 1249
8 1249
9 1177
10 1249
11 1249
12 1176
13 1248
14 1248
15 1248
16 1176
17 1248
18 1248
19 1248
20 1249
21 1248
22 1463
23 1249
24 1177
25 1464
26 1246
27 1247
28 1175
29 1247
30 1247
31 1247
65536 1181
65537 1176
65538 1175
65539 1247
65540 1247
65541 1246
65542 1030
65543 1030
65544 1247
65545 1247
65546 1105
65547 1247
65548 1176
65549 1246
65550 1247
65551 1247
65552 1247
65553 1246
65554 1247
65555 1247
65556 1247
65557 1247
65558 1247
65559 1247
65560 1247
65561 1247
65562 1247
65563 1247
65564 1247
65565 1247
65566 1247
65567 1247
131072 748
131073 746
131074 1247
131075 891
131076 746
131077 746
131078 1105
131079 1176
131080 1247
131081 1247
131082 1247
131083 1175
131084 1247
131085 1247
131086 1247
131087 1247
131088 1247
131089 1104
131090 1029
131091 1029
131092 1174
131093 1175
131094 1247
131095 1247
131096 1176
131097 1175
131098 1176
131099 1105
131100 1247
131101 1247
131102 1104
131103 1246
196608 1254
196609 1249
196610 1249
196611 1249
196612 1248
196613 1249
196614 1248
196615 1464
196616 1247
196617 1247
196618 1247
196619 1247
196620 1176
196621 1247
196622 1175
196623 1029
196624 1247
196625 1247
196626 1176
196627 1176
196628 1247
196629 1104
196630 1247
196631 1247
196632 1176
196633 1247
196634 1247
196635 1247
196636 1247
196637 1247
196638 1247
196639 1247
262144 1110
262145 1034
262146 1034
262147 1034
262148 1249
262149 1177
262150 1177
262151 1177
262152 1249
262153 1463
262154 1030
262155 1177
262156 1249
262157 1248
262158 1249
262159 1249
262160 1176
262161 1249
262162 1249
262163 1249
262164 1249
262165 1177
262166 1249
262167 1249
262168 1249
262169 1249
262170 1177
262171 1249
262172 1177
262173 1249
262174 1249
262175 1464
327680 1109
327681 1177
327682 1248
327683 1248
327684 1104
327685 1104
327686 1104
327687 1248
327688 1248
327689 1177
327690 1248
327691 1248
327692 1247
327693 1177
327694 1248
327695 1176
327696 1177
327697 1248
327698 1247
327699 1106
327700 1248
327701 1106
327702 1248
327703 1177
327704 1247
327705 1324
327706 1324
327707 1176
327708 1466
327709 1247
327710 1247
327711 1247
393216 1254
393217 1106
393218 1248
393219 1248
393220 1248
393221 1248
393222 1248
393223 1248
393224 1177
393225 1248
393226 1248
393227 1177
393228 1177
393229 1177
393230 1252
393231 1247
393232 1467
393233 1177
393234 1248
393235 1322
393236 1322
393237 1248
393238 1392
393239 1247
393240 1176
393241 1246
393242 1176
393243 1247
393244 1247
393245 1247
393246 1247
393247 1102
458752 1905
458753 1248
458754 1249
458755 1895
458756 1248
458757 1248
458758 1248
458759 1248
458760 1248
458761 1248
458762 1248
458763 1322
458764 1248
458765 1248
458766 1248
458767 1248
458768 1247
458769 1176
458770 1248
458771 1247
458772 1248
458773 1247
458774 1248
458775 1106
458776 1180
458777 1180
458778 1180
458779 1180
458780 1105
458781 1247
458782 1247
458783 1173
524288 1110
524289 1465
524290 1248
524291 1177
524292 1249
524293 1463
524294 1177
524295 1464
524296 1248
524297 1177
524298 1176
524299 1247
524300 1247
524301 1248
524302 1177
524303 1248
524304 1106
524305 1247
524306 1176
524307 1248
524308 1248
524309 1248
524310 1248
524311 1248
524312 1247
524313 1106
524314 1104
524315 1035
524316 1251
524317 1251
524318 1176
524319 1247
589824 1253
589825 1178
589826 1470
589827 1248
589828 1178
589829 1248
589830 1465
589831 1466
589832 1177
589833 1106
589834 1177
589835 1249
589836 239
589837 239
589838 239
589839 239
589840 239
589841 239
589842 239
589843 239
589844 239
589845 239
589846 239
589847 239
589848 239
589849 239
589850 239
589851 239
589852 239
589853 239
589854 239
589855 239
kernel_count 48401
