0 1110
1 1106
2 1325
3 1176
4 1249
5 1248
6 1470
7 1470
8 1539
9 1397
10 1249
11 1248
12 1611
13 1465
14 1465
15 1177
16 1177
17 1324
18 1248
19 1246
20 1467
21 1177
22 1248
23 1248
24 1394
25 1393
26 1394
27 1393
28 1394
29 1391
30 1247
31 1247
65536 1254
65537 1248
65538 1105
65539 1247
65540 1320
65541 1177
65542 1176
65543 1177
65544 1177
65545 1177
65546 1248
65547 1248
65548 1248
65549 1247
65550 1248
65551 1248
65552 1248
65553 1247
65554 1247
65555 1248
65556 1106
65557 1106
65558 1248
65559 1251
65560 1104
65561 1175
65562 1175
65563 1247
65564 1246
65565 1176
65566 1247
65567 1247
131072 748
131073 1249
131074 1249
131075 1325
131076 1249
131077 1248
131078 1249
131079 1176
131080 1249
131081 1611
131082 1247
131083 1393
131084 1393
131085 1177
131086 1176
131087 1323
131088 1248
131089 1176
131090 1323
131091 1248
131092 1176
131093 1176
131094 1248
131095 1248
131096 1323
131097 1248
131098 1252
131099 1247
131100 1247
131101 1106
131102 1323
131103 1320
196608 1185
196609 1323
196610 1323
196611 1177
196612 1248
196613 1248
196614 1248
196615 1248
196616 1247
196617 1392
196618 1392
196619 1247
196620 1176
196621 1105
196622 1030
196623 1105
196624 1105
196625 1247
196626 1247
196627 1176
196628 1247
196629 1105
196630 1105
196631 1104
196632 1105
196633 1029
196634 1030
196635 1175
196636 1247
196637 1176
196638 1247
196639 1247
262144 966
262145 1177
262146 747
262147 1178
262148 1249
262149 1249
262150 1249
262151 1249
262152 1106
262153 1177
262154 1105
262155 1177
262156 1252
262157 1252
262158 1463
262159 1247
262160 1177
262161 1176
262162 1248
262163 1391
262164 1392
262165 1392
262166 1177
262167 1392
262168 1247
262169 1247
262170 1247
262171 1105
262172 1247
262173 1247
262174 1176
262175 1247
327680 1110
327681 1107
327682 1249
327683 1107
327684 1107
327685 1107
327686 1107
327687 1252
327688 1248
327689 1248
327690 1249
327691 1249
327692 1248
327693 1249
327694 1249
327695 1107
327696 1107
327697 1178
327698 1323
327699 1249
327700 1249
327701 1323
327702 1246
327703 1247
327704 1176
327705 1104
327706 1032
327707 239
327708 239
327709 239
327710 239
327711 239
kernel_count 30348
