0 1254
1 1248
2 1248
3 1248
4 1248
5 1248
6 1248
7 1248
8 1248
9 1248
10 1248
11 1248
12 1248
13 1248
14 1248
15 1106
16 1106
17 1247
18 1322
19 1247
20 1248
21 1176
22 1322
23 1247
24 1248
25 1106
26 1322
27 1248
28 1247
29 1106
30 1322
31 1247
65536 1182
65537 1177
65538 1395
65539 1394
65540 1176
65541 1246
65542 1248
65543 1030
65544 1248
65545 1248
65546 1248
65547 1177
65548 1106
65549 1029
65550 1325
65551 1030
65552 1176
65553 1246
65554 1247
65555 1246
65556 1247
65557 1247
65558 1247
65559 1176
65560 1176
65561 1247
65562 1247
65563 1176
65564 1176
65565 1176
65566 1247
65567 1175
131072 1254
131073 1249
131074 1248
131075 1249
131076 1393
131077 1249
131078 1394
131079 1177
131080 1248
131081 1177
131082 1106
131083 1247
131084 1322
131085 1248
131086 1177
131087 1248
131088 1322
131089 1247
131090 1247
131091 1247
131092 1176
131093 1247
131094 1105
131095 1176
131096 1175
131097 1175
131098 1105
131099 1175
131100 1175
131101 1175
131102 1246
131103 1247
196608 1254
196609 747
196610 1248
196611 747
196612 892
196613 747
196614 1248
196615 1322
196616 1177
196617 1177
196618 1177
196619 1177
196620 1177
196621 1248
196622 1247
196623 1248
196624 1248
196625 1248
196626 1248
196627 1106
196628 1247
196629 1248
196630 1177
196631 1248
196632 1247
196633 1247
196634 1247
196635 1248
196636 1248
196637 1248
196638 1248
196639 1322
262144 1253
262145 1248
262146 1248
262147 1248
262148 1249
262149 1249
262150 1249
262151 1248
262152 1177
262153 1176
262154 1248
262155 1176
262156 1249
262157 1178
262158 1249
262159 1465
262160 1247
262161 1106
262162 1176
262163 1248
262164 1248
262165 1176
262166 1177
262167 1177
262168 1247
262169 1248
262170 1248
262171 1106
262172 1106
262173 1248
262174 1248
262175 1322
327680 1042
327681 1249
327682 1177
327683 1177
327684 1249
327685 1177
327686 1464
327687 1248
327688 1177
327689 1322
327690 1247
327691 1030
327692 1323
327693 1248
327694 1106
327695 1246
327696 1247
327697 1392
327698 1105
327699 1105
327700 1248
327701 1320
327702 1174
327703 1103
327704 1103
327705 1103
327706 1103
327707 1104
327708 1246
327709 1245
327710 1173
327711 1173
393216 746
393217 1248
393218 1609
393219 1105
393220 1247
393221 1105
393222 1248
393223 1324
393224 1397
393225 1248
393226 1247
393227 1105
393228 1176
393229 1248
393230 1177
393231 1394
393232 1248
393233 1177
393234 1248
393235 1397
393236 1175
393237 1392
393238 1323
393239 1322
393240 1248
393241 1246
393242 1392
393243 1247
393244 1250
393245 1248
393246 1322
393247 1175
458752 1257
458753 1321
458754 747
458755 1250
458756 1322
458757 1251
458758 1250
458759 1250
458760 1176
458761 1104
458762 1105
458763 1105
458764 1176
458765 1105
458766 1105
458767 1247
458768 1246
458769 1247
458770 1247
458771 1030
458772 1247
458773 1175
458774 1246
458775 1176
458776 1176
458777 1246
458778 1247
458779 1245
458780 1247
458781 1247
458782 1247
458783 1028
524288 1330
524289 1249
524290 1249
524291 1029
524292 1249
524293 1824
524294 1177
524295 1252
524296 1252
524297 1177
524298 1252
524299 1252
524300 1323
524301 1394
524302 1247
524303 1248
524304 1177
524305 1247
524306 1248
524307 1248
524308 1248
524309 1248
524310 1106
524311 1106
524312 1177
524313 1247
524314 1248
524315 1322
524316 1247
524317 1247
524318 1392
524319 1175
589824 1110
589825 1176
589826 1249
589827 1325
589828 746
589829 823
589830 747
589831 1249
589832 1249
589833 1177
589834 1249
589835 1249
589836 1177
589837 1395
589838 1466
589839 1324
589840 1248
589841 1248
589842 1248
589843 1247
589844 1247
589845 1247
589846 1248
589847 1248
589848 1176
589849 1247
589850 1247
589851 1177
589852 1247
589853 1539
589854 1322
589855 1174
655360 747
655361 239
655362 239
655363 239
655364 239
655365 239
655366 239
655367 239
655368 239
655369 239
655370 239
655371 239
655372 239
655373 239
655374 239
655375 239
655376 239
655377 239
655378 239
655379 239
655380 239
655381 239
655382 239
655383 239
655384 239
655385 239
655386 239
655387 239
655388 239
655389 239
655390 239
655391 239
kernel_count 51786
