0 1181
1 1176
2 1247
3 1247
4 1247
5 1246
6 1247
7 1176
8 1247
9 1247
10 1176
11 1176
12 1247
13 1247
14 1176
15 1176
16 1247
17 1176
18 1247
19 1247
20 1176
21 1176
22 1247
23 1247
24 1176
25 1176
26 1247
27 1247
28 1247
29 1175
30 1247
31 1247
65536 1182
65537 1176
65538 1177
65539 1323
65540 1248
65541 1176
65542 1176
65543 1176
65544 1248
65545 1248
65546 1248
65547 1248
65548 1248
65549 1248
65550 1394
65551 1177
65552 1248
65553 1248
65554 1177
65555 1248
65556 1248
65557 1248
65558 1247
65559 1248
65560 1248
65561 1248
65562 1177
65563 1176
65564 1176
65565 1393
65566 1392
65567 1321
131072 1253
131073 1105
131074 1248
131075 1248
131076 1248
131077 1248
131078 1248
131079 1247
131080 1248
131081 1176
131082 1322
131083 1248
131084 1248
131085 1322
131086 1247
131087 1174
131088 815
131089 519
131090 670
131091 1246
131092 1247
131093 1247
131094 1246
131095 1247
131096 1247
131097 1105
131098 1247
131099 1247
131100 1247
131101 1247
131102 1247
131103 1247
196608 1254
196609 1249
196610 1249
196611 1248
196612 1249
196613 1177
196614 1249
196615 1249
196616 1249
196617 1249
196618 1249
196619 1249
196620 1249
196621 1178
196622 1177
196623 1324
196624 1177
196625 1176
196626 1177
196627 1248
196628 1177
196629 1249
196630 1106
196631 1248
196632 1106
196633 1249
196634 1106
196635 1177
196636 1106
196637 1464
196638 1247
196639 1174
262144 1110
262145 1034
262146 1105
262147 1248
262148 1249
262149 1177
262150 1470
262151 1470
262152 1249
262153 1248
262154 1030
262155 1249
262156 1465
262157 1248
262158 1177
262159 1248
262160 1177
262161 1176
262162 1247
262163 1248
262164 1248
262165 1177
262166 1248
262167 1176
262168 1248
262169 1103
262170 1245
262171 1466
262172 1248
262173 1323
262174 1030
262175 1392
327680 1254
327681 1177
327682 1395
327683 1395
327684 1252
327685 1324
327686 1176
327687 1247
327688 1467
327689 1246
327690 1247
327691 1395
327692 1246
327693 1175
327694 1248
327695 1177
327696 1467
327697 1247
327698 1248
327699 1248
327700 1177
327701 1248
327702 1248
327703 1177
327704 1106
327705 1248
327706 1248
327707 1248
327708 1248
327709 1393
327710 1322
327711 1322
393216 1253
393217 1323
393218 1249
393219 1177
393220 1395
393221 1464
393222 1106
393223 1247
393224 1104
393225 1105
393226 1323
393227 1249
393228 1249
393229 1178
393230 1178
393231 1249
393232 1248
393233 1177
393234 1249
393235 1248
393236 1249
393237 1464
393238 1176
393239 1248
393240 1248
393241 1247
393242 1248
393243 1248
393244 1391
393245 1105
393246 1247
393247 1175
458752 1472
458753 1325
458754 1248
458755 1248
458756 1178
458757 1250
458758 1250
458759 1465
458760 1107
458761 1465
458762 1176
458763 1104
458764 1028
458765 239
458766 239
458767 239
458768 239
458769 239
458770 239
458771 239
458772 239
458773 239
458774 239
458775 239
458776 239
458777 239
458778 239
458779 239
458780 239
458781 239
458782 239
458783 239
kernel_count 38617
