0 1253
1 1177
2 1177
3 1248
4 1176
5 1248
6 1248
7 1248
8 1248
9 1030
10 1105
11 1030
12 1177
13 1177
14 1393
15 1393
16 1393
17 1393
18 1247
19 1177
20 1248
21 1248
22 1177
23 1177
24 1248
25 1106
26 1248
27 1106
28 1248
29 1248
30 1322
31 1247
65536 1253
65537 1177
65538 1177
65539 1323
65540 1248
65541 1249
65542 1177
65543 1248
65544 1177
65545 1177
65546 1323
65547 1323
65548 1249
65549 1177
65550 1177
65551 1324
65552 1249
65553 1177
65554 1177
65555 1177
65556 1177
65557 1324
65558 1249
65559 1177
65560 1177
65561 1177
65562 1324
65563 1249
65564 1249
65565 1395
65566 1249
65567 1463
131072 1254
131073 1248
131074 1248
131075 1247
131076 1247
131077 1179
131078 1248
131079 1106
131080 1035
131081 1029
131082 1177
131083 1106
131084 1248
131085 1323
131086 1248
131087 1248
131088 1248
131089 1248
131090 1246
131091 1248
131092 1252
131093 1248
131094 1394
131095 1392
131096 1392
131097 1248
131098 1392
131099 1030
131100 887
131101 1247
131102 1246
131103 1246
196608 1258
196609 1393
196610 1177
196611 1176
196612 1106
196613 1248
196614 1106
196615 1247
196616 1247
196617 1322
196618 1176
196619 1176
196620 1176
196621 1248
196622 1248
196623 1176
196624 1176
196625 1034
196626 1247
196627 1248
196628 1324
196629 1248
196630 1395
196631 1248
196632 1177
196633 1323
196634 1396
196635 1104
196636 1173
196637 1174
196638 1176
196639 1247
262144 1254
262145 1176
262146 1035
262147 1248
262148 1248
262149 1248
262150 1248
262151 1175
262152 1469
262153 1469
262154 1463
262155 1322
262156 1322
262157 1247
262158 1248
262159 1248
262160 1248
262161 1248
262162 1393
262163 1106
262164 1248
262165 1248
262166 1247
262167 1250
262168 1248
262169 1250
262170 1176
262171 1247
262172 1246
262173 1247
262174 1030
262175 1102
327680 1109
327681 1106
327682 1030
327683 1249
327684 1249
327685 1324
327686 1323
327687 1248
327688 1249
327689 1248
327690 1249
327691 1176
327692 1249
327693 1249
327694 1249
327695 1325
327696 1249
327697 1030
327698 1106
327699 1249
327700 1249
327701 1325
327702 1395
327703 1398
327704 1393
327705 1466
327706 1393
327707 1177
327708 1322
327709 1248
327710 1320
327711 1103
393216 1181
393217 1248
393218 1176
393219 1248
393220 1249
393221 1249
393222 1177
393223 1177
393224 1030
393225 1465
393226 1248
393227 1248
393228 1248
393229 1177
393230 1176
393231 1248
393232 1248
393233 1248
393234 1321
393235 1249
393236 1322
393237 1105
393238 1247
393239 1248
393240 1246
393241 1322
393242 1248
393243 1321
393244 1248
393245 1248
393246 1247
393247 1322
458752 748
458753 746
458754 823
458755 1249
458756 1469
458757 1249
458758 1177
458759 1176
458760 1177
458761 1392
458762 1463
458763 1247
458764 1247
458765 1175
458766 1175
458767 1176
458768 1247
458769 1247
458770 1176
458771 1247
458772 1247
458773 1246
458774 1176
458775 1247
458776 1247
458777 1175
458778 1175
458779 1247
458780 1246
458781 1176
458782 1247
458783 1247
524288 1182
524289 1175
524290 1177
524291 239
524292 239
524293 239
524294 239
524295 239
524296 239
524297 239
524298 239
524299 239
524300 239
524301 239
524302 239
524303 239
524304 239
524305 239
524306 239
524307 239
524308 239
524309 239
524310 239
524311 239
524312 239
524313 239
524314 239
524315 239
524316 239
524317 239
524318 239
524319 239
kernel_count 42406
