0 1182
1 1105
2 1105
3 1247
4 1105
5 1104
6 1247
7 1247
8 1247
9 1176
10 1105
11 1104
12 1247
13 1105
14 1104
15 1247
16 1105
17 1247
18 1176
19 1105
20 1104
21 1247
22 1105
23 1104
24 1247
25 1105
26 1247
27 1176
28 1105
29 1104
30 1247
31 1103
65536 747
65537 747
65538 747
65539 747
65540 747
65541 747
65542 746
65543 747
65544 1248
65545 1394
65546 1394
65547 1177
65548 1253
65549 1248
65550 1176
65551 1247
65552 1247
65553 1464
65554 1248
65555 1465
65556 1247
65557 1247
65558 1247
65559 1247
65560 1247
65561 1247
65562 1176
65563 1247
65564 1247
65565 1176
65566 1247
65567 1247
131072 1109
131073 1464
131074 1463
131075 1247
131076 1247
131077 1106
131078 1176
131079 1247
131080 1248
131081 1248
131082 1248
131083 1248
131084 1177
131085 1177
131086 1176
131087 1106
131088 1248
131089 1322
131090 1322
131091 1246
131092 1104
131093 1104
131094 1104
131095 1247
131096 1246
131097 1176
131098 1175
131099 1176
131100 1247
131101 1102
131102 1103
131103 1103
196608 1257
196609 1176
196610 1247
196611 1247
196612 1246
196613 1175
196614 1246
196615 1247
196616 1176
196617 1176
196618 1247
196619 1247
196620 1247
196621 1176
196622 1247
196623 1247
196624 1175
196625 1174
196626 1247
196627 1247
196628 1174
196629 1176
196630 1175
196631 1174
196632 1246
196633 1246
196634 1246
196635 1104
196636 1175
196637 1176
196638 1247
196639 1247
262144 1036
262145 1105
262146 1106
262147 1106
262148 1247
262149 1247
262150 1247
262151 1248
262152 1248
262153 1248
262154 1106
262155 1247
262156 1033
262157 239
262158 239
262159 239
262160 239
262161 239
262162 239
262163 239
262164 239
262165 239
262166 239
262167 239
262168 239
262169 239
262170 239
262171 239
262172 239
262173 239
262174 239
262175 239
kernel_count 22072
