0 1181
1 1175
2 1247
3 1175
4 1247
5 1105
6 1247
7 1247
8 1105
9 1105
10 1105
11 1246
12 1247
13 1247
14 1247
15 1247
16 1247
17 1175
18 1176
19 1175
20 1175
21 1175
22 1175
23 1175
24 1175
25 1247
26 1175
27 1247
28 1105
29 1247
30 1247
31 1103
65536 748
65537 747
65538 747
65539 747
65540 1248
65541 1247
65542 1248
65543 1248
65544 1248
65545 1177
65546 1323
65547 1323
65548 1393
65549 1177
65550 1105
65551 1105
65552 1106
65553 1105
65554 1106
65555 1322
65556 1248
65557 1248
65558 1248
65559 1248
65560 1248
65561 1250
65562 1247
65563 1105
65564 1176
65565 1247
65566 1247
65567 1247
131072 1110
131073 1248
131074 1247
131075 1248
131076 1176
131077 1247
131078 1247
131079 1248
131080 1248
131081 1323
131082 1177
131083 1248
131084 1248
131085 1248
131086 1248
131087 1323
131088 1177
131089 1248
131090 1248
131091 1248
131092 1248
131093 1248
131094 1248
131095 1030
131096 1248
131097 1248
131098 1325
131099 1177
131100 1177
131101 1248
131102 1248
131103 1321
196608 1253
196609 1394
196610 1323
196611 1394
196612 1395
196613 1394
196614 1252
196615 1323
196616 1249
196617 1249
196618 1465
196619 1249
196620 1249
196621 1248
196622 1465
196623 1106
196624 1248
196625 1393
196626 1248
196627 1248
196628 1106
196629 1248
196630 1248
196631 1394
196632 1248
196633 1247
196634 1248
196635 1323
196636 1248
196637 1248
196638 1248
196639 1318
262144 1400
262145 1106
262146 823
262147 1468
262148 1466
262149 1466
262150 1466
262151 1467
262152 1247
262153 1247
262154 1247
262155 1248
262156 1323
262157 1468
262158 1247
262159 1247
262160 1396
262161 1396
262162 1176
262163 1247
262164 1176
262165 1247
262166 1247
262167 1246
262168 1247
262169 1247
262170 1246
262171 1104
262172 1247
262173 1030
262174 1247
262175 1103
327680 1254
327681 1248
327682 1176
327683 1247
327684 1248
327685 1106
327686 1247
327687 1394
327688 1177
327689 1248
327690 1106
327691 1248
327692 1177
327693 1176
327694 1106
327695 1177
327696 1177
327697 1177
327698 1176
327699 1248
327700 1248
327701 1247
327702 1248
327703 1248
327704 1247
327705 1248
327706 1248
327707 1248
327708 1394
327709 1248
327710 1176
327711 1395
393216 1406
393217 1248
393218 1247
393219 1248
393220 1323
393221 1106
393222 1248
393223 1247
393224 1248
393225 1323
393226 1106
393227 1248
393228 1248
393229 1323
393230 1106
393231 1248
393232 1177
393233 1393
393234 1106
393235 1105
393236 1247
393237 1247
393238 1248
393239 1248
393240 1105
393241 1177
393242 1392
393243 1391
393244 1245
393245 1246
393246 1246
393247 1247
458752 748
458753 1106
458754 1248
458755 1248
458756 1247
458757 1248
458758 1247
458759 1176
458760 1248
458761 1247
458762 1034
458763 1248
458764 1248
458765 1177
458766 1246
458767 1248
458768 1105
458769 1248
458770 1247
458771 1177
458772 1246
458773 1175
458774 1248
458775 1248
458776 1248
458777 1247
458778 1391
458779 1246
458780 1247
458781 1030
458782 1246
458783 1247
524288 1110
524289 1248
524290 1248
524291 1106
524292 1034
524293 1106
524294 1248
524295 1248
524296 1030
524297 1106
524298 1247
524299 1321
524300 1322
524301 1251
524302 1105
524303 1176
524304 1176
524305 1030
524306 1175
524307 1247
524308 1247
524309 1030
524310 1176
524311 1247
524312 1247
524313 1030
524314 1246
524315 1247
524316 1247
524317 1247
524318 1246
524319 1173
589824 1034
589825 1178
589826 1250
589827 1178
589828 1249
589829 1253
589830 1250
589831 1250
589832 1250
589833 1178
589834 1178
589835 1178
589836 1250
589837 1399
589838 1250
589839 1399
589840 1399
589841 1250
589842 1399
589843 1250
589844 1399
589845 1250
589846 1541
589847 1176
589848 960
589849 239
589850 239
589851 239
589852 239
589853 239
589854 239
589855 239
kernel_count 50374
