0 1253
1 1246
2 1247
3 1248
4 1248
5 1251
6 1176
7 1247
8 1247
9 1105
10 1247
11 1176
12 1247
13 1176
14 1247
15 1105
16 1247
17 1176
18 1176
19 1176
20 1247
21 1176
22 1175
23 1247
24 1105
25 1176
26 1247
27 1176
28 1176
29 1247
30 1175
31 1103
65536 1253
65537 1394
65538 1177
65539 1177
65540 1249
65541 1248
65542 1249
65543 1177
65544 1248
65545 1247
65546 1029
65547 1106
65548 1106
65549 1252
65550 1467
65551 1105
65552 1177
65553 1177
65554 1177
65555 1177
65556 1106
65557 1325
65558 1253
65559 1253
65560 1680
65561 1680
65562 1247
65563 1248
65564 1248
65565 1251
65566 1251
65567 1322
131072 1182
131073 1177
131074 1029
131075 1394
131076 1249
131077 1248
131078 1249
131079 1249
131080 1466
131081 1251
131082 1247
131083 1247
131084 1176
131085 1247
131086 1176
131087 1247
131088 1247
131089 1247
131090 1247
131091 1247
131092 1105
131093 1105
131094 1247
131095 1247
131096 1176
131097 1175
131098 1105
131099 1247
131100 1247
131101 1247
131102 1245
131103 1245
196608 1182
196609 1177
196610 1106
196611 1248
196612 1323
196613 1176
196614 1176
196615 1247
196616 1248
196617 1106
196618 1105
196619 1177
196620 1177
196621 1248
196622 1106
196623 1248
196624 1177
196625 1248
196626 1248
196627 1248
196628 1248
196629 1248
196630 1177
196631 1177
196632 1248
196633 1248
196634 1177
196635 1176
196636 1248
196637 1320
196638 1320
196639 1175
262144 824
262145 891
262146 1176
262147 1035
262148 1248
262149 1248
262150 1247
262151 1177
262152 1105
262153 1248
262154 1106
262155 1392
262156 1248
262157 1248
262158 1248
262159 1030
262160 1030
262161 1177
262162 1247
262163 1247
262164 1248
262165 1247
262166 1392
262167 1392
262168 1392
262169 1392
262170 1247
262171 1247
262172 1247
262173 1247
262174 1246
262175 1175
327680 1182
327681 1249
327682 1249
327683 1249
327684 1394
327685 1177
327686 1249
327687 1824
327688 1248
327689 1248
327690 1248
327691 1248
327692 1248
327693 1177
327694 1248
327695 1247
327696 1248
327697 1247
327698 1248
327699 1248
327700 1248
327701 1248
327702 1106
327703 1248
327704 1248
327705 1106
327706 1106
327707 1248
327708 1392
327709 1245
327710 1028
327711 1028
393216 1254
393217 1247
393218 1247
393219 1247
393220 1247
393221 1247
393222 1247
393223 1247
393224 1247
393225 1247
393226 1247
393227 1247
393228 1246
393229 1247
393230 1246
393231 1246
393232 1246
393233 1175
393234 1247
393235 1247
393236 1105
393237 1246
393238 1174
393239 1174
393240 1176
393241 1245
393242 1245
393243 1246
393244 1175
393245 1247
393246 1247
393247 1247
458752 1182
458753 1248
458754 1392
458755 1175
458756 1177
458757 1248
458758 1247
458759 1248
458760 1248
458761 1177
458762 1177
458763 1177
458764 1177
458765 1248
458766 1177
458767 1248
458768 1177
458769 1248
458770 1177
458771 1248
458772 1106
458773 1105
458774 1105
458775 1176
458776 1248
458777 1393
458778 1176
458779 1322
458780 1248
458781 1394
458782 1173
458783 1174
524288 1329
524289 1249
524290 1249
524291 1249
524292 1249
524293 1249
524294 1248
524295 1249
524296 1249
524297 1249
524298 1106
524299 1177
524300 1249
524301 1177
524302 1327
524303 1038
524304 1540
524305 1247
524306 1248
524307 1394
524308 1465
524309 1394
524310 1465
524311 1249
524312 1177
524313 1249
524314 1035
524315 1176
524316 1464
524317 1464
524318 1246
524319 1247
589824 1254
589825 1249
589826 1249
589827 1177
589828 1249
589829 1177
589830 1248
589831 1177
589832 1177
589833 1248
589834 1177
589835 1106
589836 887
589837 1253
589838 1325
589839 1248
589840 1249
589841 1249
589842 1248
589843 1248
589844 1248
589845 1177
589846 1177
589847 1106
589848 1249
589849 1248
589850 1608
589851 1248
589852 1105
589853 1393
589854 1393
589855 1464
655360 1330
655361 1177
655362 1177
655363 1248
655364 1248
655365 1247
655366 1177
655367 1176
655368 1248
655369 1176
655370 1247
655371 1248
655372 1248
655373 1105
655374 1176
655375 1176
655376 1177
655377 1176
655378 1176
655379 1248
655380 1177
655381 1177
655382 1106
655383 1248
655384 1247
655385 1176
655386 239
655387 239
655388 239
655389 239
655390 239
655391 239
kernel_count 55702
