0 1254
1 1248
2 1248
3 1248
4 1248
5 1248
6 1030
7 1106
8 1248
9 1392
10 1248
11 1177
12 1106
13 1321
14 1248
15 1392
16 1106
17 1321
18 1248
19 1321
20 1248
21 1392
22 1248
23 1247
24 1177
25 1177
26 1392
27 1321
28 1248
29 1106
30 1321
31 1247
65536 824
65537 1249
65538 1249
65539 1249
65540 1176
65541 1249
65542 1249
65543 1249
65544 1176
65545 1030
65546 957
65547 1249
65548 1176
65549 1176
65550 1175
65551 1176
65552 1178
65553 1178
65554 1249
65555 1249
65556 1178
65557 1178
65558 1178
65559 1469
65560 1178
65561 1178
65562 1252
65563 1468
65564 1176
65565 1246
65566 1105
65567 1247
131072 1254
131073 1106
131074 1248
131075 1248
131076 1248
131077 1248
131078 1248
131079 1248
131080 1392
131081 1246
131082 1246
131083 1246
131084 1247
131085 1247
131086 1247
131087 1247
131088 1246
131089 1247
131090 1176
131091 1247
131092 1247
131093 1247
131094 1245
131095 1247
131096 1245
131097 1247
131098 1247
131099 1244
131100 1174
131101 1174
131102 1174
131103 1245
196608 1182
196609 1248
196610 1392
196611 1176
196612 1247
196613 1246
196614 1247
196615 1247
196616 1030
196617 1176
196618 1176
196619 1247
196620 1246
196621 1034
196622 1247
196623 1247
196624 1176
196625 1176
196626 1176
196627 1176
196628 1247
196629 1247
196630 1176
196631 1175
196632 1176
196633 1247
196634 1105
196635 1176
196636 1247
196637 1176
196638 1104
196639 1101
262144 1254
262145 1248
262146 1030
262147 1177
262148 1176
262149 1176
262150 1176
262151 1176
262152 1176
262153 1176
262154 1176
262155 1177
262156 1176
262157 1176
262158 1106
262159 1249
262160 1249
262161 1106
262162 1106
262163 1249
262164 1177
262165 1176
262166 1249
262167 1177
262168 1469
262169 1462
262170 1248
262171 1176
262172 1177
262173 1322
262174 1322
262175 1247
327680 1182
327681 1246
327682 1106
327683 1248
327684 1248
327685 1247
327686 1248
327687 1248
327688 1030
327689 1030
327690 1030
327691 1247
327692 1106
327693 1247
327694 1321
327695 1034
327696 1106
327697 1030
327698 1177
327699 1029
327700 1028
327701 1028
327702 1248
327703 1248
327704 1248
327705 1177
327706 1392
327707 1247
327708 1246
327709 1246
327710 1247
327711 1247
393216 1254
393217 747
393218 1247
393219 1106
393220 1177
393221 1177
393222 1177
393223 1177
393224 1248
393225 1247
393226 1248
393227 1106
393228 1177
393229 1248
393230 1248
393231 1248
393232 1248
393233 1176
393234 1247
393235 1247
393236 1106
393237 1105
393238 1177
393239 1248
393240 1177
393241 1176
393242 1106
393243 1322
393244 1250
393245 1175
393246 1246
393247 1246
458752 894
458753 892
458754 1249
458755 1249
458756 1249
458757 1248
458758 1176
458759 1176
458760 1176
458761 958
458762 1249
458763 1176
458764 1249
458765 1249
458766 1247
458767 1249
458768 1468
458769 1249
458770 1325
458771 1396
458772 1249
458773 1396
458774 1538
458775 1248
458776 1463
458777 1391
458778 1247
458779 1248
458780 1248
458781 1321
458782 1322
458783 1321
524288 1329
524289 1248
524290 1247
524291 1247
524292 1102
524293 1247
524294 1247
524295 1249
524296 1177
524297 1249
524298 1177
524299 1177
524300 1177
524301 1249
524302 1105
524303 1176
524304 1249
524305 1249
524306 1178
524307 1249
524308 1176
524309 1177
524310 1176
524311 1249
524312 1465
524313 1177
524314 1176
524315 1320
524316 1177
524317 1248
524318 1248
524319 1322
589824 1186
589825 1107
589826 1249
589827 1107
589828 1249
589829 1178
589830 1252
589831 1324
589832 239
589833 239
589834 239
589835 239
589836 239
589837 239
589838 239
589839 239
589840 239
589841 239
589842 239
589843 239
589844 239
589845 239
589846 239
589847 239
589848 239
589849 239
589850 239
589851 239
589852 239
589853 239
589854 239
589855 239
kernel_count 47537
