0 1182
1 1177
2 814
3 1177
4 1248
5 1248
6 1248
7 1247
8 1247
9 1177
10 1177
11 1029
12 1248
13 1247
14 1248
15 1248
16 1247
17 1248
18 1177
19 1176
20 1030
21 1248
22 1392
23 1391
24 1247
25 1247
26 1247
27 1246
28 1246
29 1246
30 1176
31 1246
65536 748
65537 1248
65538 1248
65539 1247
65540 1248
65541 1248
65542 1177
65543 1248
65544 1177
65545 1248
65546 1177
65547 1177
65548 1248
65549 1248
65550 1248
65551 1248
65552 1177
65553 1177
65554 1252
65555 1176
65556 1105
65557 1105
65558 1105
65559 1469
65560 1248
65561 1106
65562 1248
65563 1247
65564 1248
65565 1392
65566 1245
65567 1103
131072 671
131073 957
131074 1176
131075 1176
131076 1245
131077 1105
131078 1105
131079 1105
131080 1247
131081 1105
131082 1105
131083 1176
131084 1104
131085 1246
131086 1246
131087 1246
131088 1246
131089 1246
131090 1247
131091 1247
131092 1247
131093 1246
131094 1246
131095 1246
131096 1246
131097 1033
131098 959
131099 1247
131100 1174
131101 1104
131102 1175
131103 1174
196608 1329
196609 886
196610 1034
196611 1031
196612 1248
196613 1252
196614 1248
196615 1248
196616 1248
196617 1248
196618 1247
196619 1466
196620 1248
196621 1248
196622 1252
196623 1248
196624 1248
196625 1248
196626 1248
196627 1248
196628 1466
196629 1247
196630 1246
196631 1247
196632 1247
196633 1247
196634 1176
196635 1105
196636 1247
196637 1247
196638 1247
196639 1175
262144 1038
262145 1034
262146 746
262147 1175
262148 1175
262149 1176
262150 1175
262151 1176
262152 1175
262153 1176
262154 1176
262155 1175
262156 1175
262157 1176
262158 1247
262159 1247
262160 1175
262161 1175
262162 1247
262163 1176
262164 1176
262165 1105
262166 1246
262167 1175
262168 1246
262169 1103
262170 1105
262171 1247
262172 1247
262173 1246
262174 1176
262175 1245
327680 1328
327681 1248
327682 1248
327683 1248
327684 1105
327685 1106
327686 1324
327687 1328
327688 1177
327689 1248
327690 1177
327691 1177
327692 1324
327693 1177
327694 1106
327695 1324
327696 1247
327697 1392
327698 1393
327699 1248
327700 1248
327701 1177
327702 1466
327703 1248
327704 1323
327705 1248
327706 1466
327707 1105
327708 1247
327709 1247
327710 1247
327711 1173
393216 890
393217 1248
393218 1248
393219 1106
393220 1177
393221 1106
393222 1247
393223 1106
393224 1248
393225 1248
393226 1177
393227 1248
393228 1177
393229 1248
393230 1106
393231 1248
393232 1035
393233 1035
393234 1248
393235 1177
393236 1248
393237 1248
393238 1247
393239 1030
393240 1248
393241 1321
393242 1030
393243 1247
393244 1030
393245 1176
393246 1247
393247 1247
458752 1254
458753 1177
458754 1176
458755 1465
458756 1465
458757 1249
458758 1249
458759 1247
458760 1249
458761 1248
458762 1249
458763 1248
458764 1249
458765 1248
458766 1249
458767 1249
458768 1248
458769 1249
458770 1249
458771 1248
458772 1029
458773 1393
458774 1393
458775 1322
458776 1248
458777 1248
458778 1248
458779 1248
458780 1248
458781 1248
458782 1177
458783 1322
524288 1329
524289 1246
524290 1323
524291 1176
524292 1248
524293 1396
524294 1395
524295 1248
524296 1176
524297 1396
524298 1396
524299 1247
524300 1251
524301 1248
524302 1248
524303 1248
524304 1248
524305 1251
524306 1322
524307 1248
524308 1030
524309 1248
524310 1248
524311 1177
524312 1322
524313 1322
524314 1322
524315 1322
524316 1322
524317 1175
524318 1247
524319 1101
589824 746
589825 1105
589826 1465
589827 1106
589828 1035
589829 1106
589830 1465
589831 1465
589832 1251
589833 1324
589834 1249
589835 1177
589836 1177
589837 1177
589838 1033
589839 1104
589840 1177
589841 1249
589842 1177
589843 1247
589844 1465
589845 1394
589846 1247
589847 1247
589848 1246
589849 1246
589850 1247
589851 1246
589852 1247
589853 1247
589854 1245
589855 1245
655360 1330
655361 1250
655362 1107
655363 1031
655364 1107
655365 1249
655366 1250
655367 1250
655368 1250
655369 1250
655370 1250
655371 1249
655372 1325
655373 1324
655374 1324
655375 1107
655376 1250
655377 1178
655378 1250
655379 1395
655380 1178
655381 1250
655382 1466
655383 1250
655384 1465
655385 1250
655386 1465
655387 1465
655388 1466
655389 1322
655390 1249
655391 1324
kernel_count 56206
