0 1253
1 1248
2 1248
3 1106
4 1177
5 1249
6 1249
7 1249
8 1249
9 1177
10 1177
11 1176
12 1106
13 1177
14 1177
15 1176
16 1106
17 1105
18 1176
19 1177
20 1248
21 1249
22 1323
23 1175
24 1323
25 1177
26 1249
27 1177
28 1249
29 1249
30 1464
31 1247
65536 1181
65537 1177
65538 1177
65539 1393
65540 1248
65541 1177
65542 1177
65543 1393
65544 1248
65545 1177
65546 1106
65547 1251
65548 1106
65549 1251
65550 1175
65551 1248
65552 1248
65553 1248
65554 1106
65555 1248
65556 1248
65557 1248
65558 1177
65559 1322
65560 1248
65561 1248
65562 1248
65563 1247
65564 1248
65565 1176
65566 1028
65567 1178
131072 1254
131073 1178
131074 1249
131075 1106
131076 1249
131077 1248
131078 1178
131079 1324
131080 1249
131081 1324
131082 1249
131083 1177
131084 1248
131085 1106
131086 1249
131087 1106
131088 1106
131089 1540
131090 1325
131091 1325
131092 1248
131093 1539
131094 1466
131095 1538
131096 1540
131097 1177
131098 1248
131099 1538
131100 1469
131101 1539
131102 1322
131103 1247
196608 748
196609 896
196610 897
196611 896
196612 823
196613 746
196614 895
196615 896
196616 1248
196617 1247
196618 1248
196619 1248
196620 1106
196621 1106
196622 1106
196623 1177
196624 1106
196625 1391
196626 1248
196627 1392
196628 1249
196629 1247
196630 1247
196631 1247
196632 1029
196633 1247
196634 1247
196635 1247
196636 1176
196637 1247
196638 1176
196639 1245
262144 1254
262145 747
262146 747
262147 747
262148 747
262149 1392
262150 1249
262151 1178
262152 1249
262153 1177
262154 1465
262155 1323
262156 1323
262157 1249
262158 1177
262159 1249
262160 1249
262161 1177
262162 1176
262163 1248
262164 1176
262165 1176
262166 1249
262167 1249
262168 1249
262169 1249
262170 1249
262171 1249
262172 1249
262173 1249
262174 1248
262175 1394
327680 1329
327681 1248
327682 1248
327683 1105
327684 1177
327685 1324
327686 1394
327687 1248
327688 1248
327689 1247
327690 1248
327691 1248
327692 1106
327693 1396
327694 1396
327695 1176
327696 1325
327697 1396
327698 1396
327699 1176
327700 1245
327701 1246
327702 1176
327703 1176
327704 1246
327705 1246
327706 1176
327707 1246
327708 1245
327709 1247
327710 1175
327711 1247
393216 748
393217 747
393218 747
393219 1248
393220 1106
393221 1248
393222 1106
393223 1248
393224 1248
393225 1106
393226 1248
393227 1248
393228 1104
393229 1106
393230 1030
393231 1177
393232 1177
393233 1104
393234 1175
393235 1175
393236 1104
393237 1321
393238 1175
393239 1245
393240 1174
393241 1175
393242 1176
393243 1245
393244 1103
393245 1103
393246 1174
393247 1175
458752 1254
458753 1248
458754 1177
458755 1248
458756 1175
458757 1248
458758 1175
458759 1394
458760 1252
458761 1324
458762 1249
458763 1466
458764 1469
458765 1177
458766 1249
458767 1248
458768 1248
458769 1394
458770 1470
458771 1247
458772 1538
458773 1247
458774 1176
458775 1179
458776 1322
458777 1106
458778 1176
458779 1176
458780 1251
458781 1322
458782 1321
458783 1321
524288 1330
524289 1393
524290 1176
524291 1176
524292 1249
524293 1105
524294 1249
524295 1106
524296 1249
524297 1248
524298 1176
524299 1030
524300 1106
524301 1030
524302 1030
524303 1248
524304 1249
524305 1177
524306 1392
524307 1248
524308 1394
524309 1176
524310 1246
524311 1247
524312 1175
524313 1176
524314 1247
524315 1246
524316 1247
524317 1247
524318 1176
524319 1246
589824 1257
589825 1323
589826 1177
589827 1248
589828 1250
589829 1175
589830 1105
589831 1246
589832 1246
589833 1246
589834 1175
589835 1175
589836 1246
589837 1176
589838 1174
589839 1247
589840 1247
589841 1247
589842 1247
589843 1105
589844 1105
589845 1247
589846 1104
589847 1247
589848 1246
589849 1247
589850 1175
589851 1175
589852 1175
589853 1175
589854 1102
589855 1028
655360 1038
655361 1177
655362 1107
655363 1324
655364 1177
655365 1394
655366 1393
655367 1252
655368 1248
655369 1106
655370 1246
655371 1247
655372 239
655373 239
655374 239
655375 239
655376 239
655377 239
655378 239
655379 239
655380 239
655381 239
655382 239
655383 239
655384 239
655385 239
655386 239
655387 239
655388 239
655389 239
655390 239
655391 239
kernel_count 53197
