0 1254
1 1247
2 1247
3 1247
4 1247
5 1174
6 1246
7 1246
8 1176
9 1105
10 1246
11 1176
12 1176
13 1247
14 1247
15 1247
16 1247
17 1247
18 1246
19 1246
20 1176
21 1176
22 1246
23 1246
24 1176
25 1247
26 1247
27 1247
28 1176
29 1105
30 1247
31 1247
65536 748
65537 747
65538 747
65539 747
65540 747
65541 1106
65542 1247
65543 1247
65544 1248
65545 1248
65546 1248
65547 1248
65548 1248
65549 1247
65550 1537
65551 1537
65552 1251
65553 1246
65554 1246
65555 1247
65556 1176
65557 1246
65558 1246
65559 1176
65560 1176
65561 1105
65562 1247
65563 1105
65564 1246
65565 1247
65566 1246
65567 1175
131072 1254
131073 1106
131074 1248
131075 1035
131076 1248
131077 1247
131078 1105
131079 239
131080 239
131081 239
131082 239
131083 239
131084 239
131085 239
131086 239
131087 239
131088 239
131089 239
131090 239
131091 239
131092 239
131093 239
131094 239
131095 239
131096 239
131097 239
131098 239
131099 239
131100 239
131101 239
131102 239
131103 239
kernel_count 11558
