0 1254
1 1248
2 1177
3 1248
4 1248
5 1248
6 1248
7 1248
8 1248
9 1248
10 1248
11 1175
12 1248
13 1248
14 1177
15 816
16 816
17 1248
18 1323
19 1394
20 1248
21 1248
22 1248
23 1248
24 1322
25 1247
26 1176
27 1247
28 1247
29 1175
30 1175
31 1175
65536 1182
65537 1254
65538 1106
65539 1254
65540 1254
65541 1178
65542 1249
65543 1249
65544 1467
65545 1249
65546 1465
65547 1325
65548 1325
65549 1176
65550 1249
65551 1248
65552 1248
65553 1255
65554 1255
65555 1177
65556 1325
65557 1395
65558 1607
65559 1248
65560 1393
65561 1393
65562 1393
65563 1177
65564 1106
65565 1322
65566 1176
65567 1245
131072 1254
131073 1106
131074 1106
131075 1248
131076 1248
131077 1248
131078 1248
131079 1248
131080 1248
131081 1106
131082 1034
131083 1252
131084 1323
131085 1177
131086 1397
131087 1322
131088 1177
131089 1322
131090 1322
131091 1322
131092 1176
131093 1247
131094 1247
131095 1104
131096 1247
131097 1176
131098 1105
131099 1176
131100 1176
131101 1176
131102 1104
131103 1175
196608 1254
196609 1249
196610 1248
196611 1177
196612 1177
196613 1395
196614 1466
196615 1248
196616 1177
196617 1177
196618 1106
196619 1106
196620 1247
196621 1248
196622 1030
196623 1177
196624 1247
196625 1539
196626 1466
196627 1247
196628 1247
196629 1176
196630 1177
196631 1247
196632 1248
196633 1106
196634 1177
196635 1248
196636 1106
196637 1251
196638 1247
196639 1247
262144 1110
262145 1029
262146 1246
262147 1247
262148 1247
262149 1247
262150 1247
262151 1247
262152 1247
262153 1247
262154 1247
262155 1176
262156 1247
262157 1247
262158 1247
262159 1247
262160 1105
262161 1175
262162 1247
262163 1247
262164 1105
262165 1105
262166 1105
262167 1105
262168 1105
262169 1105
262170 1105
262171 1246
262172 1247
262173 1247
262174 1247
262175 1247
327680 1254
327681 1249
327682 1030
327683 1249
327684 1248
327685 1249
327686 1106
327687 1177
327688 1249
327689 1249
327690 1177
327691 1249
327692 1249
327693 1177
327694 1323
327695 1323
327696 1177
327697 1249
327698 1177
327699 1248
327700 1324
327701 1030
327702 1323
327703 1175
327704 1248
327705 1177
327706 1324
327707 1607
327708 1180
327709 1247
327710 1246
327711 1243
393216 1035
393217 1105
393218 1250
393219 1249
393220 1249
393221 1035
393222 1248
393223 1105
393224 1034
393225 1249
393226 1105
393227 1250
393228 1105
393229 1105
393230 1177
393231 1106
393232 1464
393233 1464
393234 1466
393235 1251
393236 1176
393237 1392
393238 1246
393239 1105
393240 1177
393241 1176
393242 1176
393243 1106
393244 1248
393245 1248
393246 1321
393247 1247
458752 1185
458753 1326
458754 1248
458755 1248
458756 1181
458757 1177
458758 1249
458759 1177
458760 1176
458761 1247
458762 1175
458763 1105
458764 1177
458765 1394
458766 1249
458767 1324
458768 1105
458769 1177
458770 1247
458771 1247
458772 1249
458773 1176
458774 1249
458775 1176
458776 1106
458777 1106
458778 1106
458779 1177
458780 1032
458781 1390
458782 1029
458783 1029
524288 823
524289 1176
524290 1177
524291 1106
524292 1398
524293 1247
524294 1176
524295 1105
524296 1105
524297 1104
524298 1105
524299 1249
524300 1249
524301 1249
524302 1248
524303 1249
524304 1249
524305 1464
524306 1247
524307 1248
524308 1248
524309 1248
524310 1248
524311 1248
524312 1248
524313 1247
524314 1177
524315 1248
524316 1177
524317 1247
524318 1322
524319 1247
589824 1182
589825 1249
589826 1177
589827 1248
589828 1249
589829 1249
589830 1247
589831 1177
589832 1248
589833 1249
589834 1249
589835 1324
589836 1249
589837 1464
589838 1177
589839 1249
589840 1249
589841 1106
589842 1249
589843 1249
589844 1249
589845 1324
589846 1324
589847 1248
589848 1466
589849 1322
589850 1322
589851 1322
589852 1322
589853 1246
589854 1029
589855 1247
655360 747
655361 748
655362 747
655363 1106
655364 1107
655365 748
655366 747
655367 1107
655368 1249
655369 1178
655370 1031
655371 1178
655372 1249
655373 1178
655374 1178
655375 1178
655376 1249
655377 1249
655378 1249
655379 1249
655380 1249
655381 1249
655382 1178
655383 1322
655384 1248
655385 1173
655386 239
655387 239
655388 239
655389 239
655390 239
655391 239
kernel_count 55281
