0 1254
1 1246
2 1247
3 1248
4 1248
5 1247
6 1248
7 1248
8 1246
9 1248
10 1248
11 1246
12 1248
13 1248
14 1247
15 1247
16 1248
17 1248
18 1246
19 1248
20 1248
21 1246
22 1248
23 1248
24 1247
25 1247
26 1246
27 1322
28 1247
29 1247
30 1247
31 1247
65536 1254
65537 1177
65538 1105
65539 1248
65540 1106
65541 1249
65542 1249
65543 1467
65544 1467
65545 1248
65546 1248
65547 1177
65548 1323
65549 1247
65550 1248
65551 1323
65552 1247
65553 1177
65554 1394
65555 1248
65556 1248
65557 1176
65558 1248
65559 1394
65560 1248
65561 1248
65562 1030
65563 1248
65564 1248
65565 1323
65566 1248
65567 1396
131072 1402
131073 1393
131074 1251
131075 1252
131076 1248
131077 1248
131078 1322
131079 1248
131080 1248
131081 1247
131082 1248
131083 1248
131084 1176
131085 1175
131086 1177
131087 1323
131088 1177
131089 1252
131090 1247
131091 1248
131092 1248
131093 1248
131094 1247
131095 1246
131096 1248
131097 1177
131098 1106
131099 1177
131100 1106
131101 1392
131102 1247
131103 1175
196608 748
196609 958
196610 1106
196611 1177
196612 1248
196613 1177
196614 1247
196615 1248
196616 1323
196617 1176
196618 1247
196619 1176
196620 1248
196621 1247
196622 1248
196623 1247
196624 1392
196625 1105
196626 1177
196627 1248
196628 1248
196629 1248
196630 1394
196631 1394
196632 1176
196633 1105
196634 1176
196635 1247
196636 1247
196637 1247
196638 1175
196639 1175
262144 1182
262145 1177
262146 1248
262147 1249
262148 239
262149 239
262150 239
262151 239
262152 239
262153 239
262154 239
262155 239
262156 239
262157 239
262158 239
262159 239
262160 239
262161 239
262162 239
262163 239
262164 239
262165 239
262166 239
262167 239
262168 239
262169 239
262170 239
262171 239
262172 239
262173 239
262174 239
262175 239
kernel_count 22003
