0 1251
1 1247
2 1246
3 1176
4 1246
5 1246
6 1246
7 1176
8 1247
9 1247
10 1176
11 1247
12 1246
13 1246
14 1246
15 1247
16 1105
17 1175
18 1247
19 1246
20 1104
21 1246
22 1247
23 1247
24 1246
25 1176
26 1247
27 1176
28 1247
29 1247
30 1175
31 1175
65536 1254
65537 1249
65538 747
65539 1249
65540 1249
65541 1106
65542 1106
65543 1106
65544 1609
65545 1608
65546 1245
65547 1247
65548 1105
65549 1176
65550 746
65551 1247
65552 1247
65553 746
65554 1247
65555 1247
65556 1247
65557 1247
65558 1247
65559 1105
65560 1247
65561 1175
65562 1247
65563 1247
65564 1247
65565 1175
65566 1175
65567 1173
131072 1330
131073 1247
131074 1247
131075 1247
131076 1246
131077 1247
131078 1246
131079 1176
131080 1176
131081 1176
131082 1247
131083 1245
131084 1176
131085 1247
131086 1247
131087 1176
131088 1245
131089 1247
131090 1247
131091 1246
131092 1247
131093 1176
131094 1247
131095 1247
131096 1247
131097 1247
131098 1247
131099 1247
131100 1176
131101 1175
131102 1175
131103 1175
196608 748
196609 1247
196610 1247
196611 1247
196612 1247
196613 1246
196614 1247
196615 1247
196616 1247
196617 1247
196618 1175
196619 1247
196620 1247
196621 1176
196622 1176
196623 1175
196624 1176
196625 1176
196626 1176
196627 1176
196628 1176
196629 1176
196630 1247
196631 1247
196632 1247
196633 1247
196634 1247
196635 1247
196636 1176
196637 1247
196638 1246
196639 1247
262144 1037
262145 746
262146 1034
262147 747
262148 746
262149 1034
262150 1249
262151 1177
262152 1177
262153 1177
262154 1177
262155 1249
262156 1177
262157 1249
262158 1248
262159 1177
262160 1178
262161 1178
262162 1106
262163 1106
262164 1177
262165 1249
262166 1248
262167 1248
262168 1248
262169 1248
262170 1106
262171 1106
262172 1249
262173 1175
262174 1249
262175 1466
327680 1182
327681 1247
327682 1323
327683 1030
327684 1106
327685 1247
327686 1177
327687 1248
327688 1248
327689 1247
327690 1247
327691 1248
327692 1248
327693 1248
327694 1248
327695 1248
327696 1248
327697 1177
327698 1247
327699 1177
327700 1177
327701 1247
327702 1248
327703 1248
327704 1247
327705 1030
327706 1247
327707 1392
327708 1392
327709 1104
327710 1247
327711 1247
393216 1110
393217 1176
393218 1247
393219 1247
393220 1248
393221 1246
393222 1248
393223 1246
393224 1248
393225 1246
393226 1177
393227 1176
393228 1246
393229 1177
393230 1247
393231 1247
393232 1030
393233 1248
393234 1248
393235 1248
393236 1248
393237 1247
393238 1248
393239 1247
393240 1248
393241 1248
393242 1247
393243 1248
393244 1251
393245 1248
393246 1250
393247 1247
458752 1254
458753 1030
458754 1247
458755 1248
458756 1176
458757 1247
458758 1391
458759 1392
458760 1176
458761 1247
458762 1247
458763 1247
458764 1247
458765 1247
458766 1247
458767 1247
458768 1247
458769 1247
458770 1247
458771 1247
458772 1247
458773 1247
458774 1246
458775 1246
458776 1247
458777 1247
458778 1247
458779 1247
458780 1247
458781 1247
458782 1247
458783 1247
524288 1254
524289 1321
524290 1248
524291 1321
524292 1248
524293 1248
524294 1247
524295 1247
524296 1321
524297 1246
524298 1248
524299 1248
524300 1248
524301 1247
524302 1248
524303 1177
524304 1176
524305 1176
524306 1104
524307 1176
524308 1177
524309 1248
524310 1176
524311 1248
524312 1248
524313 1248
524314 1106
524315 1248
524316 1106
524317 1248
524318 1248
524319 1250
589824 961
589825 1106
589826 1248
589827 1322
589828 1247
589829 1322
589830 1106
589831 1177
589832 1247
589833 1248
589834 1177
589835 1322
589836 1251
589837 1322
589838 1247
589839 1247
589840 1176
589841 1247
589842 1247
589843 1247
589844 1247
589845 1247
589846 1246
589847 1247
589848 1176
589849 1105
589850 1247
589851 1247
589852 1247
589853 1176
589854 1247
589855 1103
655360 1182
655361 1249
655362 1249
655363 1177
655364 1249
655365 1249
655366 1106
655367 1249
655368 1249
655369 1249
655370 1249
655371 1249
655372 892
655373 1177
655374 1397
655375 1035
655376 1248
655377 1464
655378 1249
655379 1249
655380 1177
655381 1248
655382 1177
655383 1248
655384 1464
655385 1176
655386 1104
655387 1247
655388 1247
655389 1246
655390 1247
655391 1247
720896 965
720897 963
720898 1393
720899 1030
720900 1248
720901 1247
720902 1177
720903 1247
720904 1176
720905 1177
720906 1248
720907 1248
720908 1248
720909 1176
720910 1248
720911 1247
720912 1248
720913 1177
720914 1393
720915 1393
720916 1393
720917 1177
720918 1393
720919 1248
720920 1248
720921 1248
720922 1322
720923 1322
720924 1106
720925 1321
720926 1247
720927 1175
786432 1182
786433 1249
786434 1178
786435 1249
786436 1178
786437 1326
786438 1106
786439 1248
786440 239
786441 239
786442 239
786443 239
786444 239
786445 239
786446 239
786447 239
786448 239
786449 239
786450 239
786451 239
786452 239
786453 239
786454 239
786455 239
786456 239
786457 239
786458 239
786459 239
786460 239
786461 239
786462 239
786463 239
kernel_count 62721
