0 1254
1 1246
2 1246
3 1247
4 1246
5 1103
6 1246
7 1247
8 1246
9 960
10 1175
11 1176
12 1247
13 1246
14 1246
15 1247
16 1246
17 1244
18 1246
19 1247
20 1246
21 960
22 1175
23 1176
24 1247
25 1246
26 1247
27 1246
28 1246
29 1246
30 1247
31 1246
65536 747
65537 746
65538 746
65539 1248
65540 1248
65541 1106
65542 1322
65543 1105
65544 1246
65545 1247
65546 1176
65547 1247
65548 1176
65549 1176
65550 1176
65551 1247
65552 1176
65553 1247
65554 1247
65555 1247
65556 1176
65557 1176
65558 1176
65559 1247
65560 1247
65561 1246
65562 1105
65563 1176
65564 1176
65565 1246
65566 1247
65567 1247
131072 1254
131073 1248
131074 1247
131075 1247
131076 1247
131077 1248
131078 1248
131079 1248
131080 1248
131081 1175
131082 1247
131083 1177
131084 1248
131085 1248
131086 1251
131087 1248
131088 1106
131089 1247
131090 1248
131091 1106
131092 1176
131093 1247
131094 1248
131095 1248
131096 1180
131097 1030
131098 1176
131099 1176
131100 1247
131101 1246
131102 1032
131103 1174
196608 1253
196609 1248
196610 1247
196611 1106
196612 1106
196613 1177
196614 1248
196615 1247
196616 1322
196617 1250
196618 1250
196619 1250
196620 1247
196621 1247
196622 1103
196623 1174
196624 1176
196625 1247
196626 1103
196627 1246
196628 1175
196629 1105
196630 1246
196631 1247
196632 1247
196633 1246
196634 1247
196635 1247
196636 1247
196637 1176
196638 1174
196639 1031
262144 1254
262145 1249
262146 1249
262147 1175
262148 1249
262149 1249
262150 1248
262151 1249
262152 1106
262153 1178
262154 1249
262155 1249
262156 1178
262157 1106
262158 1249
262159 1106
262160 1394
262161 1106
262162 1247
262163 1177
262164 1249
262165 1394
262166 1177
262167 1249
262168 1176
262169 1249
262170 1466
262171 1249
262172 1466
262173 1176
262174 1174
262175 1174
327680 1181
327681 1176
327682 1249
327683 1249
327684 1247
327685 1247
327686 1177
327687 1539
327688 1248
327689 1248
327690 1248
327691 1248
327692 1248
327693 1177
327694 1248
327695 1247
327696 1248
327697 1248
327698 1181
327699 1247
327700 1248
327701 1248
327702 1248
327703 1248
327704 1034
327705 1248
327706 1177
327707 1468
327708 1251
327709 1392
327710 1247
327711 1175
393216 1182
393217 1177
393218 1248
393219 1248
393220 1249
393221 1249
393222 1249
393223 1249
393224 1248
393225 1176
393226 1106
393227 1248
393228 1249
393229 1249
393230 1248
393231 1249
393232 1178
393233 1248
393234 1249
393235 1248
393236 1248
393237 1248
393238 1248
393239 1248
393240 1248
393241 1248
393242 1178
393243 1178
393244 1248
393245 1248
393246 1393
393247 1175
458752 1254
458753 1248
458754 1463
458755 1247
458756 1247
458757 1247
458758 1245
458759 1247
458760 1176
458761 1105
458762 1247
458763 1247
458764 1246
458765 1247
458766 1176
458767 1105
458768 1030
458769 1246
458770 1247
458771 1030
458772 1105
458773 1247
458774 1245
458775 1247
458776 1105
458777 1176
458778 1245
458779 1247
458780 1105
458781 1105
458782 1245
458783 1245
524288 1182
524289 1249
524290 1253
524291 1249
524292 1249
524293 1249
524294 1106
524295 1249
524296 1105
524297 1177
524298 1253
524299 1249
524300 1106
524301 1249
524302 1106
524303 1249
524304 1249
524305 1249
524306 1249
524307 1249
524308 1177
524309 1030
524310 1177
524311 1249
524312 1464
524313 1247
524314 1248
524315 1248
524316 1395
524317 1254
524318 1247
524319 1175
589824 1254
589825 1177
589826 1248
589827 1106
589828 1177
589829 1248
589830 1248
589831 1248
589832 1392
589833 1175
589834 1105
589835 1396
589836 1396
589837 1396
589838 1247
589839 1176
589840 1176
589841 1176
589842 1245
589843 1247
589844 1247
589845 1175
589846 1246
589847 1247
589848 1247
589849 1246
589850 1246
589851 1176
589852 1247
589853 1247
589854 1247
589855 1247
655360 1404
655361 1177
655362 1177
655363 1249
655364 1030
655365 1106
655366 1249
655367 1177
655368 1611
655369 1177
655370 1176
655371 1249
655372 1324
655373 1324
655374 1539
655375 1398
655376 1469
655377 1249
655378 1248
655379 1249
655380 1177
655381 1249
655382 1176
655383 1249
655384 1249
655385 1176
655386 1106
655387 1248
655388 1468
655389 1177
655390 1177
655391 1464
720896 1401
720897 1248
720898 1248
720899 1247
720900 1247
720901 1177
720902 1247
720903 1248
720904 1247
720905 1248
720906 1248
720907 1247
720908 1246
720909 1247
720910 1247
720911 1248
720912 1248
720913 1176
720914 1106
720915 1177
720916 1177
720917 1248
720918 1176
720919 1247
720920 1247
720921 1105
720922 1177
720923 239
720924 239
720925 239
720926 239
720927 239
kernel_count 60668
