0 1254
1 1176
2 1247
3 1176
4 1247
5 1105
6 1247
7 1247
8 1176
9 1247
10 1247
11 1247
12 1246
13 1247
14 1034
15 1247
16 1176
17 1247
18 1176
19 1247
20 1105
21 1247
22 1247
23 1176
24 1247
25 1247
26 1247
27 1105
28 1105
29 1105
30 1176
31 1247
65536 1110
65537 1248
65538 1177
65539 1177
65540 1177
65541 1248
65542 1177
65543 1248
65544 1105
65545 239
65546 239
65547 239
65548 239
65549 239
65550 239
65551 239
65552 239
65553 239
65554 239
65555 239
65556 239
65557 239
65558 239
65559 239
65560 239
65561 239
65562 239
65563 239
65564 239
65565 239
65566 239
65567 239
kernel_count 6914
