0 1254
1 1106
2 1464
3 1249
4 1178
5 1465
6 1249
7 1249
8 1249
9 1249
10 1249
11 1177
12 1106
13 1465
14 1249
15 1178
16 1465
17 1177
18 1249
19 1249
20 1249
21 1249
22 1177
23 1106
24 1465
25 1249
26 1178
27 1465
28 1248
29 1248
30 1177
31 1321
65536 1329
65537 1175
65538 1175
65539 1177
65540 1249
65541 1394
65542 1395
65543 1248
65544 1249
65545 1248
65546 1249
65547 1324
65548 1176
65549 1249
65550 1324
65551 1465
65552 1248
65553 1323
65554 1323
65555 1323
65556 1323
65557 1323
65558 1392
65559 1247
65560 1104
65561 1029
65562 1176
65563 1246
65564 1246
65565 1246
65566 1247
65567 1247
131072 1254
131073 1247
131074 1246
131075 1246
131076 1247
131077 1247
131078 1246
131079 1247
131080 1176
131081 1247
131082 1175
131083 1247
131084 1176
131085 1247
131086 1247
131087 1247
131088 1247
131089 1247
131090 1247
131091 1247
131092 1247
131093 1247
131094 1247
131095 1247
131096 1247
131097 1247
131098 1247
131099 1247
131100 1176
131101 1247
131102 1174
131103 1174
196608 1254
196609 1249
196610 1249
196611 1611
196612 1248
196613 1394
196614 1106
196615 1106
196616 1177
196617 1176
196618 1248
196619 1248
196620 1467
196621 1248
196622 962
196623 1250
196624 1176
196625 1247
196626 1104
196627 1246
196628 1103
196629 1247
196630 1176
196631 1246
196632 1103
196633 1104
196634 1246
196635 1247
196636 1175
196637 1104
196638 1246
196639 1247
262144 747
262145 746
262146 1250
262147 748
262148 748
262149 747
262150 892
262151 1178
262152 1250
262153 1249
262154 1250
262155 1249
262156 1250
262157 1030
262158 1250
262159 1250
262160 1250
262161 1249
262162 1250
262163 1465
262164 1465
262165 1106
262166 1465
262167 1104
262168 239
262169 239
262170 239
262171 239
262172 239
262173 239
262174 239
262175 239
kernel_count 24598
