0 1109
1 1247
2 1247
3 1248
4 1323
5 1248
6 1248
7 1247
8 1248
9 1248
10 1248
11 1177
12 1248
13 1248
14 1393
15 1248
16 1321
17 1321
18 1321
19 1321
20 1321
21 1321
22 1322
23 1105
24 1246
25 1104
26 1246
27 1104
28 1175
29 1174
30 1175
31 1103
65536 1254
65537 1248
65538 1174
65539 1247
65540 1247
65541 1247
65542 1247
65543 1247
65544 1247
65545 1247
65546 1247
65547 1324
65548 1248
65549 1248
65550 1248
65551 1248
65552 1248
65553 1248
65554 1029
65555 1247
65556 1248
65557 1177
65558 1105
65559 1177
65560 1177
65561 1397
65562 1248
65563 1248
65564 1466
65565 1105
65566 1247
65567 1175
131072 1182
131073 1248
131074 1248
131075 1177
131076 1248
131077 1248
131078 1248
131079 892
131080 1177
131081 1247
131082 1248
131083 1248
131084 1248
131085 1247
131086 1248
131087 1248
131088 1248
131089 1248
131090 1248
131091 1248
131092 1248
131093 1247
131094 1248
131095 1247
131096 1177
131097 1177
131098 1177
131099 1248
131100 1251
131101 1247
131102 1246
131103 1247
196608 1254
196609 1174
196610 1247
196611 1247
196612 1247
196613 1246
196614 1105
196615 1105
196616 1105
196617 1105
196618 1247
196619 1247
196620 1247
196621 1246
196622 1176
196623 1175
196624 1175
196625 1175
196626 1175
196627 1246
196628 1245
196629 1247
196630 1176
196631 1175
196632 1246
196633 1175
196634 1176
196635 1030
196636 1175
196637 1247
196638 1247
196639 1247
262144 1182
262145 1177
262146 1177
262147 1177
262148 1177
262149 1106
262150 1248
262151 1248
262152 1248
262153 1248
262154 1392
262155 1177
262156 1246
262157 1246
262158 1247
262159 1394
262160 1321
262161 1246
262162 1246
262163 1246
262164 1246
262165 1246
262166 1246
262167 1246
262168 1034
262169 1246
262170 1246
262171 1246
262172 1176
262173 1247
262174 1247
262175 1247
327680 1109
327681 1246
327682 1247
327683 1246
327684 1247
327685 1175
327686 1247
327687 1247
327688 1175
327689 1175
327690 1175
327691 1175
327692 1105
327693 1245
327694 1246
327695 1175
327696 1247
327697 1246
327698 1175
327699 1175
327700 1176
327701 1176
327702 1176
327703 1104
327704 1247
327705 1247
327706 1247
327707 1247
327708 1175
327709 1104
327710 1174
327711 1103
393216 1254
393217 1540
393218 1325
393219 1181
393220 1252
393221 1249
393222 1177
393223 1249
393224 1466
393225 1248
393226 1105
393227 1106
393228 1248
393229 1177
393230 1105
393231 1247
393232 1176
393233 1250
393234 1323
393235 1247
393236 1105
393237 1177
393238 1324
393239 1247
393240 1324
393241 1247
393242 1246
393243 1323
393244 1323
393245 1176
393246 1468
393247 1246
458752 899
458753 1247
458754 1246
458755 1247
458756 1175
458757 1247
458758 1322
458759 1247
458760 1177
458761 1248
458762 1177
458763 1252
458764 1323
458765 1323
458766 1177
458767 1106
458768 1248
458769 1467
458770 1246
458771 1104
458772 1029
458773 1247
458774 1176
458775 1030
458776 1030
458777 1176
458778 1176
458779 1175
458780 1175
458781 1105
458782 1174
458783 1245
524288 1254
524289 1106
524290 1248
524291 1248
524292 1248
524293 1177
524294 239
524295 239
524296 239
524297 239
524298 239
524299 239
524300 239
524301 239
524302 239
524303 239
524304 239
524305 239
524306 239
524307 239
524308 239
524309 239
524310 239
524311 239
524312 239
524313 239
524314 239
524315 239
524316 239
524317 239
524318 239
524319 239
kernel_count 42331
