0 1252
1 1248
2 1393
3 1248
4 1247
5 1177
6 1106
7 1246
8 1106
9 1106
10 1106
11 1246
12 1034
13 1106
14 1247
15 1106
16 1106
17 1106
18 1321
19 1105
20 1250
21 1247
22 1180
23 1175
24 1247
25 1246
26 1247
27 1176
28 1247
29 1246
30 1247
31 1173
65536 1109
65537 1106
65538 1177
65539 1249
65540 1249
65541 1177
65542 1248
65543 1249
65544 1395
65545 1249
65546 1249
65547 1395
65548 1249
65549 1249
65550 1249
65551 1249
65552 1249
65553 1249
65554 1249
65555 1249
65556 1249
65557 1249
65558 1177
65559 1538
65560 1249
65561 1249
65562 1248
65563 1249
65564 1607
65565 1608
65566 1106
65567 1393
131072 1401
131073 1247
131074 1247
131075 1248
131076 1177
131077 1177
131078 1106
131079 1248
131080 1248
131081 1248
131082 1176
131083 1251
131084 1320
131085 1247
131086 1248
131087 1320
131088 1245
131089 1177
131090 1247
131091 1176
131092 1322
131093 1320
131094 1248
131095 1248
131096 1322
131097 1177
131098 1177
131099 1106
131100 1247
131101 1248
131102 1248
131103 1321
196608 1401
196609 821
196610 746
196611 747
196612 821
196613 746
196614 747
196615 746
196616 746
196617 1177
196618 1324
196619 1249
196620 1177
196621 1249
196622 1249
196623 1248
196624 1249
196625 1249
196626 1395
196627 1249
196628 1249
196629 1248
196630 1395
196631 1249
196632 1249
196633 1249
196634 1461
196635 1461
196636 1247
196637 1247
196638 1247
196639 1247
262144 1182
262145 1177
262146 1177
262147 1177
262148 1177
262149 1248
262150 1177
262151 1177
262152 1177
262153 1176
262154 1177
262155 1177
262156 1247
262157 1248
262158 1106
262159 1246
262160 1246
262161 1176
262162 1247
262163 1248
262164 1247
262165 1108
262166 1180
262167 1246
262168 1246
262169 1247
262170 1176
262171 1247
262172 1247
262173 1247
262174 1030
262175 1245
327680 1329
327681 1322
327682 1324
327683 1323
327684 1323
327685 1248
327686 1324
327687 1182
327688 1326
327689 1247
327690 1247
327691 1105
327692 1246
327693 1105
327694 1322
327695 1252
327696 1252
327697 1177
327698 1393
327699 1393
327700 1393
327701 1248
327702 1106
327703 1106
327704 1177
327705 1394
327706 1320
327707 1320
327708 1246
327709 1251
327710 1034
327711 1247
393216 1180
393217 1248
393218 1033
393219 1106
393220 1177
393221 1249
393222 1323
393223 1395
393224 1106
393225 1105
393226 1105
393227 1176
393228 1176
393229 1249
393230 1178
393231 1178
393232 1248
393233 1539
393234 1539
393235 1539
393236 1465
393237 1465
393238 1248
393239 1323
393240 1248
393241 1247
393242 1176
393243 1177
393244 1247
393245 1248
393246 1465
393247 1247
458752 1256
458753 1248
458754 1105
458755 1322
458756 1323
458757 1176
458758 1106
458759 1106
458760 1176
458761 1177
458762 1252
458763 1248
458764 1105
458765 1177
458766 1248
458767 1248
458768 1106
458769 1248
458770 1248
458771 1247
458772 1248
458773 1177
458774 1248
458775 1248
458776 1248
458777 1393
458778 1393
458779 1394
458780 1247
458781 1103
458782 1102
458783 1102
524288 1254
524289 1464
524290 1177
524291 1106
524292 1177
524293 1106
524294 1249
524295 1249
524296 1252
524297 1106
524298 1249
524299 1177
524300 1249
524301 1249
524302 1249
524303 1249
524304 1249
524305 1463
524306 1030
524307 1105
524308 1106
524309 1248
524310 1105
524311 1248
524312 1247
524313 1392
524314 1392
524315 1392
524316 1176
524317 1247
524318 1247
524319 1173
589824 966
589825 1248
589826 1248
589827 1248
589828 1248
589829 1248
589830 1177
589831 1248
589832 1248
589833 1176
589834 1248
589835 1248
589836 239
589837 239
589838 239
589839 239
589840 239
589841 239
589842 239
589843 239
589844 239
589845 239
589846 239
589847 239
589848 239
589849 239
589850 239
589851 239
589852 239
589853 239
589854 239
589855 239
kernel_count 48648
