0 1252
1 1247
2 1246
3 1175
4 1247
5 1246
6 1175
7 1176
8 1247
9 1246
10 1247
11 1246
12 1246
13 1247
14 1246
15 1246
16 1176
17 1247
18 1246
19 1246
20 1246
21 1247
22 1247
23 1247
24 1247
25 1176
26 1247
27 1246
28 1247
29 1246
30 1174
31 1103
65536 1254
65537 1465
65538 1248
65539 1176
65540 1248
65541 1105
65542 1176
65543 1177
65544 1248
65545 744
65546 1248
65547 1105
65548 1106
65549 1248
65550 1177
65551 1323
65552 1323
65553 1177
65554 1323
65555 1248
65556 1252
65557 1248
65558 1248
65559 1177
65560 1248
65561 1323
65562 1177
65563 1248
65564 1248
65565 1248
65566 1392
65567 1247
131072 1254
131073 1248
131074 1248
131075 1322
131076 1105
131077 1177
131078 1248
131079 1247
131080 1247
131081 1248
131082 1248
131083 1177
131084 1248
131085 1248
131086 1248
131087 1177
131088 1105
131089 1320
131090 1029
131091 1322
131092 1322
131093 1322
131094 1176
131095 1105
131096 1246
131097 1247
131098 1247
131099 1247
131100 1247
131101 1247
131102 1247
131103 1174
196608 1254
196609 1247
196610 1106
196611 1177
196612 1176
196613 1106
196614 1248
196615 1247
196616 1248
196617 1106
196618 1106
196619 1106
196620 1248
196621 1177
196622 1177
196623 1248
196624 1177
196625 1176
196626 1248
196627 1106
196628 1248
196629 1247
196630 1177
196631 1393
196632 1248
196633 1177
196634 1251
196635 1175
196636 1175
196637 1246
196638 1247
196639 1244
262144 1182
262145 1249
262146 1177
262147 1177
262148 1106
262149 1177
262150 1249
262151 1177
262152 1105
262153 1177
262154 1177
262155 1249
262156 1249
262157 1249
262158 1249
262159 1177
262160 1610
262161 1249
262162 1249
262163 1249
262164 1177
262165 1611
262166 1249
262167 1176
262168 1247
262169 1252
262170 1394
262171 1395
262172 1394
262173 1395
262174 1394
262175 1610
327680 1253
327681 1323
327682 1610
327683 1248
327684 1248
327685 1248
327686 1394
327687 1395
327688 1248
327689 1177
327690 1248
327691 1248
327692 1248
327693 1321
327694 1177
327695 1247
327696 1248
327697 1248
327698 1248
327699 1248
327700 1321
327701 1246
327702 1247
327703 1176
327704 1247
327705 1247
327706 1247
327707 1176
327708 1105
327709 1247
327710 1105
327711 1247
393216 1254
393217 1248
393218 1176
393219 1176
393220 1106
393221 1105
393222 1323
393223 1106
393224 1323
393225 1106
393226 1177
393227 1247
393228 1177
393229 1247
393230 1030
393231 1177
393232 1106
393233 1177
393234 1106
393235 1177
393236 1177
393237 1106
393238 1177
393239 1106
393240 1177
393241 1106
393242 1177
393243 1248
393244 1030
393245 1254
393246 1325
393247 1247
458752 1330
458753 1248
458754 1249
458755 1249
458756 1249
458757 1249
458758 1248
458759 1248
458760 1249
458761 1249
458762 1249
458763 1248
458764 1248
458765 1030
458766 1106
458767 1106
458768 1394
458769 1247
458770 1106
458771 1248
458772 1106
458773 1251
458774 1106
458775 1248
458776 1251
458777 1176
458778 1105
458779 1105
458780 1030
458781 1030
458782 1030
458783 1245
524288 1253
524289 1030
524290 1030
524291 1030
524292 1177
524293 1177
524294 1248
524295 1324
524296 1394
524297 1248
524298 1029
524299 1248
524300 1247
524301 1323
524302 1106
524303 1469
524304 1248
524305 1397
524306 1469
524307 1177
524308 1396
524309 1394
524310 1248
524311 1469
524312 1248
524313 1177
524314 1248
524315 1469
524316 1247
524317 1322
524318 1176
524319 1247
589824 1182
589825 1249
589826 1176
589827 1249
589828 1248
589829 1248
589830 1465
589831 1177
589832 1248
589833 1464
589834 1176
589835 1248
589836 1248
589837 1177
589838 1105
589839 1105
589840 1105
589841 1177
589842 1105
589843 1536
589844 1536
589845 1177
589846 1177
589847 1029
589848 1105
589849 1177
589850 1177
589851 1392
589852 1248
589853 1176
589854 1392
589855 1392
655360 1254
655361 1248
655362 1177
655363 1253
655364 1249
655365 1249
655366 1249
655367 1248
655368 1106
655369 1325
655370 1324
655371 1248
655372 1178
655373 1249
655374 1538
655375 1176
655376 1248
655377 1468
655378 1176
655379 1246
655380 1105
655381 1247
655382 1246
655383 1247
655384 1176
655385 1247
655386 1175
655387 1246
655388 1030
655389 1247
655390 1247
655391 1245
720896 1401
720897 1395
720898 1249
720899 1249
720900 1178
720901 1393
720902 1248
720903 1324
720904 1178
720905 1249
720906 1249
720907 1248
720908 1248
720909 1248
720910 1248
720911 1107
720912 1180
720913 1392
720914 1247
720915 1177
720916 1177
720917 1248
720918 1247
720919 1247
720920 1177
720921 1176
720922 1247
720923 1175
720924 239
720925 239
720926 239
720927 239
kernel_count 61339
