0 1475
1 1468
2 1177
3 1106
4 1249
5 1249
6 1248
7 1249
8 1248
9 1249
10 1540
11 1249
12 1396
13 1468
14 1248
15 1249
16 1176
17 1106
18 1394
19 1249
20 1249
21 1393
22 1249
23 1249
24 1178
25 1178
26 1106
27 1323
28 1177
29 1248
30 1394
31 1247
65536 748
65537 1177
65538 1106
65539 1177
65540 1392
65541 1248
65542 1248
65543 1176
65544 1247
65545 1248
65546 1106
65547 1247
65548 1248
65549 1247
65550 1248
65551 1176
65552 1248
65553 1247
65554 1248
65555 1248
65556 1247
65557 1248
65558 1247
65559 1176
65560 1392
65561 1247
65562 1247
65563 1246
65564 1247
65565 1247
65566 1247
65567 1247
131072 748
131073 1324
131074 1177
131075 1249
131076 1177
131077 1249
131078 1249
131079 1248
131080 1177
131081 1394
131082 1249
131083 1249
131084 1394
131085 1177
131086 1394
131087 1464
131088 1249
131089 1395
131090 1464
131091 1464
131092 1392
131093 1177
131094 1248
131095 1248
131096 1392
131097 1177
131098 1392
131099 1247
131100 1247
131101 1246
131102 1247
131103 1175
196608 1034
196609 1107
196610 1178
196611 1250
196612 1178
196613 1107
196614 1178
196615 1178
196616 1178
196617 1253
196618 1325
196619 1253
196620 1107
196621 1107
196622 1107
196623 1178
196624 1250
196625 1178
196626 1250
196627 1107
196628 1464
196629 1249
196630 1250
196631 1177
196632 1464
196633 239
196634 239
196635 239
196636 239
196637 239
196638 239
196639 239
kernel_count 19941
