0 1110
1 1247
2 1175
3 1247
4 1247
5 1247
6 1247
7 1247
8 1247
9 1245
10 1176
11 1246
12 1247
13 1246
14 1246
15 1247
16 1030
17 1246
18 1175
19 1247
20 1246
21 1246
22 1246
23 1176
24 1247
25 1246
26 1246
27 1246
28 1105
29 1175
30 1247
31 1246
65536 747
65537 746
65538 747
65539 747
65540 746
65541 1176
65542 1247
65543 1247
65544 1248
65545 1247
65546 1177
65547 1248
65548 1392
65549 1246
65550 1246
65551 1248
65552 1245
65553 1247
65554 1247
65555 1030
65556 1248
65557 1322
65558 1247
65559 1247
65560 1322
65561 1322
65562 1247
65563 1247
65564 1322
65565 1247
65566 1245
65567 1028
131072 1253
131073 1249
131074 1465
131075 1249
131076 1466
131077 1323
131078 1394
131079 1106
131080 1177
131081 1249
131082 1323
131083 1249
131084 1175
131085 1464
131086 1249
131087 1249
131088 1249
131089 1249
131090 1249
131091 1249
131092 1249
131093 1249
131094 1464
131095 1464
131096 1247
131097 1246
131098 1246
131099 1175
131100 1174
131101 1174
131102 1174
131103 1175
196608 1254
196609 1248
196610 1248
196611 1177
196612 1248
196613 1248
196614 1248
196615 1248
196616 1247
196617 1248
196618 1248
196619 1175
196620 1177
196621 1248
196622 1248
196623 1177
196624 1248
196625 1248
196626 1248
196627 1248
196628 1247
196629 1030
196630 1248
196631 1322
196632 1247
196633 1246
196634 1246
196635 1174
196636 1246
196637 1245
196638 1246
196639 1246
262144 747
262145 1177
262146 1465
262147 1177
262148 1247
262149 1176
262150 1248
262151 1248
262152 1177
262153 1247
262154 1106
262155 957
262156 1106
262157 1177
262158 1106
262159 1176
262160 1176
262161 1106
262162 1248
262163 1176
262164 1247
262165 1248
262166 1177
262167 1248
262168 1248
262169 1394
262170 1392
262171 1247
262172 1104
262173 1176
262174 1247
262175 1247
327680 1254
327681 1322
327682 1249
327683 1324
327684 1324
327685 1249
327686 1178
327687 1175
327688 1106
327689 1249
327690 1106
327691 1178
327692 1177
327693 1177
327694 1177
327695 1177
327696 1177
327697 1177
327698 1177
327699 1177
327700 1249
327701 1249
327702 1177
327703 1248
327704 1177
327705 1249
327706 1395
327707 1106
327708 1247
327709 1391
327710 1247
327711 1247
393216 1254
393217 1248
393218 1392
393219 1392
393220 1392
393221 1392
393222 1392
393223 1247
393224 1247
393225 1176
393226 1247
393227 1105
393228 1247
393229 1247
393230 1247
393231 1247
393232 1175
393233 1176
393234 1175
393235 1247
393236 1247
393237 1247
393238 1105
393239 1175
393240 1247
393241 1176
393242 1176
393243 1247
393244 1247
393245 1176
393246 1105
393247 1247
458752 1253
458753 1177
458754 1177
458755 1177
458756 1463
458757 1463
458758 1177
458759 1176
458760 1177
458761 1106
458762 1248
458763 1248
458764 1248
458765 1246
458766 1248
458767 1176
458768 1393
458769 1248
458770 1177
458771 1248
458772 1106
458773 1177
458774 1321
458775 1176
458776 1248
458777 1177
458778 1177
458779 1247
458780 1177
458781 1322
458782 1322
458783 1247
524288 1182
524289 1249
524290 1249
524291 1249
524292 1249
524293 1685
524294 1034
524295 1105
524296 1248
524297 1248
524298 1247
524299 1247
524300 1246
524301 1247
524302 1106
524303 1393
524304 1176
524305 1251
524306 1251
524307 1176
524308 1177
524309 1176
524310 1322
524311 1248
524312 1248
524313 1248
524314 1177
524315 1322
524316 1322
524317 1247
524318 1175
524319 1173
589824 1330
589825 1249
589826 1323
589827 1248
589828 1248
589829 1248
589830 1247
589831 1248
589832 1248
589833 1247
589834 1105
589835 239
589836 239
589837 239
589838 239
589839 239
589840 239
589841 239
589842 239
589843 239
589844 239
589845 239
589846 239
589847 239
589848 239
589849 239
589850 239
589851 239
589852 239
589853 239
589854 239
589855 239
kernel_count 48306
