0 1109
1 1246
2 1246
3 1247
4 1176
5 962
6 1176
7 1176
8 1247
9 1247
10 1246
11 1247
12 1247
13 1247
14 1247
15 1176
16 1247
17 1176
18 1247
19 1246
20 1245
21 1245
22 1247
23 1104
24 1246
25 1247
26 1247
27 1176
28 1105
29 1247
30 1105
31 1247
65536 748
65537 746
65538 746
65539 746
65540 746
65541 887
65542 962
65543 1105
65544 1247
65545 1105
65546 1175
65547 1247
65548 1247
65549 1247
65550 1247
65551 1247
65552 1246
65553 1247
65554 1247
65555 1246
65556 1247
65557 1105
65558 1175
65559 1176
65560 1246
65561 1247
65562 1247
65563 1246
65564 1247
65565 1247
65566 1247
65567 1247
131072 1182
131073 1249
131074 1540
131075 1247
131076 1247
131077 1247
131078 1247
131079 1247
131080 1247
131081 1247
131082 1176
131083 1247
131084 1247
131085 1247
131086 1246
131087 1247
131088 1176
131089 1247
131090 1247
131091 1246
131092 1247
131093 1176
131094 1247
131095 1247
131096 1176
131097 1246
131098 1175
131099 1105
131100 1247
131101 1247
131102 1247
131103 1173
196608 1181
196609 1030
196610 1177
196611 1106
196612 1034
196613 1034
196614 1034
196615 1248
196616 1464
196617 1105
196618 1247
196619 1247
196620 1247
196621 1247
196622 1105
196623 1246
196624 1176
196625 1030
196626 1247
196627 1247
196628 1105
196629 1247
196630 1247
196631 1176
196632 1176
196633 1247
196634 1247
196635 1246
196636 1247
196637 1247
196638 1029
196639 1172
262144 1181
262145 1177
262146 1249
262147 1248
262148 1106
262149 1249
262150 1249
262151 1249
262152 1249
262153 1248
262154 1249
262155 1249
262156 1324
262157 1249
262158 1249
262159 1249
262160 1106
262161 1393
262162 1463
262163 1463
262164 1247
262165 1246
262166 1174
262167 1175
262168 1174
262169 1175
262170 1245
262171 1175
262172 1174
262173 1176
262174 1246
262175 1245
327680 1254
327681 1176
327682 1177
327683 1248
327684 1248
327685 1176
327686 1247
327687 1322
327688 1032
327689 1032
327690 1248
327691 1247
327692 1177
327693 1322
327694 1176
327695 1176
327696 1247
327697 1247
327698 1247
327699 1247
327700 1247
327701 1176
327702 1246
327703 1247
327704 1246
327705 1247
327706 1175
327707 1176
327708 1247
327709 1247
327710 1247
327711 1246
393216 1252
393217 1248
393218 1248
393219 1177
393220 1248
393221 1105
393222 1106
393223 1248
393224 1248
393225 1248
393226 1176
393227 1247
393228 1248
393229 1181
393230 1248
393231 1248
393232 1247
393233 1176
393234 1247
393235 1247
393236 1247
393237 1247
393238 1248
393239 1246
393240 1248
393241 1324
393242 1248
393243 1323
393244 1177
393245 1682
393246 1248
393247 1682
458752 748
458753 1247
458754 1247
458755 1175
458756 1608
458757 1248
458758 1177
458759 1323
458760 1248
458761 1106
458762 1323
458763 1323
458764 1247
458765 1392
458766 1176
458767 1247
458768 1105
458769 1030
458770 1105
458771 1030
458772 1247
458773 1247
458774 1247
458775 1029
458776 1175
458777 1175
458778 1174
458779 1028
458780 1175
458781 1175
458782 1028
458783 1175
524288 748
524289 747
524290 1176
524291 1248
524292 1393
524293 1248
524294 1248
524295 1248
524296 1176
524297 239
524298 239
524299 239
524300 239
524301 239
524302 239
524303 239
524304 239
524305 239
524306 239
524307 239
524308 239
524309 239
524310 239
524311 239
524312 239
524313 239
524314 239
524315 239
524316 239
524317 239
524318 239
524319 239
kernel_count 42073
