0 1475
1 1467
2 1396
3 1466
4 1177
5 1248
6 1176
7 1177
8 1247
9 1247
10 1248
11 1247
12 1248
13 1106
14 1106
15 1035
16 1324
17 1466
18 1106
19 1466
20 1467
21 1176
22 1247
23 1176
24 1247
25 1105
26 1247
27 1176
28 1247
29 1247
30 1247
31 1247
65536 1253
65537 1246
65538 1247
65539 1248
65540 1248
65541 1176
65542 1177
65543 1247
65544 1247
65545 1177
65546 1247
65547 1247
65548 1177
65549 1248
65550 1248
65551 1248
65552 1247
65553 1321
65554 1322
65555 1245
65556 1245
65557 1176
65558 1247
65559 1247
65560 1176
65561 1247
65562 1176
65563 1247
65564 1247
65565 1247
65566 1028
65567 1028
131072 1181
131073 1106
131074 1249
131075 1177
131076 1249
131077 1249
131078 1106
131079 1249
131080 1249
131081 1177
131082 1249
131083 1249
131084 1106
131085 1106
131086 1249
131087 1249
131088 1249
131089 1248
131090 1249
131091 1249
131092 1249
131093 1249
131094 1249
131095 1249
131096 1177
131097 1177
131098 1325
131099 1395
131100 1395
131101 1608
131102 1607
131103 1607
196608 1181
196609 1247
196610 1247
196611 1247
196612 1247
196613 1247
196614 1247
196615 1176
196616 1246
196617 1247
196618 1105
196619 1247
196620 1247
196621 1176
196622 1247
196623 1247
196624 1176
196625 1176
196626 1247
196627 1247
196628 1176
196629 1176
196630 1247
196631 1247
196632 1176
196633 1176
196634 1246
196635 1105
196636 1105
196637 1105
196638 1246
196639 1247
262144 1110
262145 1249
262146 1249
262147 1177
262148 1175
262149 1249
262150 1177
262151 1249
262152 1249
262153 1106
262154 1105
262155 1249
262156 1392
262157 1392
262158 1393
262159 1391
262160 1392
262161 1248
262162 1248
262163 1175
262164 1248
262165 1106
262166 963
262167 887
262168 886
262169 1464
262170 1176
262171 1176
262172 1176
262173 1462
262174 1463
262175 1247
327680 1181
327681 1177
327682 1254
327683 1249
327684 1325
327685 1030
327686 1248
327687 1249
327688 1030
327689 1249
327690 1325
327691 1177
327692 1249
327693 1249
327694 1177
327695 1176
327696 1106
327697 1248
327698 1176
327699 1176
327700 1249
327701 1249
327702 1249
327703 1106
327704 1248
327705 1248
327706 1248
327707 1248
327708 1538
327709 1392
327710 1105
327711 1247
393216 1402
393217 1248
393218 1464
393219 1248
393220 1464
393221 1463
393222 1247
393223 1176
393224 1247
393225 1104
393226 1246
393227 1247
393228 1030
393229 1247
393230 1105
393231 958
393232 1247
393233 1247
393234 1246
393235 1247
393236 1247
393237 1246
393238 1246
393239 1246
393240 1247
393241 1246
393242 1246
393243 1176
393244 1247
393245 1105
393246 1246
393247 1247
458752 1182
458753 1248
458754 1247
458755 1322
458756 1248
458757 1322
458758 1247
458759 1246
458760 1247
458761 1247
458762 1176
458763 1246
458764 1175
458765 1247
458766 1247
458767 1247
458768 1247
458769 1247
458770 1247
458771 1030
458772 1246
458773 1247
458774 1247
458775 1247
458776 1247
458777 1247
458778 1176
458779 1247
458780 1247
458781 1176
458782 1247
458783 1247
524288 1110
524289 1324
524290 1030
524291 1030
524292 1249
524293 1176
524294 1394
524295 1248
524296 1177
524297 1394
524298 1249
524299 1249
524300 1249
524301 1249
524302 1248
524303 1030
524304 1248
524305 1249
524306 1177
524307 1177
524308 1176
524309 1177
524310 1464
524311 1249
524312 1324
524313 1030
524314 1248
524315 1464
524316 1464
524317 1464
524318 1464
524319 1103
589824 1181
589825 1247
589826 1176
589827 239
589828 239
589829 239
589830 239
589831 239
589832 239
589833 239
589834 239
589835 239
589836 239
589837 239
589838 239
589839 239
589840 239
589841 239
589842 239
589843 239
589844 239
589845 239
589846 239
589847 239
589848 239
589849 239
589850 239
589851 239
589852 239
589853 239
589854 239
589855 239
kernel_count 47639
