0 1254
1 1248
2 1248
3 1248
4 1177
5 1177
6 1177
7 1177
8 1247
9 1248
10 1248
11 1248
12 1248
13 1248
14 1248
15 1177
16 1177
17 1176
18 1106
19 1248
20 1248
21 1321
22 1247
23 1176
24 1176
25 1321
26 1247
27 1176
28 1321
29 1321
30 1246
31 1174
65536 823
65537 820
65538 890
65539 1247
65540 1247
65541 1247
65542 1247
65543 1246
65544 1247
65545 1246
65546 1246
65547 1246
65548 1176
65549 1247
65550 1247
65551 1247
65552 1176
65553 1176
65554 1176
65555 1247
65556 1247
65557 1176
65558 1176
65559 1176
65560 1247
65561 1175
65562 1175
65563 1176
65564 1176
65565 1247
65566 1247
65567 1245
131072 1109
131073 747
131074 1392
131075 1463
131076 1176
131077 1176
131078 1176
131079 1322
131080 1393
131081 1181
131082 1175
131083 1176
131084 1177
131085 1248
131086 1248
131087 1247
131088 1176
131089 1247
131090 1247
131091 1323
131092 1248
131093 1176
131094 1176
131095 1177
131096 1105
131097 1393
131098 1393
131099 1248
131100 1248
131101 1180
131102 1246
131103 1103
196608 1253
196609 1176
196610 1106
196611 1248
196612 1248
196613 1106
196614 1248
196615 958
196616 1246
196617 1248
196618 1248
196619 1030
196620 1176
196621 1247
196622 1248
196623 1248
196624 1177
196625 1247
196626 1248
196627 1247
196628 1106
196629 1030
196630 1106
196631 1248
196632 1248
196633 1177
196634 1248
196635 1175
196636 1177
196637 1177
196638 1176
196639 1391
262144 1254
262145 1323
262146 1031
262147 813
262148 239
262149 239
262150 239
262151 239
262152 239
262153 239
262154 239
262155 239
262156 239
262157 239
262158 239
262159 239
262160 239
262161 239
262162 239
262163 239
262164 239
262165 239
262166 239
262167 239
262168 239
262169 239
262170 239
262171 239
262172 239
262173 239
262174 239
262175 239
kernel_count 21349
