0 1108
1 1104
2 1104
3 1322
4 1322
5 1248
6 1248
7 1248
8 1251
9 1251
10 1246
11 1322
12 1322
13 1247
14 1322
15 1322
16 1248
17 1248
18 1176
19 1250
20 1322
21 1321
22 1247
23 1322
24 1248
25 1104
26 1104
27 1104
28 1322
29 1322
30 1247
31 1247
65536 1182
65537 1246
65538 1247
65539 1247
65540 1247
65541 1176
65542 1175
65543 1176
65544 1247
65545 1246
65546 1247
65547 1176
65548 1176
65549 1174
65550 1176
65551 1175
65552 1176
65553 1176
65554 1176
65555 1174
65556 1247
65557 1104
65558 1104
65559 1104
65560 1104
65561 1104
65562 1247
65563 1246
65564 1247
65565 1105
65566 1176
65567 1174
131072 1401
131073 1249
131074 1249
131075 1177
131076 1176
131077 1249
131078 1176
131079 1249
131080 1249
131081 1248
131082 1174
131083 1105
131084 1249
131085 1176
131086 1105
131087 1249
131088 1249
131089 1177
131090 1248
131091 1106
131092 1249
131093 1176
131094 1177
131095 1177
131096 1176
131097 1249
131098 1682
131099 1323
131100 1248
131101 1465
131102 1394
131103 1391
196608 1330
196609 1248
196610 1176
196611 1030
196612 1176
196613 1177
196614 1248
196615 1106
196616 1248
196617 1177
196618 1177
196619 747
196620 822
196621 822
196622 822
196623 822
196624 1324
196625 1248
196626 1176
196627 1030
196628 1176
196629 1247
196630 1468
196631 1468
196632 1248
196633 1248
196634 1248
196635 1248
196636 1248
196637 1465
196638 1465
196639 1175
262144 1038
262145 1035
262146 1249
262147 1249
262148 1249
262149 1394
262150 1394
262151 1249
262152 1249
262153 1176
262154 1249
262155 1248
262156 1249
262157 1249
262158 1106
262159 1177
262160 1177
262161 1177
262162 1106
262163 1177
262164 1394
262165 1249
262166 1393
262167 1246
262168 1246
262169 1105
262170 1175
262171 1175
262172 1175
262173 1176
262174 1246
262175 1175
327680 1254
327681 1106
327682 1106
327683 1248
327684 1248
327685 1177
327686 1177
327687 1322
327688 885
327689 885
327690 814
327691 1320
327692 1250
327693 1247
327694 1247
327695 1246
327696 1247
327697 1246
327698 1247
327699 1175
327700 1247
327701 1175
327702 1246
327703 1175
327704 1246
327705 1246
327706 1246
327707 1176
327708 1176
327709 1246
327710 1247
327711 1247
393216 1253
393217 1247
393218 1247
393219 1106
393220 1247
393221 1247
393222 1247
393223 1176
393224 1030
393225 1247
393226 1176
393227 1248
393228 1248
393229 1247
393230 1106
393231 1248
393232 1248
393233 1248
393234 1106
393235 1248
393236 1248
393237 1248
393238 1248
393239 1177
393240 1323
393241 1248
393242 1323
393243 1247
393244 1176
393245 1176
393246 1392
393247 1246
458752 1254
458753 1176
458754 1248
458755 1029
458756 1248
458757 1248
458758 1248
458759 1177
458760 1177
458761 1175
458762 1177
458763 1177
458764 1248
458765 1248
458766 1177
458767 1251
458768 1177
458769 1106
458770 1251
458771 1247
458772 1246
458773 1247
458774 1176
458775 1247
458776 1247
458777 1247
458778 1176
458779 1247
458780 1247
458781 1175
458782 1176
458783 1247
524288 1258
524289 1105
524290 1106
524291 1252
524292 1392
524293 1177
524294 1177
524295 1177
524296 1175
524297 1176
524298 1176
524299 1177
524300 1177
524301 1248
524302 1248
524303 1106
524304 1105
524305 1105
524306 1177
524307 1248
524308 1248
524309 1248
524310 1391
524311 1248
524312 1177
524313 1177
524314 1392
524315 1029
524316 1104
524317 1104
524318 1029
524319 1175
589824 1254
589825 1177
589826 1249
589827 1248
589828 1249
589829 1176
589830 1247
589831 1177
589832 1249
589833 1030
589834 1249
589835 1254
589836 1177
589837 1176
589838 1176
589839 1464
589840 1464
589841 1464
589842 1464
589843 1465
589844 1177
589845 1397
589846 1392
589847 1176
589848 1247
589849 1246
589850 1176
589851 1105
589852 1176
589853 1247
589854 1105
589855 1247
655360 1254
655361 1248
655362 1247
655363 1249
655364 1030
655365 1030
655366 1249
655367 1247
655368 1031
655369 1249
655370 1248
655371 1107
655372 1249
655373 1326
655374 1397
655375 1177
655376 1175
655377 1248
655378 1104
655379 1030
655380 1105
655381 239
655382 239
655383 239
655384 239
655385 239
655386 239
655387 239
655388 239
655389 239
655390 239
655391 239
kernel_count 54304
