0 1182
1 1105
2 1033
3 1105
4 1176
5 1105
6 1247
7 1176
8 1105
9 1247
10 1247
11 1247
12 1247
13 1246
14 1176
15 1247
16 1247
17 1247
18 1246
19 1247
20 1247
21 1105
22 1030
23 1246
24 1246
25 1246
26 1176
27 1176
28 1246
29 1247
30 1247
31 1247
65536 1254
65537 1249
65538 1249
65539 1248
65540 1176
65541 1249
65542 1249
65543 1248
65544 1249
65545 1106
65546 1249
65547 1249
65548 1249
65549 1175
65550 1176
65551 1177
65552 1177
65553 1177
65554 1177
65555 1248
65556 1249
65557 1249
65558 1464
65559 1247
65560 1247
65561 1176
65562 1176
65563 1030
65564 1105
65565 1246
65566 1103
65567 1103
131072 894
131073 1177
131074 1029
131075 1106
131076 1177
131077 1247
131078 1177
131079 1249
131080 1249
131081 1106
131082 1249
131083 1177
131084 1248
131085 1249
131086 1176
131087 1176
131088 1249
131089 1177
131090 1176
131091 1248
131092 1248
131093 1249
131094 1249
131095 1177
131096 1248
131097 1249
131098 1106
131099 1465
131100 1248
131101 1465
131102 1466
131103 1173
196608 966
196609 746
196610 963
196611 1106
196612 1106
196613 1246
196614 1393
196615 1177
196616 1248
196617 1247
196618 1393
196619 1248
196620 1106
196621 892
196622 745
196623 963
196624 746
196625 1248
196626 1248
196627 1177
196628 1177
196629 1180
196630 1250
196631 1250
196632 1250
196633 1250
196634 1250
196635 1322
196636 1251
196637 1247
196638 1032
196639 1174
262144 1181
262145 1176
262146 1392
262147 1106
262148 1247
262149 1247
262150 1248
262151 1106
262152 1177
262153 1106
262154 1106
262155 1176
262156 1248
262157 1248
262158 1177
262159 1248
262160 1105
262161 1248
262162 1106
262163 1248
262164 1030
262165 1248
262166 1177
262167 1030
262168 1248
262169 1248
262170 1106
262171 1177
262172 1247
262173 1391
262174 1392
262175 1175
327680 890
327681 1105
327682 1323
327683 1323
327684 963
327685 816
327686 1176
327687 1324
327688 1397
327689 1392
327690 1176
327691 1246
327692 1247
327693 1246
327694 1247
327695 1247
327696 1247
327697 1030
327698 1176
327699 1105
327700 1104
327701 1105
327702 1033
327703 1247
327704 1246
327705 1030
327706 1176
327707 1176
327708 1247
327709 1246
327710 1247
327711 1175
393216 748
393217 1248
393218 1030
393219 1248
393220 1248
393221 1176
393222 1176
393223 1176
393224 1177
393225 1248
393226 1177
393227 1177
393228 1392
393229 1175
393230 1176
393231 1247
393232 1247
393233 1247
393234 1247
393235 1246
393236 1246
393237 1246
393238 1247
393239 1246
393240 1247
393241 1247
393242 1246
393243 1246
393244 1246
393245 1246
393246 1247
393247 1247
458752 1182
458753 1247
458754 1176
458755 1247
458756 1247
458757 1246
458758 1175
458759 1175
458760 1247
458761 1247
458762 1175
458763 1246
458764 1247
458765 1247
458766 1247
458767 1247
458768 1247
458769 1247
458770 1247
458771 1246
458772 1247
458773 1247
458774 1247
458775 1245
458776 1247
458777 1175
458778 1105
458779 1247
458780 1105
458781 1105
458782 1176
458783 1247
524288 1180
524289 1393
524290 1248
524291 1249
524292 1253
524293 1252
524294 1249
524295 1249
524296 1248
524297 1178
524298 1249
524299 1394
524300 1323
524301 1031
524302 1249
524303 1249
524304 1249
524305 1178
524306 1177
524307 1393
524308 1249
524309 748
524310 1393
524311 239
524312 239
524313 239
524314 239
524315 239
524316 239
524317 239
524318 239
524319 239
kernel_count 43873
