0 1181
1 1176
2 1177
3 1248
4 1323
5 1248
6 1323
7 1248
8 1323
9 1248
10 1323
11 1248
12 1323
13 1248
14 1323
15 1248
16 1323
17 1249
18 1249
19 1177
20 1249
21 1249
22 1177
23 1394
24 1248
25 1248
26 1247
27 1248
28 1176
29 1248
30 1320
31 1321
65536 1036
65537 1106
65538 1106
65539 1177
65540 1249
65541 1248
65542 1249
65543 1248
65544 1248
65545 1248
65546 1248
65547 1248
65548 1249
65549 1177
65550 1249
65551 1249
65552 1177
65553 1249
65554 1177
65555 1176
65556 1463
65557 1106
65558 1462
65559 1463
65560 1105
65561 1104
65562 1177
65563 1106
65564 1392
65565 1175
65566 1175
65567 1246
131072 1181
131073 1106
131074 1106
131075 1030
131076 1030
131077 1106
131078 1106
131079 1030
131080 1106
131081 1106
131082 1030
131083 1106
131084 1249
131085 1176
131086 1249
131087 1249
131088 1249
131089 1249
131090 1249
131091 1248
131092 1249
131093 1608
131094 1105
131095 1247
131096 1175
131097 1247
131098 1176
131099 1247
131100 1176
131101 1176
131102 1247
131103 1175
196608 1108
196609 1176
196610 1248
196611 1247
196612 1247
196613 1247
196614 1248
196615 1105
196616 1105
196617 1105
196618 1105
196619 1176
196620 1106
196621 1248
196622 1248
196623 1105
196624 1247
196625 1247
196626 1392
196627 1248
196628 1248
196629 1247
196630 891
196631 1177
196632 1247
196633 1247
196634 1248
196635 1248
196636 1392
196637 1177
196638 1248
196639 1392
262144 748
262145 747
262146 1251
262147 1181
262148 1180
262149 747
262150 822
262151 1106
262152 1177
262153 1176
262154 1177
262155 1177
262156 1323
262157 1177
262158 1248
262159 1248
262160 1248
262161 1248
262162 1247
262163 1248
262164 1248
262165 1248
262166 1176
262167 1321
262168 1247
262169 1393
262170 1322
262171 1246
262172 1247
262173 1247
262174 1247
262175 1247
327680 1037
327681 1035
327682 1035
327683 1323
327684 1252
327685 1177
327686 1106
327687 1034
327688 1177
327689 1248
327690 1177
327691 1177
327692 1248
327693 1248
327694 1248
327695 1247
327696 1246
327697 1247
327698 1248
327699 1248
327700 1393
327701 1248
327702 1248
327703 1251
327704 1177
327705 1251
327706 1247
327707 1176
327708 1247
327709 1247
327710 1247
327711 1247
393216 748
393217 747
393218 1247
393219 1248
393220 1106
393221 1248
393222 1177
393223 1249
393224 239
393225 239
393226 239
393227 239
393228 239
393229 239
393230 239
393231 239
393232 239
393233 239
393234 239
393235 239
393236 239
393237 239
393238 239
393239 239
393240 239
393241 239
393242 239
393243 239
393244 239
393245 239
393246 239
393247 239
kernel_count 32068
