0 1182
1 1175
2 1247
3 1175
4 1105
5 1247
6 1247
7 1176
8 1176
9 1247
10 1175
11 1105
12 1247
13 1246
14 1176
15 1176
16 1246
17 1176
18 1176
19 1176
20 1246
21 1176
22 1176
23 1246
24 1176
25 1176
26 1176
27 1247
28 1246
29 1246
30 1173
31 1175
65536 1474
65537 1034
65538 1248
65539 1248
65540 1248
65541 1247
65542 1248
65543 1248
65544 1248
65545 1247
65546 1248
65547 1247
65548 1247
65549 1176
65550 1177
65551 1033
65552 1248
65553 1248
65554 1248
65555 1322
65556 1176
65557 1034
65558 1248
65559 1177
65560 1248
65561 1248
65562 1247
65563 1248
65564 1247
65565 1248
65566 1320
65567 1103
131072 1254
131073 1248
131074 1177
131075 1248
131076 1248
131077 1248
131078 1248
131079 1248
131080 1105
131081 1177
131082 1177
131083 1105
131084 1177
131085 1176
131086 1105
131087 1177
131088 1105
131089 1177
131090 1176
131091 1104
131092 1177
131093 1105
131094 1104
131095 957
131096 1248
131097 1248
131098 1248
131099 1247
131100 1392
131101 1392
131102 1247
131103 1247
196608 1182
196609 1249
196610 1177
196611 1249
196612 1177
196613 1249
196614 1249
196615 1465
196616 1466
196617 1465
196618 1466
196619 1465
196620 1248
196621 1248
196622 1247
196623 1247
196624 1177
196625 1247
196626 1248
196627 962
196628 1034
196629 1396
196630 1247
196631 1322
196632 1177
196633 1392
196634 1176
196635 1246
196636 1247
196637 1247
196638 1105
196639 1247
262144 1110
262145 1106
262146 1106
262147 1177
262148 1177
262149 1106
262150 1177
262151 1177
262152 1248
262153 1248
262154 1248
262155 1323
262156 1247
262157 1246
262158 1248
262159 1248
262160 1323
262161 1248
262162 1247
262163 1176
262164 1248
262165 1323
262166 1248
262167 1248
262168 1177
262169 1176
262170 1176
262171 1246
262172 1246
262173 1320
262174 1392
262175 1174
327680 1473
327681 1394
327682 1032
327683 1248
327684 1248
327685 1247
327686 1248
327687 1248
327688 1248
327689 1247
327690 1248
327691 1248
327692 1249
327693 1177
327694 1249
327695 1177
327696 1178
327697 1249
327698 1177
327699 1181
327700 1248
327701 1177
327702 1106
327703 1325
327704 1248
327705 1248
327706 1248
327707 1106
327708 1177
327709 1177
327710 1679
327711 1247
393216 1254
393217 1104
393218 1176
393219 1247
393220 1175
393221 1103
393222 1245
393223 1246
393224 1247
393225 1175
393226 1246
393227 1247
393228 1176
393229 1104
393230 1247
393231 1105
393232 1105
393233 1247
393234 1176
393235 1247
393236 1247
393237 1247
393238 1247
393239 1247
393240 1246
393241 816
393242 1175
393243 1245
393244 1246
393245 1246
393246 1245
393247 1247
458752 1253
458753 1247
458754 1177
458755 1177
458756 1249
458757 1249
458758 1249
458759 1177
458760 1177
458761 1177
458762 1249
458763 1177
458764 1249
458765 1248
458766 1177
458767 1029
458768 1325
458769 1249
458770 1249
458771 1249
458772 1106
458773 1249
458774 1325
458775 1248
458776 1249
458777 1249
458778 1249
458779 1106
458780 1106
458781 1759
458782 1758
458783 1758
524288 748
524289 747
524290 971
524291 971
524292 1328
524293 1463
524294 1463
524295 1463
524296 1248
524297 1249
524298 1030
524299 1106
524300 1249
524301 1251
524302 1178
524303 1030
524304 1391
524305 1392
524306 1247
524307 1246
524308 1247
524309 1105
524310 1247
524311 1247
524312 1247
524313 1246
524314 1247
524315 1247
524316 1247
524317 1176
524318 1246
524319 1246
589824 1254
589825 1248
589826 1395
589827 1466
589828 1249
589829 1177
589830 1249
589831 1249
589832 1249
589833 1177
589834 1249
589835 1248
589836 1248
589837 1177
589838 1177
589839 1397
589840 1106
589841 1612
589842 1030
589843 1030
589844 1249
589845 1249
589846 1610
589847 1252
589848 1030
589849 1324
589850 1175
589851 1106
589852 1106
589853 1105
589854 1176
589855 1464
655360 1181
655361 1323
655362 1248
655363 1177
655364 1323
655365 1248
655366 1248
655367 1247
655368 1177
655369 1247
655370 1322
655371 1392
655372 1247
655373 1248
655374 1322
655375 1106
655376 1248
655377 1248
655378 1177
655379 1106
655380 1248
655381 1247
655382 1248
655383 1030
655384 1247
655385 1248
655386 1322
655387 1248
655388 1322
655389 1247
655390 1175
655391 1103
720896 966
720897 1396
720898 1176
720899 1177
720900 1177
720901 1248
720902 1396
720903 1466
720904 1609
720905 1537
720906 1463
720907 1029
720908 239
720909 239
720910 239
720911 239
720912 239
720913 239
720914 239
720915 239
720916 239
720917 239
720918 239
720919 239
720920 239
720921 239
720922 239
720923 239
720924 239
720925 239
720926 239
720927 239
kernel_count 58995
