0 1254
1 1105
2 1105
3 1176
4 1247
5 1246
6 1247
7 1105
8 1247
9 1105
10 1105
11 1176
12 1247
13 1247
14 1246
15 1176
16 1176
17 1105
18 1105
19 1176
20 1247
21 1247
22 1175
23 1247
24 1176
25 1247
26 1247
27 1247
28 1247
29 1105
30 1104
31 1247
65536 1036
65537 1246
65538 1105
65539 1248
65540 1248
65541 1030
65542 1177
65543 1176
65544 1322
65545 1246
65546 1175
65547 1175
65548 1245
65549 1175
65550 1175
65551 1175
65552 1247
65553 1247
65554 1247
65555 1176
65556 1105
65557 1247
65558 1176
65559 1247
65560 1176
65561 1247
65562 1176
65563 1246
65564 1246
65565 1245
65566 1247
65567 1175
131072 1110
131073 1177
131074 1030
131075 1248
131076 1176
131077 1248
131078 1248
131079 1248
131080 1248
131081 1248
131082 1248
131083 1247
131084 1247
131085 1177
131086 1248
131087 1248
131088 1247
131089 1247
131090 1177
131091 1248
131092 1247
131093 1248
131094 1248
131095 1176
131096 1106
131097 1177
131098 1030
131099 1247
131100 1248
131101 1392
131102 1247
131103 1247
196608 1253
196609 1177
196610 1247
196611 1247
196612 1248
196613 1248
196614 1248
196615 1248
196616 1177
196617 1248
196618 1248
196619 1248
196620 1175
196621 1248
196622 1177
196623 1176
196624 1248
196625 1248
196626 1248
196627 1248
196628 1248
196629 1247
196630 1247
196631 1248
196632 1248
196633 1247
196634 1248
196635 1248
196636 1322
196637 1247
196638 1246
196639 1246
262144 1038
262145 1249
262146 1249
262147 1105
262148 1249
262149 1248
262150 1248
262151 1177
262152 1249
262153 1249
262154 1247
262155 1177
262156 1106
262157 1177
262158 1177
262159 1248
262160 1323
262161 1178
262162 1249
262163 1249
262164 1176
262165 1175
262166 1176
262167 1249
262168 1177
262169 1249
262170 1249
262171 1249
262172 1249
262173 1464
262174 1249
262175 1464
327680 1034
327681 1176
327682 1251
327683 1247
327684 1177
327685 1248
327686 1248
327687 1177
327688 1248
327689 1248
327690 1177
327691 1248
327692 1248
327693 1177
327694 1248
327695 1247
327696 1247
327697 1248
327698 1247
327699 1248
327700 1247
327701 1177
327702 1248
327703 1248
327704 1321
327705 1104
327706 1176
327707 1248
327708 1248
327709 1248
327710 1248
327711 1173
393216 1399
393217 1177
393218 1249
393219 1249
393220 1177
393221 1249
393222 1249
393223 1248
393224 1249
393225 1324
393226 1249
393227 1248
393228 1249
393229 1324
393230 1249
393231 1249
393232 1248
393233 1325
393234 1249
393235 1249
393236 1177
393237 1249
393238 1758
393239 1760
393240 1246
393241 1247
393242 1246
393243 1247
393244 1247
393245 1176
393246 1247
393247 1174
458752 1037
458753 747
458754 1248
458755 1248
458756 1177
458757 1248
458758 1248
458759 1177
458760 1248
458761 1248
458762 1248
458763 1177
458764 1177
458765 1321
458766 1251
458767 1247
458768 1247
458769 1247
458770 1245
458771 1247
458772 1247
458773 1247
458774 1247
458775 1247
458776 1104
458777 1247
458778 1247
458779 1176
458780 1176
458781 1176
458782 1247
458783 1175
524288 1254
524289 1247
524290 1247
524291 1248
524292 1247
524293 1248
524294 1248
524295 1248
524296 1252
524297 1323
524298 1320
524299 1248
524300 1248
524301 1248
524302 1248
524303 1176
524304 1033
524305 1247
524306 1248
524307 1248
524308 1177
524309 1248
524310 1391
524311 1247
524312 1247
524313 1176
524314 1176
524315 1247
524316 1246
524317 1246
524318 1176
524319 1247
589824 1254
589825 1178
589826 1250
589827 1250
589828 1250
589829 1179
589830 1250
589831 1250
589832 1465
589833 1101
589834 239
589835 239
589836 239
589837 239
589838 239
589839 239
589840 239
589841 239
589842 239
589843 239
589844 239
589845 239
589846 239
589847 239
589848 239
589849 239
589850 239
589851 239
589852 239
589853 239
589854 239
589855 239
kernel_count 48177
