0 1254
1 1247
2 1246
3 1247
4 1246
5 1247
6 1247
7 1247
8 1246
9 1247
10 1246
11 1247
12 1247
13 1246
14 1247
15 1246
16 1246
17 1247
18 1247
19 1246
20 1247
21 1246
22 1247
23 1247
24 1247
25 1246
26 1247
27 1246
28 1247
29 1247
30 1246
31 1247
65536 1254
65537 1248
65538 1248
65539 1321
65540 1322
65541 1246
65542 1245
65543 1247
65544 1247
65545 1247
65546 1246
65547 1247
65548 1175
65549 1247
65550 1246
65551 1176
65552 1247
65553 1176
65554 1176
65555 1247
65556 1175
65557 1104
65558 1176
65559 1104
65560 1104
65561 1104
65562 1175
65563 1176
65564 1247
65565 1175
65566 1102
65567 1102
131072 747
131073 746
131074 747
131075 1105
131076 1395
131077 1249
131078 1249
131079 1249
131080 1465
131081 1249
131082 1249
131083 1249
131084 1106
131085 1249
131086 1176
131087 1177
131088 1537
131089 1249
131090 1176
131091 1177
131092 1177
131093 1177
131094 1176
131095 1177
131096 1248
131097 1392
131098 1462
131099 1247
131100 1244
131101 1244
131102 1244
131103 1244
196608 748
196609 1176
196610 1177
196611 1177
196612 1392
196613 1175
196614 1247
196615 1246
196616 1247
196617 1246
196618 1246
196619 1246
196620 1247
196621 1247
196622 1246
196623 1247
196624 1247
196625 1105
196626 1175
196627 1105
196628 1246
196629 1245
196630 1103
196631 1103
196632 1103
196633 1173
196634 1103
196635 1174
196636 1174
196637 1174
196638 1174
196639 1174
262144 1254
262145 1176
262146 1248
262147 1029
262148 1028
262149 1106
262150 1177
262151 1248
262152 1248
262153 1248
262154 1248
262155 1248
262156 1248
262157 1248
262158 813
262159 239
262160 239
262161 239
262162 239
262163 239
262164 239
262165 239
262166 239
262167 239
262168 239
262169 239
262170 239
262171 239
262172 239
262173 239
262174 239
262175 239
kernel_count 22787
