0 1330
1 1249
2 1249
3 1249
4 1324
5 1324
6 1249
7 1249
8 1249
9 1324
10 1249
11 1249
12 1248
13 1249
14 1324
15 1249
16 1249
17 1249
18 1324
19 1324
20 1249
21 1249
22 1249
23 1324
24 1249
25 1249
26 1248
27 1248
28 1249
29 1464
30 1392
31 1247
65536 1253
65537 1247
65538 1247
65539 1248
65540 1248
65541 1248
65542 1248
65543 1248
65544 1177
65545 1177
65546 1248
65547 1248
65548 1248
65549 1248
65550 1176
65551 1248
65552 1248
65553 1176
65554 1177
65555 1248
65556 1248
65557 1248
65558 1324
65559 1248
65560 1248
65561 1248
65562 1248
65563 1248
65564 1324
65565 1246
65566 1175
65567 1247
131072 1253
131073 1247
131074 1177
131075 1176
131076 1248
131077 1248
131078 1247
131079 1248
131080 1176
131081 1248
131082 1248
131083 1248
131084 1029
131085 1248
131086 1248
131087 1248
131088 1248
131089 1247
131090 1247
131091 1394
131092 1323
131093 1246
131094 1246
131095 1247
131096 1177
131097 1325
131098 1396
131099 1396
131100 1176
131101 1104
131102 1175
131103 1246
196608 747
196609 1177
196610 1177
196611 1248
196612 1248
196613 1252
196614 1323
196615 1247
196616 1247
196617 1247
196618 1248
196619 1105
196620 1248
196621 1105
196622 1392
196623 1176
196624 1247
196625 1106
196626 1248
196627 1247
196628 1247
196629 1392
196630 1175
196631 1175
196632 1247
196633 1246
196634 1247
196635 1245
196636 1030
196637 1030
196638 1104
196639 1175
262144 1254
262145 1322
262146 1323
262147 1248
262148 1248
262149 1247
262150 1247
262151 1105
262152 239
262153 239
262154 239
262155 239
262156 239
262157 239
262158 239
262159 239
262160 239
262161 239
262162 239
262163 239
262164 239
262165 239
262166 239
262167 239
262168 239
262169 239
262170 239
262171 239
262172 239
262173 239
262174 239
262175 239
kernel_count 22617
