0 1550
1 1176
2 1249
3 1248
4 1175
5 1106
6 1106
7 1466
8 1249
9 1253
10 1325
11 1249
12 1249
13 1466
14 1249
15 1253
16 1325
17 1249
18 1249
19 1106
20 1466
21 1248
22 1106
23 1466
24 1248
25 1323
26 1323
27 1029
28 1323
29 1029
30 1323
31 1609
65536 1405
65537 1256
65538 1249
65539 1249
65540 1249
65541 1392
65542 1106
65543 1247
65544 1248
65545 1248
65546 1247
65547 1247
65548 1248
65549 1248
65550 1247
65551 1248
65552 1247
65553 239
65554 239
65555 239
65556 239
65557 239
65558 239
65559 239
65560 239
65561 239
65562 239
65563 239
65564 239
65565 239
65566 239
65567 239
kernel_count 8531
