0 1181
1 1176
2 1249
3 1248
4 1249
5 1248
6 1249
7 1034
8 1464
9 1249
10 1249
11 1248
12 1248
13 1248
14 1249
15 1177
16 1249
17 1249
18 1249
19 1249
20 1249
21 1249
22 1249
23 1249
24 1176
25 1177
26 1249
27 1249
28 1249
29 1249
30 1249
31 1462
65536 1254
65537 1247
65538 1106
65539 1248
65540 1252
65541 1248
65542 1248
65543 1177
65544 1247
65545 1177
65546 1248
65547 1248
65548 1248
65549 1248
65550 1248
65551 1248
65552 1106
65553 1106
65554 1247
65555 1176
65556 1247
65557 1323
65558 1248
65559 1248
65560 1247
65561 1536
65562 1175
65563 1246
65564 1246
65565 1247
65566 1247
65567 1175
131072 1110
131073 1176
131074 1248
131075 1177
131076 1249
131077 1249
131078 1177
131079 1249
131080 1178
131081 1249
131082 1249
131083 1248
131084 1248
131085 1177
131086 1249
131087 1249
131088 1249
131089 1248
131090 1249
131091 1249
131092 1537
131093 1176
131094 1176
131095 1247
131096 1247
131097 1247
131098 1247
131099 1247
131100 1247
131101 1247
131102 1247
131103 1175
196608 1254
196609 1249
196610 1177
196611 1249
196612 1324
196613 1465
196614 1323
196615 1465
196616 1321
196617 1321
196618 1248
196619 1247
196620 1247
196621 1177
196622 1248
196623 1176
196624 1177
196625 1247
196626 1248
196627 1248
196628 1248
196629 1248
196630 1248
196631 1248
196632 1248
196633 1248
196634 1248
196635 1248
196636 1177
196637 1322
196638 1103
196639 1028
262144 748
262145 1394
262146 1248
262147 1106
262148 1248
262149 1106
262150 1106
262151 1322
262152 1393
262153 1248
262154 1247
262155 1323
262156 1248
262157 1248
262158 1248
262159 1177
262160 1177
262161 1106
262162 1246
262163 1248
262164 1248
262165 1247
262166 1246
262167 1247
262168 1177
262169 1177
262170 1176
262171 1248
262172 1176
262173 1177
262174 1177
262175 1392
327680 1254
327681 1248
327682 1248
327683 1248
327684 1248
327685 1248
327686 1247
327687 1177
327688 1106
327689 1392
327690 1248
327691 1248
327692 1248
327693 1248
327694 1391
327695 1248
327696 1248
327697 1248
327698 1248
327699 1177
327700 1248
327701 1176
327702 1392
327703 1392
327704 1247
327705 1247
327706 1247
327707 1247
327708 1247
327709 1247
327710 1247
327711 1247
393216 961
393217 1463
393218 1247
393219 1246
393220 1105
393221 1247
393222 1246
393223 1246
393224 1246
393225 1175
393226 1247
393227 1247
393228 1175
393229 1175
393230 1105
393231 1247
393232 1247
393233 1176
393234 1176
393235 1176
393236 1247
393237 1176
393238 1247
393239 1247
393240 1247
393241 1176
393242 1247
393243 1246
393244 1174
393245 1247
393246 1246
393247 1103
458752 1252
458753 1248
458754 1248
458755 1247
458756 1248
458757 1247
458758 1248
458759 1247
458760 1248
458761 1248
458762 1247
458763 1248
458764 1247
458765 1247
458766 1253
458767 1177
458768 1176
458769 1253
458770 1177
458771 1324
458772 1177
458773 1247
458774 1324
458775 1177
458776 1176
458777 1105
458778 1105
458779 1105
458780 1322
458781 1248
458782 1466
458783 1246
524288 1254
524289 1177
524290 746
524291 1177
524292 1248
524293 1248
524294 1177
524295 1248
524296 1393
524297 1248
524298 1248
524299 1177
524300 1248
524301 1392
524302 1393
524303 1248
524304 1393
524305 1393
524306 1392
524307 1106
524308 1176
524309 1321
524310 1391
524311 1392
524312 1248
524313 1247
524314 1247
524315 1247
524316 1180
524317 1181
524318 1249
524319 1246
589824 1400
589825 1176
589826 1248
589827 1248
589828 1248
589829 1247
589830 1248
589831 1177
589832 1609
589833 1248
589834 1248
589835 1177
589836 1610
589837 1247
589838 1247
589839 1176
589840 1176
589841 1176
589842 1176
589843 1105
589844 1176
589845 1176
589846 1175
589847 1176
589848 1176
589849 1176
589850 1033
589851 1176
589852 1105
589853 1105
589854 1247
589855 1247
655360 1182
655361 1178
655362 1178
655363 1178
655364 1250
655365 1250
655366 1250
655367 1249
655368 1250
655369 1107
655370 1107
655371 1250
655372 1177
655373 1250
655374 1250
655375 1178
655376 1614
655377 1178
655378 1249
655379 1178
655380 1107
655381 1178
655382 1249
655383 1249
655384 1400
655385 1248
655386 1248
655387 1248
655388 1249
655389 239
655390 239
655391 239
kernel_count 56479
