0 1181
1 1247
2 1176
3 1246
4 1176
5 1247
6 1176
7 1248
8 1106
9 1105
10 1177
11 1248
12 1248
13 1248
14 1106
15 1248
16 1247
17 1247
18 1177
19 1248
20 1247
21 1247
22 1248
23 1248
24 1246
25 1247
26 1248
27 1392
28 1392
29 1247
30 1247
31 1103
65536 1400
65537 1395
65538 1468
65539 1105
65540 1249
65541 1249
65542 1248
65543 1248
65544 1251
65545 1249
65546 1030
65547 1030
65548 1463
65549 1462
65550 1246
65551 1247
65552 1247
65553 1247
65554 1246
65555 1246
65556 1176
65557 1176
65558 1176
65559 1246
65560 1247
65561 1247
65562 1247
65563 1247
65564 1247
65565 1247
65566 1105
65567 1247
131072 1109
131073 1390
131074 1106
131075 1248
131076 1248
131077 1392
131078 1247
131079 1247
131080 1247
131081 1247
131082 1247
131083 1176
131084 1246
131085 1246
131086 1247
131087 1247
131088 1247
131089 1247
131090 1247
131091 1247
131092 1247
131093 1175
131094 1246
131095 1247
131096 1247
131097 1176
131098 1247
131099 1247
131100 1247
131101 1104
131102 1174
131103 1174
196608 1254
196609 1249
196610 1176
196611 1177
196612 1249
196613 1249
196614 1106
196615 1249
196616 1249
196617 1395
196618 1247
196619 1248
196620 1176
196621 1177
196622 1177
196623 1321
196624 1246
196625 1247
196626 1176
196627 1030
196628 959
196629 1247
196630 1105
196631 1247
196632 1247
196633 1247
196634 1105
196635 1034
196636 1247
196637 1247
196638 1247
196639 1175
262144 1182
262145 1253
262146 1253
262147 1253
262148 1325
262149 1249
262150 1249
262151 1538
262152 1252
262153 1248
262154 1249
262155 1249
262156 1248
262157 1465
262158 962
262159 961
262160 1176
262161 1177
262162 1322
262163 1175
262164 1246
262165 1246
262166 1246
262167 1247
262168 1247
262169 1175
262170 1247
262171 1175
262172 1247
262173 1176
262174 1175
262175 1175
327680 748
327681 1248
327682 1393
327683 1248
327684 1248
327685 1247
327686 1177
327687 1106
327688 1248
327689 1177
327690 1029
327691 1030
327692 1176
327693 1248
327694 1247
327695 1248
327696 1177
327697 1248
327698 1248
327699 1106
327700 1248
327701 1248
327702 1248
327703 1248
327704 1248
327705 1322
327706 1248
327707 1248
327708 1248
327709 1321
327710 1247
327711 1246
393216 824
393217 747
393218 747
393219 822
393220 1323
393221 1248
393222 1106
393223 1248
393224 1248
393225 1177
393226 1105
393227 1391
393228 1246
393229 1248
393230 1177
393231 1175
393232 1320
393233 1246
393234 1104
393235 1104
393236 1104
393237 1177
393238 1248
393239 1246
393240 1248
393241 1320
393242 1032
393243 1103
393244 1245
393245 1103
393246 1174
393247 1246
458752 1330
458753 1177
458754 1248
458755 1177
458756 1248
458757 1106
458758 1466
458759 1105
458760 1248
458761 1177
458762 1323
458763 1106
458764 1176
458765 1248
458766 1177
458767 1248
458768 1177
458769 1176
458770 1396
458771 1247
458772 1246
458773 1175
458774 1245
458775 1246
458776 1103
458777 1246
458778 1104
458779 1245
458780 1246
458781 1246
458782 1176
458783 1247
524288 747
524289 746
524290 746
524291 747
524292 1249
524293 1249
524294 1182
524295 1177
524296 1176
524297 1249
524298 1248
524299 1248
524300 1248
524301 1539
524302 1249
524303 1105
524304 1249
524305 1249
524306 1249
524307 1249
524308 1248
524309 1323
524310 1176
524311 1249
524312 1249
524313 1249
524314 1249
524315 1249
524316 1251
524317 1322
524318 1252
524319 1464
589824 1330
589825 1251
589826 1324
589827 1324
589828 1251
589829 1252
589830 1324
589831 1249
589832 1249
589833 1249
589834 1249
589835 1249
589836 1249
589837 1177
589838 1248
589839 1249
589840 1252
589841 1177
589842 1249
589843 1463
589844 1248
589845 1177
589846 1393
589847 1247
589848 1176
589849 1247
589850 1322
589851 1247
589852 1247
589853 1176
589854 1245
589855 1245
655360 1254
655361 1107
655362 1250
655363 1250
655364 1106
655365 1106
655366 1255
655367 1178
655368 1611
655369 1538
655370 1249
655371 1106
655372 1106
655373 1248
655374 1249
655375 1249
655376 1249
655377 1398
655378 1178
655379 1249
655380 1249
655381 1249
655382 1248
655383 1249
655384 1249
655385 1252
655386 1180
655387 1177
655388 1105
655389 1172
655390 239
655391 239
kernel_count 55843
