0 1110
1 1176
2 1175
3 1175
4 1246
5 1105
6 1105
7 1176
8 1175
9 1175
10 1247
11 1247
12 1175
13 1247
14 1247
15 1247
16 1246
17 1247
18 1247
19 1247
20 1247
21 1247
22 1105
23 1247
24 1247
25 1175
26 1247
27 1247
28 1247
29 1247
30 1247
31 1247
65536 1182
65537 963
65538 1248
65539 1325
65540 1249
65541 1176
65542 1176
65543 1324
65544 1247
65545 1249
65546 1249
65547 1249
65548 1249
65549 1247
65550 1249
65551 1249
65552 1249
65553 1248
65554 1248
65555 1106
65556 1394
65557 1248
65558 1248
65559 1394
65560 1248
65561 1394
65562 1393
65563 1537
65564 1249
65565 1464
65566 1175
65567 1247
131072 1253
131073 1105
131074 1177
131075 1247
131076 1248
131077 1248
131078 1248
131079 1248
131080 1248
131081 1033
131082 1176
131083 1248
131084 1247
131085 962
131086 1105
131087 1106
131088 1248
131089 1247
131090 1248
131091 1106
131092 1106
131093 1248
131094 1106
131095 1176
131096 1176
131097 1321
131098 1321
131099 1247
131100 1247
131101 1175
131102 1246
131103 1102
196608 1254
196609 1176
196610 1247
196611 1247
196612 1246
196613 1176
196614 1247
196615 1247
196616 1246
196617 1247
196618 1247
196619 1247
196620 1247
196621 1176
196622 1175
196623 1176
196624 1175
196625 1246
196626 1246
196627 1105
196628 1176
196629 1247
196630 1176
196631 1247
196632 1247
196633 1030
196634 1247
196635 1175
196636 1247
196637 1176
196638 1246
196639 1247
262144 748
262145 1249
262146 1249
262147 1322
262148 1248
262149 885
262150 239
262151 239
262152 239
262153 239
262154 239
262155 239
262156 239
262157 239
262158 239
262159 239
262160 239
262161 239
262162 239
262163 239
262164 239
262165 239
262166 239
262167 239
262168 239
262169 239
262170 239
262171 239
262172 239
262173 239
262174 239
262175 239
kernel_count 21832
