0 1251
1 1175
2 1247
3 1247
4 1247
5 1246
6 1244
7 1246
8 1247
9 1247
10 1246
11 1246
12 1173
13 1247
14 1246
15 1247
16 1246
17 1246
18 1173
19 1246
20 1247
21 1246
22 1246
23 1247
24 1175
25 1176
26 1104
27 1176
28 1176
29 1247
30 1246
31 1247
65536 1253
65537 1176
65538 1177
65539 1177
65540 1249
65541 1178
65542 1177
65543 1177
65544 1106
65545 1106
65546 1030
65547 1177
65548 1177
65549 1249
65550 1463
65551 1248
65552 1176
65553 1176
65554 1176
65555 1248
65556 1247
65557 1248
65558 1248
65559 1106
65560 1177
65561 1248
65562 1248
65563 1248
65564 1177
65565 1321
65566 1176
65567 1247
131072 1181
131073 1176
131074 1247
131075 1247
131076 1247
131077 1247
131078 1176
131079 1248
131080 1177
131081 1248
131082 1106
131083 1248
131084 1322
131085 1322
131086 1247
131087 1176
131088 1247
131089 1247
131090 1246
131091 1247
131092 1175
131093 1176
131094 1245
131095 1245
131096 1246
131097 1246
131098 1246
131099 1176
131100 1175
131101 1176
131102 1247
131103 1247
196608 1253
196609 1249
196610 1247
196611 1247
196612 1106
196613 1105
196614 1248
196615 1177
196616 1176
196617 1248
196618 1248
196619 1105
196620 1176
196621 1248
196622 1106
196623 1248
196624 1248
196625 1106
196626 1030
196627 1248
196628 1248
196629 1248
196630 1248
196631 1248
196632 1248
196633 1248
196634 1106
196635 1030
196636 1248
196637 1248
196638 1247
196639 1320
262144 1186
262145 1106
262146 1106
262147 1177
262148 1249
262149 1464
262150 1249
262151 1464
262152 1248
262153 1177
262154 1248
262155 1247
262156 1247
262157 1175
262158 1175
262159 1176
262160 1177
262161 1176
262162 1320
262163 1179
262164 890
262165 1245
262166 1246
262167 1246
262168 1246
262169 1174
262170 1176
262171 1247
262172 1175
262173 1176
262174 1247
262175 1247
327680 1110
327681 1248
327682 1177
327683 963
327684 1323
327685 1248
327686 1177
327687 1322
327688 1248
327689 1392
327690 1176
327691 1177
327692 1105
327693 1106
327694 1106
327695 1248
327696 1248
327697 1177
327698 1322
327699 1177
327700 960
327701 1246
327702 1247
327703 1391
327704 1103
327705 1176
327706 1246
327707 1175
327708 1030
327709 1176
327710 1175
327711 1247
393216 1253
393217 1030
393218 1176
393219 1177
393220 1248
393221 1030
393222 1177
393223 1248
393224 1030
393225 1176
393226 1106
393227 1248
393228 1249
393229 1249
393230 1249
393231 1249
393232 1249
393233 1464
393234 1177
393235 1247
393236 1247
393237 1322
393238 1177
393239 1322
393240 1177
393241 1106
393242 1106
393243 1030
393244 1106
393245 1030
393246 1322
393247 1175
458752 1181
458753 1248
458754 1248
458755 1323
458756 1106
458757 1248
458758 1106
458759 1323
458760 1177
458761 1177
458762 1030
458763 1030
458764 1177
458765 1030
458766 1177
458767 1321
458768 1323
458769 1323
458770 1323
458771 1177
458772 1177
458773 1177
458774 1177
458775 1177
458776 1177
458777 1247
458778 1247
458779 1321
458780 1323
458781 1323
458782 1323
458783 1392
524288 1253
524289 1106
524290 1247
524291 1248
524292 1248
524293 1252
524294 1248
524295 1248
524296 1247
524297 1248
524298 1247
524299 1247
524300 1106
524301 1248
524302 1393
524303 1248
524304 1106
524305 1247
524306 1106
524307 1248
524308 1248
524309 1248
524310 1106
524311 1393
524312 1323
524313 1106
524314 1176
524315 1176
524316 1394
524317 1247
524318 1320
524319 1103
589824 1182
589825 1106
589826 1246
589827 1246
589828 1177
589829 1177
589830 1177
589831 1248
589832 1248
589833 1177
589834 1030
589835 1248
589836 1106
589837 1177
589838 1248
589839 1252
589840 1177
589841 1246
589842 1246
589843 1247
589844 1393
589845 1323
589846 1247
589847 1391
589848 1248
589849 1247
589850 1391
589851 1391
589852 1248
589853 1246
589854 1391
589855 1245
655360 1110
655361 1610
655362 1248
655363 1251
655364 1249
655365 1249
655366 1466
655367 1249
655368 1177
655369 1248
655370 1249
655371 1249
655372 1249
655373 1249
655374 1177
655375 1466
655376 1248
655377 1106
655378 1248
655379 1248
655380 1323
655381 1248
655382 1247
655383 1248
655384 1322
655385 1177
655386 1248
655387 1247
655388 1248
655389 1248
655390 1247
655391 1319
720896 1258
720897 1177
720898 1396
720899 1249
720900 1250
720901 1248
720902 1250
720903 1462
720904 1246
720905 1176
720906 1247
720907 1029
720908 239
720909 239
720910 239
720911 239
720912 239
720913 239
720914 239
720915 239
720916 239
720917 239
720918 239
720919 239
720920 239
720921 239
720922 239
720923 239
720924 239
720925 239
720926 239
720927 239
kernel_count 58500
