0 1254
1 1247
2 1247
3 1247
4 1105
5 1176
6 1176
7 1246
8 1104
9 1247
10 1176
11 1174
12 1175
13 1176
14 1174
15 1176
16 1176
17 1176
18 1176
19 1247
20 1246
21 1246
22 1175
23 1247
24 1246
25 1247
26 1247
27 1247
28 1176
29 1247
30 1176
31 1247
65536 1110
65537 1246
65538 1248
65539 1177
65540 1030
65541 1248
65542 1248
65543 1248
65544 1248
65545 1177
65546 1247
65547 1248
65548 1247
65549 1248
65550 1248
65551 1105
65552 1247
65553 1177
65554 1248
65555 1248
65556 1247
65557 1322
65558 1247
65559 1105
65560 1104
65561 1105
65562 1034
65563 1175
65564 1176
65565 1176
65566 1247
65567 1247
131072 1254
131073 1249
131074 1249
131075 1177
131076 1177
131077 1177
131078 1249
131079 1249
131080 1249
131081 1249
131082 1176
131083 1176
131084 1176
131085 1249
131086 1249
131087 1249
131088 1249
131089 1249
131090 1324
131091 1249
131092 1176
131093 1249
131094 1249
131095 1177
131096 1249
131097 1464
131098 1248
131099 1322
131100 1247
131101 1246
131102 1176
131103 1246
196608 1109
196609 1105
196610 746
196611 1249
196612 1030
196613 1106
196614 1249
196615 1395
196616 1247
196617 1247
196618 1247
196619 1247
196620 1247
196621 1247
196622 1177
196623 1248
196624 1247
196625 1177
196626 1248
196627 1030
196628 1247
196629 1247
196630 1248
196631 1392
196632 1030
196633 1176
196634 1247
196635 1104
196636 1104
196637 1175
196638 1175
196639 1175
262144 748
262145 1035
262146 1248
262147 1247
262148 1177
262149 1178
262150 1249
262151 1249
262152 1106
262153 1178
262154 1178
262155 1249
262156 1176
262157 1248
262158 1249
262159 1248
262160 1248
262161 1177
262162 1249
262163 1175
262164 1249
262165 1248
262166 1249
262167 1249
262168 1249
262169 1249
262170 1106
262171 1752
262172 1176
262173 1247
262174 1247
262175 1247
327680 1110
327681 1030
327682 1247
327683 1177
327684 747
327685 963
327686 747
327687 963
327688 1322
327689 1247
327690 1177
327691 1248
327692 1247
327693 1248
327694 1248
327695 1177
327696 1176
327697 1251
327698 1105
327699 1251
327700 1176
327701 1247
327702 1103
327703 1247
327704 1176
327705 1176
327706 1246
327707 1247
327708 1247
327709 1176
327710 1176
327711 1247
393216 748
393217 747
393218 747
393219 747
393220 746
393221 892
393222 747
393223 747
393224 747
393225 1034
393226 1249
393227 1463
393228 1105
393229 1105
393230 1247
393231 1247
393232 1247
393233 1247
393234 1247
393235 1247
393236 1176
393237 1174
393238 1246
393239 1247
393240 1247
393241 1176
393242 1247
393243 1247
393244 1247
393245 1175
393246 1247
393247 1028
458752 1181
458753 1176
458754 1177
458755 1247
458756 1247
458757 1177
458758 1248
458759 1323
458760 1323
458761 1177
458762 1247
458763 1247
458764 1247
458765 1247
458766 1248
458767 1248
458768 1247
458769 1321
458770 1248
458771 1323
458772 1323
458773 1248
458774 1247
458775 1248
458776 1392
458777 1247
458778 1247
458779 1246
458780 1246
458781 1176
458782 1176
458783 1247
524288 1109
524289 1106
524290 1177
524291 1324
524292 1249
524293 1394
524294 1322
524295 1322
524296 1249
524297 1249
524298 1464
524299 1248
524300 1248
524301 1248
524302 1248
524303 1248
524304 1247
524305 1104
524306 1247
524307 1248
524308 1248
524309 1176
524310 1322
524311 1176
524312 1248
524313 1248
524314 1248
524315 1247
524316 1177
524317 1176
524318 1322
524319 1028
589824 1252
589825 1248
589826 1248
589827 1247
589828 1177
589829 1177
589830 1322
589831 1177
589832 1177
589833 1106
589834 1177
589835 1105
589836 1247
589837 1177
589838 1247
589839 1248
589840 1248
589841 1248
589842 1248
589843 1248
589844 1248
589845 1249
589846 1247
589847 1176
589848 1176
589849 1105
589850 1247
589851 1176
589852 1247
589853 1246
589854 1247
589855 1246
655360 1254
655361 1247
655362 1247
655363 1176
655364 1105
655365 1105
655366 1105
655367 1176
655368 1176
655369 1176
655370 1105
655371 1175
655372 1105
655373 1247
655374 1247
655375 1247
655376 1247
655377 1247
655378 1247
655379 1247
655380 1247
655381 1247
655382 1105
655383 1247
655384 1176
655385 1105
655386 1176
655387 1245
655388 1246
655389 1247
655390 1247
655391 1245
720896 1110
720897 1248
720898 1249
720899 1249
720900 1178
720901 1178
720902 1249
720903 1249
720904 1249
720905 1249
720906 1324
720907 1323
720908 1324
720909 1178
720910 1324
720911 1249
720912 1178
720913 1248
720914 1394
720915 1249
720916 1249
720917 1248
720918 1249
720919 1178
720920 1031
720921 1249
720922 1249
720923 1182
720924 1322
720925 1248
720926 1247
720927 1248
kernel_count 60326
