0 1181
1 1249
2 1325
3 1323
4 1323
5 1249
6 1249
7 1177
8 1253
9 1608
10 1104
11 1177
12 1248
13 1248
14 1248
15 1174
16 1247
17 1246
18 1248
19 1247
20 1247
21 1247
22 1247
23 1248
24 1248
25 1247
26 1321
27 1392
28 957
29 1247
30 1247
31 1245
65536 1110
65537 1248
65538 1030
65539 1248
65540 1248
65541 1248
65542 1248
65543 1248
65544 1248
65545 1391
65546 1177
65547 963
65548 1106
65549 1106
65550 1106
65551 1106
65552 1392
65553 1248
65554 1247
65555 1247
65556 1176
65557 1247
65558 1247
65559 1248
65560 1248
65561 1247
65562 1106
65563 1247
65564 1247
65565 1321
65566 1175
65567 1175
131072 748
131073 1035
131074 963
131075 1177
131076 1248
131077 1177
131078 1252
131079 1248
131080 1177
131081 1247
131082 1247
131083 1247
131084 1248
131085 1177
131086 1248
131087 1323
131088 1323
131089 1177
131090 1247
131091 1177
131092 1392
131093 1247
131094 1247
131095 1247
131096 1247
131097 1247
131098 1248
131099 1177
131100 1248
131101 1392
131102 1247
131103 1174
196608 1473
196609 1249
196610 1176
196611 1176
196612 1248
196613 1249
196614 1324
196615 1324
196616 1247
196617 1248
196618 1395
196619 1249
196620 1394
196621 1609
196622 1106
196623 1106
196624 1106
196625 1176
196626 1106
196627 1248
196628 1030
196629 1106
196630 1248
196631 1106
196632 1248
196633 1106
196634 1247
196635 1177
196636 1247
196637 1175
196638 1105
196639 1250
262144 969
262145 1106
262146 1106
262147 1106
262148 1106
262149 1106
262150 1249
262151 1249
262152 1177
262153 1248
262154 1394
262155 1249
262156 1249
262157 1030
262158 1106
262159 1030
262160 1464
262161 1177
262162 1106
262163 1392
262164 1248
262165 1392
262166 1247
262167 1175
262168 1176
262169 1247
262170 1176
262171 1247
262172 1175
262173 1029
262174 1175
262175 1175
327680 1254
327681 1249
327682 1249
327683 1249
327684 1175
327685 1248
327686 1030
327687 1249
327688 1106
327689 1105
327690 1324
327691 1249
327692 1249
327693 1177
327694 1106
327695 1249
327696 1248
327697 1249
327698 1249
327699 1177
327700 1177
327701 1105
327702 1175
327703 1394
327704 1394
327705 1322
327706 1394
327707 1248
327708 1324
327709 1464
327710 1177
327711 1322
393216 1254
393217 1322
393218 1107
393219 1323
393220 1035
393221 1323
393222 1178
393223 1323
393224 1248
393225 1248
393226 1248
393227 1248
393228 1247
393229 1248
393230 1248
393231 1247
393232 1248
393233 1248
393234 1247
393235 1247
393236 1176
393237 812
393238 239
393239 239
393240 239
393241 239
393242 239
393243 239
393244 239
393245 239
393246 239
393247 239
kernel_count 34426
