0 1254
1 1248
2 1248
3 1248
4 1247
5 1392
6 1247
7 1247
8 1248
9 1247
10 1177
11 1248
12 1248
13 1105
14 1391
15 1392
16 1247
17 1248
18 1248
19 1248
20 1392
21 1248
22 1248
23 1247
24 1247
25 1248
26 1248
27 1391
28 1247
29 1105
30 1030
31 1245
65536 748
65537 1177
65538 1177
65539 1249
65540 1176
65541 1249
65542 1249
65543 1106
65544 1030
65545 1395
65546 1248
65547 1249
65548 1249
65549 1248
65550 1249
65551 1177
65552 1465
65553 1466
65554 1325
65555 1249
65556 1176
65557 1177
65558 1466
65559 1248
65560 1248
65561 1177
65562 1177
65563 1106
65564 1248
65565 1396
65566 1246
65567 1247
131072 1110
131073 1325
131074 1030
131075 1106
131076 1177
131077 1249
131078 1249
131079 1178
131080 1104
131081 1249
131082 1177
131083 1105
131084 1249
131085 1177
131086 1034
131087 1249
131088 1030
131089 1248
131090 1249
131091 1030
131092 1249
131093 1249
131094 1249
131095 1249
131096 1249
131097 1249
131098 1249
131099 1249
131100 1249
131101 1249
131102 1030
131103 1679
196608 1254
196609 1248
196610 1248
196611 1248
196612 1248
196613 1248
196614 1177
196615 1177
196616 1323
196617 1176
196618 1394
196619 1248
196620 1177
196621 1106
196622 1321
196623 1177
196624 1106
196625 1248
196626 1322
196627 1246
196628 1246
196629 1029
196630 1246
196631 1246
196632 1245
196633 1247
196634 1245
196635 1246
196636 1247
196637 1247
196638 1176
196639 1247
262144 1405
262145 1249
262146 1249
262147 1031
262148 1323
262149 1247
262150 1248
262151 1248
262152 1176
262153 239
262154 239
262155 239
262156 239
262157 239
262158 239
262159 239
262160 239
262161 239
262162 239
262163 239
262164 239
262165 239
262166 239
262167 239
262168 239
262169 239
262170 239
262171 239
262172 239
262173 239
262174 239
262175 239
kernel_count 22557
