0 1405
1 1248
2 1396
3 1177
4 1248
5 1248
6 1252
7 1323
8 1248
9 1248
10 1248
11 1177
12 1323
13 1248
14 1176
15 1248
16 1396
17 1395
18 1177
19 1177
20 1248
21 1323
22 1323
23 1248
24 1248
25 1177
26 1248
27 1323
28 1247
29 1248
30 1248
31 1396
65536 747
65537 895
65538 747
65539 747
65540 747
65541 821
65542 746
65543 1176
65544 1176
65545 1176
65546 1247
65547 1247
65548 1247
65549 1247
65550 1247
65551 1247
65552 1245
65553 1176
65554 1104
65555 1104
65556 1247
65557 1247
65558 1247
65559 1246
65560 1175
65561 1176
65562 1245
65563 1247
65564 1247
65565 1247
65566 1247
65567 1103
131072 1038
131073 963
131074 958
131075 1177
131076 1248
131077 1248
131078 1247
131079 1247
131080 1248
131081 1248
131082 1393
131083 1248
131084 1248
131085 1106
131086 1248
131087 1248
131088 1248
131089 1248
131090 1248
131091 1248
131092 1248
131093 1176
131094 1247
131095 1247
131096 1247
131097 1247
131098 1248
131099 1177
131100 1247
131101 1248
131102 1248
131103 1322
196608 1254
196609 1177
196610 1248
196611 1177
196612 1176
196613 1105
196614 1177
196615 1104
196616 1248
196617 1322
196618 1322
196619 1176
196620 1247
196621 1245
196622 1030
196623 1105
196624 1030
196625 1247
196626 1247
196627 1105
196628 1175
196629 1105
196630 1246
196631 959
196632 1030
196633 1105
196634 1176
196635 1176
196636 1176
196637 1176
196638 1247
196639 1175
262144 748
262145 747
262146 1249
262147 1248
262148 1248
262149 1248
262150 1248
262151 1248
262152 1030
262153 1106
262154 1249
262155 1461
262156 959
262157 1248
262158 1177
262159 1248
262160 1177
262161 958
262162 958
262163 958
262164 1030
262165 1248
262166 1177
262167 1248
262168 1391
262169 1177
262170 1248
262171 1392
262172 1177
262173 1248
262174 1392
262175 1246
327680 1254
327681 822
327682 1250
327683 1177
327684 1109
327685 1177
327686 1322
327687 1321
327688 1248
327689 1251
327690 1248
327691 1248
327692 1247
327693 1248
327694 1248
327695 1247
327696 1248
327697 1248
327698 1176
327699 1248
327700 1248
327701 1391
327702 1391
327703 1247
327704 1247
327705 1391
327706 1246
327707 1177
327708 1248
327709 1248
327710 1391
327711 1102
393216 748
393217 821
393218 747
393219 747
393220 747
393221 746
393222 822
393223 746
393224 746
393225 821
393226 1323
393227 1176
393228 1176
393229 1106
393230 1392
393231 1106
393232 1177
393233 1248
393234 1248
393235 1251
393236 1252
393237 1246
393238 1322
393239 1248
393240 1248
393241 1392
393242 1391
393243 1104
393244 1245
393245 1176
393246 1175
393247 1175
458752 1186
458753 1106
458754 1106
458755 1177
458756 1106
458757 1177
458758 1106
458759 1177
458760 1106
458761 1250
458762 1464
458763 1465
458764 1177
458765 1248
458766 1176
458767 1251
458768 1176
458769 1247
458770 1247
458771 1247
458772 1247
458773 1247
458774 1246
458775 1247
458776 1032
458777 1245
458778 1245
458779 1246
458780 1247
458781 1246
458782 1247
458783 1247
524288 1182
524289 1177
524290 1248
524291 1248
524292 1248
524293 1248
524294 1247
524295 1177
524296 1177
524297 1247
524298 1248
524299 1104
524300 1177
524301 1030
524302 1248
524303 1105
524304 1105
524305 1176
524306 1177
524307 1323
524308 1322
524309 1248
524310 1248
524311 1247
524312 1248
524313 1177
524314 1106
524315 1177
524316 1248
524317 1246
524318 1175
524319 1391
589824 1182
589825 1178
589826 1249
589827 1178
589828 1107
589829 1178
589830 1325
589831 1395
589832 1395
589833 1249
589834 1249
589835 1398
589836 1249
589837 1249
589838 1398
589839 1249
589840 1178
589841 1178
589842 1392
589843 1106
589844 1246
589845 811
589846 239
589847 239
589848 239
589849 239
589850 239
589851 239
589852 239
589853 239
589854 239
589855 239
kernel_count 48525
