0 1110
1 1249
2 1249
3 1249
4 1249
5 886
6 1247
7 1249
8 1249
9 1177
10 1249
11 1249
12 1248
13 1248
14 1249
15 1249
16 1249
17 1464
18 1176
19 1176
20 1247
21 1176
22 1247
23 1033
24 1176
25 1176
26 1176
27 1247
28 1246
29 1247
30 1175
31 1028
65536 894
65537 1247
65538 1106
65539 1030
65540 1248
65541 1177
65542 1248
65543 1248
65544 1248
65545 1030
65546 1248
65547 1248
65548 1177
65549 1248
65550 1248
65551 1248
65552 1177
65553 1248
65554 1106
65555 1177
65556 1177
65557 1177
65558 1396
65559 1248
65560 1247
65561 1322
65562 1247
65563 1176
65564 1246
65565 1176
65566 1176
65567 1245
131072 1180
131073 1176
131074 1105
131075 1176
131076 1105
131077 1176
131078 1105
131079 1106
131080 1106
131081 891
131082 1249
131083 1253
131084 1249
131085 1249
131086 1249
131087 1249
131088 1248
131089 1106
131090 1177
131091 1247
131092 1248
131093 1465
131094 1247
131095 1321
131096 1321
131097 1245
131098 1105
131099 1247
131100 1246
131101 1105
131102 1247
131103 1247
196608 1109
196609 1249
196610 1249
196611 1249
196612 1393
196613 1322
196614 1247
196615 1176
196616 1176
196617 1249
196618 1176
196619 1398
196620 1177
196621 1175
196622 1249
196623 1394
196624 1249
196625 1248
196626 1249
196627 1395
196628 1247
196629 1177
196630 1392
196631 1244
196632 1246
196633 1104
196634 1174
196635 1174
196636 1175
196637 1175
196638 1029
196639 1103
262144 672
262145 1249
262146 1249
262147 1106
262148 671
262149 1030
262150 1106
262151 1249
262152 1249
262153 1177
262154 1177
262155 1177
262156 1177
262157 1177
262158 1177
262159 1177
262160 1177
262161 1177
262162 1177
262163 1177
262164 1177
262165 1249
262166 1679
262167 1678
262168 1248
262169 1176
262170 1392
262171 1392
262172 1247
262173 1247
262174 1247
262175 1247
327680 1254
327681 1106
327682 1248
327683 1248
327684 1248
327685 1106
327686 1248
327687 1176
327688 1248
327689 1177
327690 1177
327691 1248
327692 1177
327693 1106
327694 1321
327695 1247
327696 1321
327697 1247
327698 1250
327699 1392
327700 1106
327701 1392
327702 1248
327703 1034
327704 1106
327705 1248
327706 1390
327707 1392
327708 1176
327709 1320
327710 1392
327711 1245
393216 1258
393217 1394
393218 1395
393219 1177
393220 1177
393221 1249
393222 1249
393223 1177
393224 1395
393225 1395
393226 1249
393227 1466
393228 1033
393229 1105
393230 1248
393231 1249
393232 1175
393233 1248
393234 1249
393235 1249
393236 963
393237 1106
393238 1178
393239 1177
393240 1248
393241 1467
393242 1104
393243 1106
393244 1252
393245 1252
393246 1391
393247 1245
458752 1181
458753 1175
458754 1175
458755 1248
458756 1177
458757 1248
458758 1246
458759 1246
458760 1177
458761 1248
458762 1248
458763 1106
458764 1246
458765 1104
458766 1248
458767 1247
458768 1177
458769 1105
458770 1105
458771 1033
458772 1105
458773 1250
458774 1321
458775 1245
458776 1246
458777 1246
458778 1175
458779 1176
458780 1246
458781 1247
458782 1176
458783 1246
524288 1182
524289 1248
524290 1247
524291 1248
524292 1248
524293 1248
524294 1248
524295 1248
524296 1397
524297 1247
524298 1176
524299 1247
524300 1177
524301 1247
524302 1248
524303 1248
524304 1248
524305 1247
524306 1177
524307 1393
524308 1177
524309 1248
524310 1248
524311 1247
524312 1247
524313 1106
524314 1177
524315 1106
524316 1106
524317 1393
524318 1322
524319 1175
589824 893
589825 1249
589826 1610
589827 1465
589828 1324
589829 1177
589830 1249
589831 958
589832 1248
589833 1177
589834 1324
589835 1105
589836 1248
589837 1249
589838 1248
589839 1105
589840 1249
589841 1176
589842 1105
589843 1248
589844 1465
589845 1393
589846 1248
589847 1248
589848 1105
589849 1247
589850 1251
589851 1176
589852 1322
589853 1176
589854 1176
589855 1247
655360 1109
655361 1250
655362 1250
655363 1250
655364 1250
655365 1107
655366 1178
655367 1250
655368 1250
655369 1250
655370 1396
655371 1249
655372 1249
655373 1249
655374 1177
655375 1249
655376 1249
655377 1249
655378 1249
655379 1175
655380 1178
655381 1394
655382 1324
655383 1247
655384 1393
655385 1392
655386 1249
655387 1249
655388 1249
655389 1395
655390 1246
655391 593
kernel_count 56202
