0 1254
1 1177
2 1248
3 1248
4 1248
5 1248
6 1247
7 1176
8 1248
9 1248
10 1248
11 1248
12 1248
13 1248
14 1177
15 1248
16 1177
17 1248
18 1248
19 1248
20 1247
21 1393
22 1248
23 1248
24 1322
25 1321
26 1248
27 1322
28 1321
29 1247
30 1176
31 1246
65536 1254
65537 1248
65538 1177
65539 1248
65540 1248
65541 1248
65542 1247
65543 1248
65544 1177
65545 1177
65546 1177
65547 1248
65548 1248
65549 1248
65550 1247
65551 1248
65552 1248
65553 1248
65554 1030
65555 1252
65556 1248
65557 1248
65558 1248
65559 1247
65560 1246
65561 1393
65562 1246
65563 1247
65564 1246
65565 1393
65566 1320
65567 1175
131072 1252
131073 1249
131074 1249
131075 1248
131076 1106
131077 1177
131078 1177
131079 1106
131080 1249
131081 1249
131082 1248
131083 1249
131084 1248
131085 1249
131086 1249
131087 1177
131088 1106
131089 1106
131090 1106
131091 1249
131092 1394
131093 1395
131094 1323
131095 1248
131096 1248
131097 1248
131098 1247
131099 1392
131100 1247
131101 1175
131102 1247
131103 1247
196608 1182
196609 1248
196610 1177
196611 1250
196612 1250
196613 1246
196614 1246
196615 960
196616 1030
196617 1030
196618 1030
196619 1247
196620 1247
196621 1247
196622 1247
196623 1247
196624 1247
196625 1247
196626 1247
196627 1247
196628 1247
196629 1246
196630 1246
196631 1247
196632 1105
196633 1176
196634 1247
196635 1246
196636 1175
196637 1246
196638 1247
196639 1175
262144 1181
262145 1105
262146 1247
262147 1177
262148 1176
262149 1177
262150 1035
262151 1035
262152 1252
262153 1393
262154 1250
262155 1249
262156 1248
262157 1248
262158 1321
262159 1250
262160 1103
262161 1033
262162 1034
262163 1105
262164 1104
262165 1105
262166 1247
262167 1176
262168 1104
262169 1104
262170 1105
262171 1247
262172 1176
262173 1030
262174 1030
262175 1175
327680 1547
327681 1324
327682 1177
327683 1177
327684 1176
327685 1177
327686 1106
327687 1249
327688 1465
327689 1464
327690 1394
327691 1249
327692 1465
327693 1464
327694 1465
327695 1247
327696 1248
327697 1248
327698 1176
327699 1248
327700 1248
327701 1248
327702 1247
327703 1247
327704 1247
327705 1247
327706 1177
327707 1246
327708 1248
327709 1247
327710 1248
327711 1322
393216 1186
393217 1178
393218 1178
393219 1107
393220 1107
393221 1247
393222 1249
393223 1248
393224 1107
393225 1249
393226 1178
393227 1107
393228 1181
393229 1177
393230 1178
393231 1323
393232 1249
393233 1323
393234 1248
393235 1247
393236 1248
393237 1248
393238 1248
393239 1248
393240 1248
393241 1247
393242 1176
393243 1247
393244 1176
393245 1176
393246 1105
393247 239
kernel_count 35778
