0 1034
1 1248
2 1248
3 1247
4 1177
5 1393
6 1248
7 1248
8 1248
9 1029
10 1176
11 1322
12 1177
13 1248
14 1030
15 1322
16 1251
17 1322
18 1322
19 1176
20 1248
21 1248
22 1247
23 1176
24 1322
25 1322
26 1175
27 1175
28 1175
29 1175
30 1175
31 1175
65536 748
65537 747
65538 747
65539 1249
65540 1248
65541 1248
65542 1249
65543 1177
65544 1464
65545 1393
65546 1177
65547 1248
65548 1322
65549 1323
65550 1248
65551 1248
65552 1323
65553 1248
65554 1177
65555 1106
65556 1106
65557 1247
65558 1248
65559 1106
65560 1247
65561 1248
65562 1248
65563 1248
65564 1249
65565 1175
65566 1105
65567 1245
131072 1254
131073 1249
131074 1249
131075 1177
131076 1249
131077 1249
131078 1325
131079 1249
131080 1470
131081 1248
131082 1248
131083 1176
131084 1177
131085 1325
131086 1248
131087 1248
131088 1541
131089 1829
131090 1177
131091 1248
131092 1326
131093 1324
131094 1177
131095 1105
131096 1324
131097 1324
131098 1030
131099 1106
131100 1105
131101 1467
131102 1247
131103 1322
196608 1258
196609 1392
196610 1248
196611 1176
196612 1248
196613 1248
196614 1177
196615 1177
196616 1177
196617 1247
196618 1248
196619 1248
196620 1246
196621 1177
196622 1248
196623 1177
196624 1176
196625 1248
196626 1248
196627 1248
196628 1248
196629 1248
196630 1176
196631 1247
196632 1106
196633 1106
196634 1247
196635 1251
196636 1247
196637 1104
196638 1247
196639 1246
262144 1254
262145 1248
262146 1248
262147 1248
262148 1394
262149 1394
262150 1322
262151 1176
262152 1175
262153 1246
262154 1105
262155 1247
262156 1247
262157 1247
262158 1247
262159 1174
262160 1176
262161 1176
262162 1176
262163 1176
262164 1247
262165 1247
262166 1247
262167 1247
262168 1247
262169 1247
262170 1176
262171 1105
262172 1176
262173 1105
262174 1247
262175 1103
327680 1181
327681 1177
327682 1248
327683 1248
327684 1248
327685 1248
327686 1030
327687 1248
327688 1248
327689 1030
327690 1248
327691 1248
327692 1248
327693 1030
327694 1248
327695 1177
327696 1248
327697 1247
327698 1248
327699 1248
327700 1247
327701 1248
327702 1176
327703 1247
327704 1248
327705 1613
327706 1248
327707 1248
327708 1613
327709 1322
327710 1249
327711 1321
393216 1182
393217 1176
393218 1033
393219 239
393220 239
393221 239
393222 239
393223 239
393224 239
393225 239
393226 239
393227 239
393228 239
393229 239
393230 239
393231 239
393232 239
393233 239
393234 239
393235 239
393236 239
393237 239
393238 239
393239 239
393240 239
393241 239
393242 239
393243 239
393244 239
393245 239
393246 239
393247 239
kernel_count 31991
