0 1182
1 1247
2 1247
3 1247
4 1247
5 1176
6 1247
7 1246
8 1030
9 1246
10 1247
11 1247
12 1247
13 1247
14 1247
15 1176
16 1247
17 1247
18 1247
19 1030
20 1246
21 1247
22 1247
23 1246
24 1247
25 1246
26 1246
27 1246
28 1246
29 1246
30 1247
31 1246
65536 747
65537 745
65538 745
65539 746
65540 746
65541 1247
65542 1175
65543 1175
65544 1176
65545 1247
65546 1247
65547 1104
65548 1246
65549 1105
65550 1105
65551 1247
65552 1247
65553 1247
65554 1176
65555 1246
65556 1247
65557 1247
65558 1247
65559 1247
65560 1176
65561 1246
65562 1247
65563 1246
65564 1104
65565 1104
65566 1246
65567 1174
131072 1182
131073 1177
131074 1678
131075 1247
131076 1248
131077 1248
131078 1248
131079 1106
131080 1177
131081 1248
131082 1248
131083 1248
131084 1248
131085 1248
131086 1248
131087 1248
131088 1248
131089 1248
131090 1248
131091 1248
131092 1248
131093 1322
131094 1247
131095 1247
131096 1247
131097 1105
131098 1247
131099 1247
131100 1245
131101 1176
131102 1030
131103 1175
196608 1110
196609 1107
196610 1248
196611 1177
196612 1107
196613 1106
196614 1249
196615 1178
196616 1107
196617 1107
196618 1107
196619 1106
196620 1107
196621 1107
196622 1107
196623 1249
196624 1249
196625 1248
196626 1178
196627 1247
196628 1249
196629 1249
196630 1248
196631 1105
196632 1251
196633 1251
196634 1176
196635 960
196636 239
196637 239
196638 239
196639 239
kernel_count 19330
