0 1254
1 1464
2 1177
3 1247
4 1248
5 1248
6 1248
7 1248
8 1177
9 1248
10 1248
11 1106
12 1106
13 1177
14 1247
15 1248
16 1248
17 1247
18 1247
19 1176
20 1251
21 1322
22 1248
23 1248
24 1106
25 1248
26 1248
27 1247
28 1247
29 1248
30 1250
31 1103
65536 748
65537 747
65538 747
65539 747
65540 747
65541 1177
65542 1106
65543 1249
65544 1249
65545 1249
65546 1249
65547 1248
65548 1249
65549 1176
65550 1394
65551 1249
65552 1249
65553 1249
65554 1249
65555 1177
65556 1106
65557 1249
65558 1177
65559 1324
65560 1249
65561 1464
65562 1462
65563 1463
65564 1463
65565 1103
65566 1103
65567 1103
131072 1182
131073 1249
131074 1106
131075 1030
131076 1248
131077 1030
131078 1030
131079 1178
131080 1249
131081 1029
131082 1248
131083 1105
131084 1177
131085 1105
131086 1249
131087 1106
131088 1176
131089 1104
131090 1249
131091 1249
131092 1249
131093 1249
131094 1249
131095 1178
131096 1178
131097 1249
131098 1248
131099 1177
131100 1249
131101 1177
131102 1464
131103 1246
196608 1110
196609 1249
196610 1178
196611 1177
196612 1248
196613 1249
196614 1249
196615 1249
196616 1249
196617 1178
196618 1324
196619 1464
196620 1178
196621 1106
196622 1249
196623 1249
196624 1249
196625 1177
196626 1249
196627 1249
196628 1249
196629 1177
196630 1250
196631 1249
196632 1249
196633 1249
196634 1463
196635 1463
196636 1463
196637 1463
196638 1463
196639 1463
262144 824
262145 822
262146 822
262147 822
262148 822
262149 1107
262150 1249
262151 1322
262152 1247
262153 1248
262154 1248
262155 1248
262156 1175
262157 1176
262158 1176
262159 1176
262160 239
262161 239
262162 239
262163 239
262164 239
262165 239
262166 239
262167 239
262168 239
262169 239
262170 239
262171 239
262172 239
262173 239
262174 239
262175 239
kernel_count 23039
