0 1253
1 1248
2 1248
3 811
4 1249
5 1249
6 1249
7 1249
8 1177
9 1249
10 1249
11 1177
12 1249
13 1249
14 1177
15 1249
16 1177
17 1177
18 1249
19 1249
20 1177
21 1249
22 1249
23 1177
24 1249
25 1177
26 1249
27 1248
28 1394
29 1180
30 1249
31 1319
65536 1254
65537 1177
65538 1249
65539 1249
65540 1177
65541 1177
65542 1176
65543 1176
65544 1176
65545 1249
65546 1249
65547 1249
65548 1249
65549 1249
65550 1177
65551 1177
65552 1464
65553 1248
65554 1248
65555 1248
65556 1248
65557 1030
65558 1176
65559 1248
65560 1248
65561 1247
65562 1248
65563 1248
65564 1176
65565 1248
65566 1322
65567 1247
131072 1254
131073 1323
131074 1323
131075 1248
131076 1177
131077 1248
131078 1392
131079 1246
131080 1175
131081 1176
131082 1176
131083 1103
131084 814
131085 1247
131086 1247
131087 1176
131088 1247
131089 1247
131090 1247
131091 1176
131092 1247
131093 1247
131094 1247
131095 1247
131096 1247
131097 1176
131098 1176
131099 1247
131100 1176
131101 1246
131102 1247
131103 1247
196608 1254
196609 1248
196610 1248
196611 1393
196612 1248
196613 1393
196614 1247
196615 1247
196616 1177
196617 1322
196618 1177
196619 1248
196620 1105
196621 1106
196622 1248
196623 1106
196624 1248
196625 1104
196626 1248
196627 1251
196628 1251
196629 1247
196630 1247
196631 1247
196632 1105
196633 962
196634 962
196635 1246
196636 1246
196637 1246
196638 1246
196639 1247
262144 748
262145 1251
262146 1248
262147 1106
262148 1248
262149 1105
262150 1248
262151 1248
262152 1248
262153 1177
262154 1248
262155 1177
262156 1248
262157 1176
262158 1248
262159 1251
262160 1248
262161 1248
262162 1248
262163 1177
262164 1176
262165 1248
262166 1177
262167 1248
262168 1177
262169 1247
262170 1248
262171 1177
262172 1176
262173 1246
262174 1464
262175 1174
327680 1109
327681 1106
327682 1105
327683 1470
327684 1471
327685 1399
327686 1249
327687 1328
327688 1469
327689 1177
327690 1466
327691 1249
327692 1248
327693 1249
327694 1249
327695 1249
327696 1249
327697 1247
327698 1249
327699 1249
327700 1248
327701 1181
327702 1176
327703 1249
327704 1249
327705 1249
327706 2040
327707 1466
327708 1247
327709 1247
327710 1247
327711 1247
393216 1400
393217 1394
393218 1249
393219 1248
393220 1248
393221 1248
393222 1248
393223 1249
393224 1394
393225 1178
393226 1248
393227 1248
393228 1249
393229 1249
393230 1248
393231 1107
393232 1249
393233 1249
393234 1178
393235 1178
393236 1249
393237 1249
393238 1248
393239 1323
393240 1248
393241 1247
393242 1248
393243 1177
393244 239
393245 239
393246 239
393247 239
kernel_count 35642
