0 1252
1 1246
2 1246
3 1246
4 1246
5 887
6 1032
7 1247
8 1247
9 1247
10 1247
11 1247
12 1247
13 1247
14 1247
15 1176
16 1247
17 1247
18 1247
19 1247
20 1247
21 1247
22 1247
23 1247
24 1246
25 1245
26 1246
27 1030
28 1247
29 1105
30 1246
31 1103
65536 1181
65537 1177
65538 1030
65539 1248
65540 1249
65541 1249
65542 1249
65543 1248
65544 1249
65545 1177
65546 1249
65547 1248
65548 1177
65549 1106
65550 1249
65551 1249
65552 1249
65553 1106
65554 1106
65555 1248
65556 1177
65557 1249
65558 1249
65559 1177
65560 1177
65561 1106
65562 1395
65563 1395
65564 1610
65565 1248
65566 1392
65567 1247
131072 1254
131073 1105
131074 1247
131075 1247
131076 1247
131077 1176
131078 1247
131079 1247
131080 1246
131081 1247
131082 1247
131083 1176
131084 1247
131085 1246
131086 1246
131087 1246
131088 1176
131089 1246
131090 1176
131091 1104
131092 1247
131093 1175
131094 1247
131095 1247
131096 1247
131097 1105
131098 1176
131099 1247
131100 1176
131101 1104
131102 1173
131103 955
196608 671
196609 1175
196610 1392
196611 1391
196612 1248
196613 1106
196614 1176
196615 1177
196616 1176
196617 1177
196618 1176
196619 1322
196620 1248
196621 1106
196622 1248
196623 1177
196624 1247
196625 1247
196626 1247
196627 1030
196628 1247
196629 1177
196630 1247
196631 1247
196632 1177
196633 1321
196634 1246
196635 1247
196636 1030
196637 1247
196638 1247
196639 1174
262144 1254
262145 1249
262146 1248
262147 1248
262148 1249
262149 1249
262150 1249
262151 1249
262152 1249
262153 1467
262154 1106
262155 1177
262156 1395
262157 1395
262158 1466
262159 1249
262160 1680
262161 1249
262162 1180
262163 1247
262164 1248
262165 1323
262166 1247
262167 1247
262168 1248
262169 1323
262170 1247
262171 1177
262172 1324
262173 1249
262174 1464
262175 1175
327680 1182
327681 1465
327682 1464
327683 1248
327684 1176
327685 1248
327686 1248
327687 1243
327688 1243
327689 1248
327690 1322
327691 1177
327692 1247
327693 1248
327694 1248
327695 1106
327696 1106
327697 1177
327698 1248
327699 1248
327700 1177
327701 1392
327702 1247
327703 1176
327704 1247
327705 1176
327706 1176
327707 1176
327708 1176
327709 1176
327710 1247
327711 1247
393216 748
393217 1106
393218 1177
393219 1248
393220 1466
393221 1248
393222 1248
393223 1248
393224 1030
393225 1030
393226 1248
393227 1106
393228 1248
393229 1248
393230 1248
393231 1246
393232 1106
393233 1248
393234 1247
393235 1247
393236 1253
393237 1246
393238 1324
393239 1175
393240 1176
393241 1176
393242 1247
393243 1176
393244 1468
393245 1466
393246 1248
393247 1469
458752 1254
458753 1248
458754 1175
458755 1392
458756 1249
458757 1394
458758 1464
458759 1106
458760 1322
458761 1177
458762 1322
458763 1248
458764 1322
458765 1247
458766 1247
458767 1247
458768 1176
458769 1105
458770 1105
458771 1247
458772 1247
458773 1030
458774 1030
458775 1105
458776 1029
458777 1247
458778 1030
458779 1105
458780 1247
458781 1029
458782 1104
458783 1173
524288 1110
524289 1106
524290 1248
524291 1248
524292 1177
524293 1175
524294 519
524295 239
524296 239
524297 239
524298 239
524299 239
524300 239
524301 239
524302 239
524303 239
524304 239
524305 239
524306 239
524307 239
524308 239
524309 239
524310 239
524311 239
524312 239
524313 239
524314 239
524315 239
524316 239
524317 239
524318 239
524319 239
kernel_count 42417
