0 1182
1 1177
2 1248
3 1248
4 1177
5 1248
6 1248
7 1248
8 1324
9 1394
10 1248
11 1324
12 1393
13 1248
14 1322
15 1394
16 1248
17 1324
18 1393
19 1034
20 1248
21 1106
22 1247
23 1177
24 1175
25 1176
26 1464
27 1177
28 1248
29 1177
30 1176
31 1465
65536 897
65537 747
65538 1248
65539 1177
65540 1177
65541 1248
65542 1248
65543 1248
65544 1106
65545 1248
65546 1177
65547 1248
65548 1106
65549 1248
65550 1248
65551 1248
65552 1106
65553 1248
65554 1177
65555 1177
65556 1323
65557 1248
65558 1323
65559 1253
65560 1248
65561 1248
65562 1247
65563 1469
65564 1247
65565 1105
65566 1247
65567 1175
131072 1110
131073 1030
131074 1106
131075 1247
131076 1176
131077 1247
131078 1177
131079 1247
131080 1248
131081 1247
131082 1248
131083 1248
131084 1180
131085 1251
131086 1247
131087 1247
131088 1247
131089 1247
131090 1247
131091 1247
131092 1247
131093 1247
131094 1247
131095 1247
131096 1247
131097 1247
131098 1247
131099 1247
131100 1247
131101 1247
131102 1247
131103 1247
196608 1254
196609 1393
196610 1248
196611 1248
196612 1247
196613 1247
196614 1247
196615 1248
196616 1392
196617 1177
196618 1252
196619 1248
196620 1247
196621 1248
196622 1246
196623 1177
196624 1176
196625 1248
196626 1248
196627 1247
196628 1248
196629 1247
196630 1248
196631 1248
196632 1105
196633 1248
196634 1392
196635 1104
196636 1247
196637 1176
196638 1246
196639 1247
262144 1254
262145 1248
262146 1248
262147 1177
262148 1105
262149 1395
262150 1249
262151 1106
262152 1395
262153 1106
262154 1248
262155 1177
262156 1248
262157 1249
262158 1106
262159 1177
262160 1248
262161 1394
262162 1394
262163 1394
262164 1175
262165 1468
262166 1469
262167 1253
262168 1249
262169 1176
262170 1106
262171 1249
262172 1249
262173 1247
262174 1608
262175 1103
327680 1182
327681 1248
327682 1611
327683 1248
327684 1611
327685 1177
327686 1178
327687 1105
327688 1106
327689 1249
327690 1395
327691 1104
327692 1175
327693 1104
327694 1248
327695 1539
327696 1539
327697 1539
327698 1106
327699 1106
327700 1325
327701 1325
327702 1249
327703 1106
327704 1394
327705 1106
327706 1468
327707 1469
327708 1468
327709 1251
327710 1395
327711 1397
393216 1261
393217 1323
393218 1248
393219 1106
393220 1034
393221 1106
393222 1106
393223 1177
393224 1249
393225 1178
393226 1106
393227 1396
393228 1324
393229 1104
393230 1106
393231 1106
393232 1248
393233 1249
393234 1105
393235 1249
393236 1610
393237 1612
393238 1104
393239 1248
393240 1468
393241 1322
393242 1247
393243 1248
393244 1247
393245 1248
393246 1247
393247 1322
458752 1619
458753 1247
458754 1106
458755 1176
458756 1396
458757 1323
458758 1176
458759 1246
458760 1248
458761 1106
458762 1035
458763 1322
458764 1393
458765 1394
458766 1105
458767 1105
458768 1176
458769 1176
458770 1246
458771 1246
458772 1247
458773 1247
458774 1247
458775 1246
458776 1246
458777 1247
458778 1176
458779 1246
458780 1247
458781 1176
458782 1247
458783 1246
524288 1330
524289 1248
524290 1247
524291 1247
524292 1248
524293 1248
524294 1106
524295 1106
524296 1248
524297 1248
524298 1394
524299 1177
524300 1176
524301 1247
524302 1248
524303 1540
524304 1246
524305 1175
524306 1247
524307 1246
524308 1246
524309 1247
524310 1245
524311 1243
524312 1246
524313 1247
524314 1243
524315 1247
524316 1246
524317 1104
524318 1175
524319 1175
589824 748
589825 1177
589826 1177
589827 1248
589828 1248
589829 1247
589830 1248
589831 1176
589832 1248
589833 1248
589834 1247
589835 1177
589836 1031
589837 1248
589838 1177
589839 1248
589840 1032
589841 519
589842 239
589843 239
589844 239
589845 239
589846 239
589847 239
589848 239
589849 239
589850 239
589851 239
589852 239
589853 239
589854 239
589855 239
kernel_count 49982
