0 1253
1 1247
2 1247
3 1176
4 1247
5 1247
6 1247
7 1247
8 1247
9 1247
10 1176
11 1247
12 1247
13 1247
14 1247
15 1247
16 1247
17 1247
18 1247
19 1247
20 1247
21 1247
22 1176
23 1247
24 1247
25 1247
26 1247
27 1247
28 1247
29 1176
30 1247
31 1247
65536 748
65537 747
65538 747
65539 747
65540 747
65541 747
65542 747
65543 747
65544 1177
65545 1248
65546 1248
65547 1251
65548 1104
65549 1247
65550 1247
65551 1246
65552 1175
65553 1175
65554 1246
65555 1247
65556 1247
65557 1105
65558 1247
65559 1175
65560 1176
65561 1176
65562 1176
65563 1105
65564 1176
65565 1176
65566 1176
65567 1175
131072 748
131073 747
131074 1182
131075 1176
131076 1176
131077 1104
131078 747
131079 1249
131080 1178
131081 1248
131082 1249
131083 1537
131084 1325
131085 1249
131086 1249
131087 1249
131088 1106
131089 1537
131090 1393
131091 1323
131092 1177
131093 1248
131094 1177
131095 1176
131096 1176
131097 1247
131098 1245
131099 1177
131100 1177
131101 1177
131102 1322
131103 1322
196608 824
196609 823
196610 823
196611 822
196612 1110
196613 1106
196614 1248
196615 1177
196616 1177
196617 1249
196618 1249
196619 1608
196620 1030
196621 1029
196622 1248
196623 1248
196624 1106
196625 1248
196626 1177
196627 1248
196628 1321
196629 1321
196630 1177
196631 1177
196632 1247
196633 1321
196634 1321
196635 1321
196636 1322
196637 1177
196638 1177
196639 1321
262144 748
262145 1249
262146 1177
262147 1178
262148 1177
262149 1177
262150 1178
262151 1248
262152 1177
262153 1177
262154 1177
262155 1248
262156 1249
262157 1181
262158 1322
262159 1323
262160 1248
262161 1248
262162 1248
262163 1105
262164 1248
262165 1104
262166 811
262167 239
262168 239
262169 239
262170 239
262171 239
262172 239
262173 239
262174 239
262175 239
kernel_count 23379
