0 1254
1 1248
2 1247
3 1177
4 1248
5 1177
6 1322
7 1248
8 1322
9 1106
10 1176
11 1247
12 1248
13 1177
14 1106
15 1247
16 1247
17 1248
18 1248
19 1248
20 1248
21 1177
22 1248
23 1248
24 1247
25 1248
26 1248
27 1177
28 1322
29 1248
30 1248
31 1250
65536 747
65537 1249
65538 1249
65539 1177
65540 1249
65541 1248
65542 1176
65543 1249
65544 1106
65545 1106
65546 1249
65547 1249
65548 1249
65549 1177
65550 1177
65551 1249
65552 1249
65553 1249
65554 1249
65555 1464
65556 1464
65557 1176
65558 1033
65559 1105
65560 1176
65561 1247
65562 1247
65563 1176
65564 1247
65565 1247
65566 1105
65567 1247
131072 1182
131073 1394
131074 1247
131075 1247
131076 1247
131077 1247
131078 1246
131079 1247
131080 1247
131081 1247
131082 1247
131083 1247
131084 1176
131085 1176
131086 1176
131087 1247
131088 1247
131089 1176
131090 1247
131091 1247
131092 1176
131093 1247
131094 1247
131095 1246
131096 1247
131097 1247
131098 1247
131099 1246
131100 1247
131101 1176
131102 1247
131103 1247
196608 748
196609 1247
196610 890
196611 1246
196612 1247
196613 1176
196614 1176
196615 1175
196616 1175
196617 1246
196618 1247
196619 1247
196620 1105
196621 1246
196622 1247
196623 1176
196624 1247
196625 1247
196626 1176
196627 1246
196628 1176
196629 1247
196630 1030
196631 1030
196632 1105
196633 1246
196634 1245
196635 1246
196636 1246
196637 1247
196638 1247
196639 1247
262144 1254
262145 1248
262146 1105
262147 1248
262148 1248
262149 1248
262150 1248
262151 1322
262152 1393
262153 1245
262154 1247
262155 1177
262156 1177
262157 1105
262158 1030
262159 1177
262160 1106
262161 963
262162 1321
262163 1321
262164 1323
262165 1246
262166 1246
262167 1247
262168 1177
262169 1177
262170 1106
262171 1392
262172 1175
262173 1175
262174 1105
262175 1247
327680 966
327681 1177
327682 1177
327683 1177
327684 1322
327685 1247
327686 1247
327687 1246
327688 1175
327689 1247
327690 891
327691 1247
327692 1105
327693 1247
327694 1247
327695 962
327696 1247
327697 1247
327698 1247
327699 1247
327700 1246
327701 1247
327702 1247
327703 1247
327704 1247
327705 1246
327706 1247
327707 1247
327708 1246
327709 1174
327710 1175
327711 1175
393216 1182
393217 1249
393218 1176
393219 1177
393220 1249
393221 1609
393222 1177
393223 1248
393224 1248
393225 1105
393226 1323
393227 1177
393228 1248
393229 1176
393230 1177
393231 1177
393232 1176
393233 1177
393234 1177
393235 1247
393236 1248
393237 1183
393238 1177
393239 1248
393240 1177
393241 1322
393242 1321
393243 1105
393244 1247
393245 1176
393246 1176
393247 1247
458752 1182
458753 1249
458754 1249
458755 1541
458756 1395
458757 1177
458758 1177
458759 1247
458760 1247
458761 1247
458762 1248
458763 1251
458764 1106
458765 1106
458766 1248
458767 1248
458768 1323
458769 1106
458770 1248
458771 1248
458772 1105
458773 1105
458774 1106
458775 1248
458776 1106
458777 1248
458778 1248
458779 1177
458780 1392
458781 1175
458782 1246
458783 1247
524288 1254
524289 1248
524290 1464
524291 1248
524292 1464
524293 1248
524294 1248
524295 1248
524296 1177
524297 1323
524298 1322
524299 1106
524300 1247
524301 1248
524302 1248
524303 1247
524304 1248
524305 1248
524306 1248
524307 1247
524308 1248
524309 1177
524310 1248
524311 1248
524312 1248
524313 1248
524314 1392
524315 1392
524316 1392
524317 1392
524318 1392
524319 1247
589824 1181
589825 1177
589826 1248
589827 1248
589828 1175
589829 1248
589830 1249
589831 239
589832 239
589833 239
589834 239
589835 239
589836 239
589837 239
589838 239
589839 239
589840 239
589841 239
589842 239
589843 239
589844 239
589845 239
589846 239
589847 239
589848 239
589849 239
589850 239
589851 239
589852 239
589853 239
589854 239
589855 239
kernel_count 47627
