0 1254
1 1249
2 1249
3 1248
4 1251
5 1252
6 1464
7 1249
8 1249
9 1177
10 890
11 1034
12 1249
13 1248
14 1177
15 1249
16 1176
17 1248
18 1249
19 1030
20 1030
21 1249
22 1249
23 1249
24 1249
25 1176
26 1249
27 1251
28 1252
29 1463
30 1247
31 1246
65536 748
65537 1248
65538 1248
65539 1177
65540 1106
65541 1247
65542 1248
65543 1248
65544 1247
65545 1106
65546 1106
65547 1247
65548 1247
65549 1248
65550 1035
65551 1035
65552 1177
65553 1322
65554 1322
65555 1322
65556 1322
65557 1322
65558 1248
65559 1322
65560 890
65561 1247
65562 1246
65563 1176
65564 1247
65565 1176
65566 1245
65567 1245
131072 1182
131073 1105
131074 1247
131075 1247
131076 1247
131077 1176
131078 1247
131079 1247
131080 1246
131081 1174
131082 1246
131083 1247
131084 1247
131085 1246
131086 1246
131087 1247
131088 1176
131089 1175
131090 1176
131091 1247
131092 1247
131093 1247
131094 1247
131095 1247
131096 1247
131097 1247
131098 1246
131099 1245
131100 1247
131101 1246
131102 1247
131103 1247
196608 1109
196609 1247
196610 1033
196611 1246
196612 1176
196613 1176
196614 1247
196615 1247
196616 1247
196617 1175
196618 1104
196619 1247
196620 1029
196621 1105
196622 1247
196623 1030
196624 1245
196625 1246
196626 1247
196627 1247
196628 1247
196629 1176
196630 1247
196631 1247
196632 1247
196633 1029
196634 1245
196635 1245
196636 1245
196637 1245
196638 1244
196639 1244
262144 747
262145 1248
262146 1247
262147 1248
262148 1247
262149 1248
262150 1248
262151 1248
262152 1248
262153 1249
262154 1247
262155 1248
262156 1177
262157 1177
262158 1322
262159 1106
262160 1322
262161 1247
262162 1246
262163 1176
262164 1175
262165 1175
262166 1177
262167 1177
262168 1248
262169 1322
262170 1248
262171 1106
262172 1251
262173 1247
262174 1104
262175 1175
327680 1254
327681 1247
327682 1247
327683 1176
327684 1246
327685 1247
327686 1247
327687 1247
327688 1247
327689 1247
327690 1104
327691 1247
327692 1176
327693 1176
327694 1247
327695 1104
327696 1247
327697 1176
327698 1176
327699 1247
327700 1104
327701 1247
327702 1176
327703 1176
327704 1105
327705 1175
327706 1247
327707 1104
327708 1246
327709 1246
327710 1247
327711 1247
393216 1254
393217 1249
393218 1177
393219 1325
393220 1398
393221 1393
393222 1249
393223 1177
393224 1393
393225 1249
393226 1393
393227 1248
393228 1176
393229 1176
393230 1105
393231 1249
393232 1321
393233 1177
393234 1249
393235 1176
393236 1248
393237 1177
393238 1177
393239 1249
393240 1464
393241 1176
393242 1176
393243 1176
393244 1175
393245 1247
393246 1247
393247 1247
458752 1110
458753 1035
458754 1325
458755 1325
458756 1325
458757 1249
458758 1249
458759 1398
458760 1105
458761 1248
458762 1249
458763 1177
458764 1177
458765 1106
458766 1106
458767 1106
458768 1249
458769 1030
458770 1463
458771 1463
458772 1176
458773 1246
458774 1175
458775 1246
458776 1246
458777 1175
458778 1246
458779 1246
458780 1246
458781 1246
458782 1247
458783 1246
524288 1254
524289 1030
524290 1247
524291 1248
524292 1248
524293 1248
524294 1106
524295 1177
524296 1248
524297 1323
524298 1394
524299 1394
524300 1177
524301 1248
524302 1323
524303 1394
524304 1394
524305 1106
524306 1106
524307 1394
524308 1392
524309 1247
524310 1247
524311 1246
524312 1247
524313 1175
524314 1247
524315 1176
524316 1247
524317 1247
524318 1175
524319 1103
589824 1254
589825 1249
589826 1249
589827 1178
589828 1323
589829 887
589830 239
589831 239
589832 239
589833 239
589834 239
589835 239
589836 239
589837 239
589838 239
589839 239
589840 239
589841 239
589842 239
589843 239
589844 239
589845 239
589846 239
589847 239
589848 239
589849 239
589850 239
589851 239
589852 239
589853 239
589854 239
589855 239
kernel_count 47365
