0 1182
1 1178
2 1178
3 1249
4 1393
5 1249
6 1249
7 1249
8 1249
9 1106
10 1249
11 1177
12 1249
13 1249
14 1030
15 1178
16 1249
17 1177
18 1032
19 1249
20 1249
21 1249
22 1030
23 1249
24 1249
25 1177
26 1249
27 1463
28 1176
29 1247
30 1246
31 1175
65536 672
65537 1030
65538 1249
65539 1249
65540 1249
65541 1249
65542 1253
65543 1249
65544 1249
65545 1249
65546 1466
65547 1396
65548 1247
65549 1105
65550 1175
65551 1247
65552 1030
65553 1247
65554 1176
65555 1030
65556 1176
65557 1246
65558 1247
65559 1247
65560 1247
65561 1176
65562 1176
65563 1176
65564 1105
65565 1247
65566 1247
65567 1247
131072 1182
131073 1175
131074 1248
131075 1248
131076 1248
131077 1177
131078 1247
131079 1248
131080 1248
131081 1177
131082 1247
131083 1248
131084 1248
131085 1177
131086 1247
131087 1248
131088 1247
131089 1247
131090 1177
131091 1177
131092 1177
131093 1177
131094 1391
131095 1392
131096 1248
131097 1392
131098 1247
131099 1247
131100 1246
131101 1247
131102 1032
131103 1175
196608 1253
196609 1249
196610 1248
196611 1177
196612 1249
196613 1249
196614 1178
196615 1249
196616 1248
196617 1177
196618 1324
196619 1178
196620 1249
196621 1249
196622 1248
196623 1252
196624 1248
196625 1464
196626 1246
196627 1247
196628 1030
196629 1246
196630 1176
196631 1247
196632 1247
196633 1246
196634 1246
196635 1247
196636 1247
196637 1247
196638 1245
196639 1245
262144 748
262145 747
262146 1177
262147 1248
262148 1246
262149 1247
262150 1248
262151 1246
262152 1247
262153 1248
262154 1248
262155 1177
262156 1177
262157 1248
262158 1177
262159 1106
262160 1248
262161 1177
262162 1248
262163 1323
262164 1248
262165 1322
262166 1393
262167 1393
262168 1321
262169 1030
262170 1176
262171 1176
262172 1176
262173 1246
262174 1246
262175 1247
327680 746
327681 1104
327682 1247
327683 1249
327684 1249
327685 1324
327686 1323
327687 1247
327688 1248
327689 1248
327690 1176
327691 1247
327692 1246
327693 1247
327694 1176
327695 1177
327696 1177
327697 1176
327698 1177
327699 1465
327700 1392
327701 1035
327702 1177
327703 1247
327704 1248
327705 1325
327706 1247
327707 1105
327708 1175
327709 1176
327710 1246
327711 1247
393216 1254
393217 1176
393218 1106
393219 1248
393220 1030
393221 1030
393222 1106
393223 1177
393224 1538
393225 1177
393226 1538
393227 1176
393228 1247
393229 1248
393230 1248
393231 1248
393232 1177
393233 1177
393234 1180
393235 1180
393236 1176
393237 1176
393238 1105
393239 1105
393240 1105
393241 1247
393242 1247
393243 1176
393244 1176
393245 1246
393246 1246
393247 1247
458752 1254
458753 1249
458754 1248
458755 1249
458756 1248
458757 1106
458758 1177
458759 1248
458760 1106
458761 1177
458762 1465
458763 1248
458764 1394
458765 1106
458766 1466
458767 1177
458768 1248
458769 1177
458770 1248
458771 1177
458772 1248
458773 1248
458774 1177
458775 1392
458776 1392
458777 1246
458778 1105
458779 1246
458780 1247
458781 1247
458782 1247
458783 1247
524288 1109
524289 1248
524290 1248
524291 1177
524292 1248
524293 1248
524294 1177
524295 1248
524296 1248
524297 1248
524298 1106
524299 1106
524300 1248
524301 1248
524302 1176
524303 1176
524304 1173
524305 239
524306 239
524307 239
524308 239
524309 239
524310 239
524311 239
524312 239
524313 239
524314 239
524315 239
524316 239
524317 239
524318 239
524319 239
kernel_count 43763
