0 1254
1 1177
2 1249
3 1680
4 1249
5 1249
6 1249
7 1249
8 1177
9 1249
10 1680
11 1249
12 1249
13 1249
14 1030
15 1249
16 1249
17 1177
18 1680
19 1248
20 1249
21 1248
22 1249
23 1394
24 1249
25 1250
26 1250
27 1394
28 1175
29 1246
30 1247
31 1175
65536 1182
65537 1176
65538 1176
65539 1105
65540 1247
65541 1247
65542 1247
65543 1247
65544 1176
65545 1247
65546 1247
65547 1176
65548 1176
65549 1247
65550 1247
65551 1247
65552 1247
65553 1247
65554 1247
65555 1247
65556 1176
65557 1176
65558 1247
65559 1246
65560 1246
65561 1246
65562 1246
65563 1175
65564 1105
65565 1105
65566 1176
65567 1247
131072 1182
131073 1177
131074 1247
131075 1248
131076 1247
131077 1177
131078 1247
131079 1248
131080 1248
131081 1248
131082 1321
131083 1247
131084 1247
131085 1247
131086 1246
131087 1247
131088 1247
131089 1030
131090 1176
131091 1176
131092 1246
131093 1247
131094 1247
131095 1246
131096 1176
131097 1247
131098 1175
131099 1105
131100 1247
131101 1246
131102 1245
131103 1246
196608 1253
196609 1247
196610 1248
196611 1248
196612 1248
196613 1248
196614 1247
196615 1248
196616 1247
196617 1248
196618 1248
196619 1247
196620 1248
196621 1248
196622 1177
196623 1248
196624 1248
196625 1177
196626 1248
196627 1248
196628 1248
196629 1248
196630 1248
196631 1248
196632 1321
196633 1247
196634 1245
196635 1247
196636 1174
196637 1103
196638 1175
196639 1103
262144 1254
262145 1034
262146 1105
262147 1103
262148 1106
262149 1247
262150 1174
262151 1176
262152 1175
262153 1104
262154 1248
262155 1247
262156 1248
262157 1391
262158 1247
262159 1247
262160 1247
262161 1176
262162 1247
262163 1246
262164 1247
262165 1029
262166 1246
262167 1246
262168 1246
262169 1247
262170 1247
262171 1175
262172 1247
262173 1175
262174 1247
262175 1247
327680 1253
327681 1248
327682 1393
327683 1248
327684 1248
327685 1393
327686 1248
327687 1248
327688 1393
327689 1248
327690 1248
327691 1248
327692 1246
327693 1247
327694 1322
327695 1321
327696 1247
327697 1320
327698 1246
327699 1248
327700 1248
327701 1247
327702 1248
327703 1248
327704 1247
327705 1248
327706 1176
327707 1176
327708 1248
327709 1176
327710 1322
327711 1321
393216 1254
393217 1249
393218 1177
393219 1177
393220 1249
393221 1177
393222 1248
393223 1176
393224 1177
393225 1249
393226 1249
393227 1249
393228 1177
393229 1249
393230 1177
393231 1249
393232 1177
393233 1249
393234 1395
393235 1177
393236 1106
393237 1395
393238 1467
393239 1176
393240 1176
393241 1176
393242 1247
393243 1176
393244 1247
393245 1175
393246 1247
393247 1247
458752 748
458753 1176
458754 1106
458755 1177
458756 1106
458757 1248
458758 1106
458759 1393
458760 1248
458761 1322
458762 1248
458763 1248
458764 1246
458765 1248
458766 1247
458767 1322
458768 1176
458769 1247
458770 1247
458771 1247
458772 1247
458773 1247
458774 1247
458775 1247
458776 1247
458777 1174
458778 1247
458779 1247
458780 1247
458781 1246
458782 1175
458783 1103
524288 1182
524289 1248
524290 1248
524291 1176
524292 1249
524293 1248
524294 1249
524295 1249
524296 1249
524297 1249
524298 1177
524299 1178
524300 1249
524301 1248
524302 1177
524303 1249
524304 1177
524305 1249
524306 1248
524307 1247
524308 1249
524309 1178
524310 1249
524311 1463
524312 1248
524313 1463
524314 1463
524315 1247
524316 1247
524317 1247
524318 1245
524319 1245
589824 1254
589825 1248
589826 1106
589827 1248
589828 1248
589829 1248
589830 1248
589831 1248
589832 1248
589833 1176
589834 1176
589835 1105
589836 1033
589837 239
589838 239
589839 239
589840 239
589841 239
589842 239
589843 239
589844 239
589845 239
589846 239
589847 239
589848 239
589849 239
589850 239
589851 239
589852 239
589853 239
589854 239
589855 239
kernel_count 48877
