0 1180
1 1175
2 1177
3 1177
4 1248
5 1246
6 1248
7 1246
8 1248
9 1322
10 1248
11 1322
12 1322
13 1322
14 1247
15 1322
16 1322
17 1248
18 1322
19 1322
20 1247
21 1322
22 1322
23 1248
24 1322
25 1322
26 1248
27 1322
28 1322
29 1322
30 1322
31 1173
65536 1253
65537 1248
65538 1248
65539 1246
65540 1248
65541 1247
65542 1248
65543 1176
65544 1248
65545 1176
65546 1248
65547 1177
65548 1177
65549 1248
65550 1248
65551 1247
65552 1248
65553 1248
65554 1248
65555 1177
65556 1248
65557 1248
65558 1248
65559 1106
65560 1323
65561 1248
65562 1248
65563 1325
65564 1396
65565 1176
65566 1247
65567 1246
131072 747
131073 1248
131074 1176
131075 1030
131076 1177
131077 1248
131078 1177
131079 1248
131080 1248
131081 1248
131082 1248
131083 1247
131084 1247
131085 1248
131086 1247
131087 1392
131088 1246
131089 1175
131090 1246
131091 1246
131092 1104
131093 1247
131094 1247
131095 1247
131096 1247
131097 1247
131098 1247
131099 1104
131100 1105
131101 1247
131102 1030
131103 1245
196608 1253
196609 1249
196610 1106
196611 1178
196612 1106
196613 1178
196614 1464
196615 1247
196616 1247
196617 1175
196618 1247
196619 1247
196620 1247
196621 1247
196622 1176
196623 1175
196624 1247
196625 1247
196626 1247
196627 1247
196628 1247
196629 1176
196630 1247
196631 1247
196632 1247
196633 1247
196634 1247
196635 1247
196636 1247
196637 1176
196638 1247
196639 1175
262144 1254
262145 1247
262146 1247
262147 1247
262148 1247
262149 1247
262150 1247
262151 1248
262152 1247
262153 1247
262154 1248
262155 1177
262156 1248
262157 1248
262158 1176
262159 1248
262160 1248
262161 1323
262162 1248
262163 1248
262164 1323
262165 1323
262166 1248
262167 1250
262168 1393
262169 1322
262170 1322
262171 1106
262172 1322
262173 1106
262174 1322
262175 1174
327680 1254
327681 1248
327682 1249
327683 1176
327684 1176
327685 1249
327686 1104
327687 1176
327688 1324
327689 1254
327690 1247
327691 1176
327692 1105
327693 1249
327694 1106
327695 1177
327696 1248
327697 1248
327698 1175
327699 1677
327700 1177
327701 1678
327702 1246
327703 1175
327704 1176
327705 1174
327706 1247
327707 1176
327708 1175
327709 1176
327710 1247
327711 1247
393216 1109
393217 1398
393218 1177
393219 1398
393220 1248
393221 1248
393222 1177
393223 1248
393224 1175
393225 1104
393226 1033
393227 1033
393228 1104
393229 1104
393230 1246
393231 1247
393232 1247
393233 1247
393234 1247
393235 1392
393236 1175
393237 1033
393238 1033
393239 1104
393240 1104
393241 1105
393242 1537
393243 1536
393244 1106
393245 1246
393246 1248
393247 1249
458752 1036
458753 1106
458754 1105
458755 1178
458756 1106
458757 1177
458758 1178
458759 1177
458760 1178
458761 1177
458762 1248
458763 1399
458764 1543
458765 1249
458766 1106
458767 1395
458768 1248
458769 1249
458770 1249
458771 1395
458772 1177
458773 1248
458774 1247
458775 1177
458776 1105
458777 1248
458778 1176
458779 1176
458780 1176
458781 1248
458782 1247
458783 1538
524288 1480
524289 1250
524290 1250
524291 1396
524292 1106
524293 1250
524294 1250
524295 1107
524296 1107
524297 1178
524298 1249
524299 1178
524300 1178
524301 1465
524302 1107
524303 1250
524304 1250
524305 1179
524306 1250
524307 1250
524308 1465
524309 1391
524310 1391
524311 1029
524312 239
524313 239
524314 239
524315 239
524316 239
524317 239
524318 239
524319 239
kernel_count 45430
