0 1254
1 1247
2 1105
3 1247
4 1247
5 1247
6 1247
7 1247
8 1247
9 1247
10 1105
11 1247
12 1247
13 1247
14 1247
15 1247
16 1246
17 1247
18 1105
19 1247
20 1247
21 1247
22 1247
23 1247
24 1246
25 1247
26 1247
27 1105
28 1247
29 1247
30 1246
31 1247
65536 748
65537 1177
65538 1246
65539 1248
65540 1176
65541 1248
65542 1248
65543 1106
65544 1177
65545 1177
65546 1030
65547 1249
65548 1248
65549 1249
65550 1249
65551 1248
65552 1249
65553 1249
65554 1249
65555 1248
65556 1249
65557 1249
65558 1177
65559 1248
65560 1393
65561 1394
65562 1176
65563 1247
65564 1246
65565 1176
65566 1247
65567 1246
131072 1038
131073 1466
131074 1680
131075 1176
131076 519
131077 1030
131078 1247
131079 1247
131080 1248
131081 1248
131082 1248
131083 1247
131084 1248
131085 1248
131086 1177
131087 1247
131088 1248
131089 1177
131090 1396
131091 1177
131092 1248
131093 1248
131094 1177
131095 1177
131096 1176
131097 1247
131098 1248
131099 1248
131100 1177
131101 1029
131102 1251
131103 1175
196608 1253
196609 1248
196610 1249
196611 1465
196612 1030
196613 1248
196614 1248
196615 1176
196616 1176
196617 1247
196618 1248
196619 1106
196620 1106
196621 1177
196622 1177
196623 1251
196624 1323
196625 1248
196626 1252
196627 1248
196628 1248
196629 1176
196630 1177
196631 1106
196632 1177
196633 1176
196634 1177
196635 1248
196636 1248
196637 1392
196638 1392
196639 1392
262144 824
262145 822
262146 1252
262147 1248
262148 1248
262149 1248
262150 1247
262151 1105
262152 1105
262153 1248
262154 1248
262155 1247
262156 1105
262157 1176
262158 1106
262159 1106
262160 1106
262161 1248
262162 1177
262163 1248
262164 1247
262165 1177
262166 1247
262167 1247
262168 1247
262169 1248
262170 1248
262171 1392
262172 1105
262173 1247
262174 1247
262175 1175
327680 1110
327681 1247
327682 1176
327683 1177
327684 1177
327685 1177
327686 1177
327687 1248
327688 1177
327689 1030
327690 1030
327691 1248
327692 1246
327693 1248
327694 1247
327695 1247
327696 1247
327697 1248
327698 1247
327699 1325
327700 1177
327701 1176
327702 1177
327703 1322
327704 1176
327705 1322
327706 1246
327707 1246
327708 1176
327709 1246
327710 1246
327711 1246
393216 1110
393217 1251
393218 1105
393219 1105
393220 1105
393221 1105
393222 1248
393223 1249
393224 1176
393225 1177
393226 1177
393227 1249
393228 1248
393229 1175
393230 1177
393231 1177
393232 1177
393233 1177
393234 1177
393235 1177
393236 1177
393237 1248
393238 1249
393239 1324
393240 1249
393241 1324
393242 1176
393243 1249
393244 1249
393245 1248
393246 1464
393247 1175
458752 1182
458753 746
458754 1176
458755 1176
458756 1249
458757 1249
458758 1248
458759 1249
458760 1248
458761 1248
458762 1248
458763 1248
458764 1177
458765 1177
458766 1249
458767 1249
458768 1249
458769 1396
458770 1248
458771 1541
458772 1247
458773 1247
458774 1247
458775 1175
458776 1246
458777 1247
458778 1247
458779 1247
458780 1176
458781 1246
458782 1246
458783 959
524288 894
524289 1249
524290 1249
524291 1176
524292 1249
524293 1249
524294 1177
524295 1177
524296 1248
524297 1249
524298 1247
524299 1247
524300 1248
524301 1249
524302 1464
524303 1249
524304 1177
524305 1324
524306 1323
524307 1248
524308 1249
524309 1464
524310 1248
524311 1177
524312 1248
524313 1248
524314 1322
524315 1246
524316 1176
524317 1247
524318 1246
524319 1247
589824 1110
589825 1248
589826 1246
589827 1248
589828 1248
589829 1247
589830 1246
589831 1105
589832 1177
589833 1106
589834 1247
589835 1248
589836 1248
589837 1247
589838 1177
589839 1248
589840 1248
589841 1030
589842 239
589843 239
589844 239
589845 239
589846 239
589847 239
589848 239
589849 239
589850 239
589851 239
589852 239
589853 239
589854 239
589855 239
kernel_count 48941
