0 1109
1 1177
2 1177
3 1323
4 1176
5 1323
6 1322
7 1248
8 1248
9 1252
10 1248
11 1321
12 1248
13 1248
14 1248
15 1248
16 1106
17 1247
18 1248
19 1247
20 1248
21 1248
22 1252
23 1392
24 1247
25 1392
26 1176
27 1176
28 1176
29 1247
30 1247
31 1175
65536 748
65537 1248
65538 1249
65539 1248
65540 1248
65541 1249
65542 1106
65543 1249
65544 1249
65545 1248
65546 1249
65547 1106
65548 1248
65549 1249
65550 1106
65551 1249
65552 1248
65553 1249
65554 1106
65555 1249
65556 1106
65557 1106
65558 1105
65559 1393
65560 1249
65561 1248
65562 1464
65563 1249
65564 1464
65565 1464
65566 1249
65567 1464
131072 824
131073 1177
131074 1249
131075 1106
131076 1249
131077 1176
131078 1176
131079 1176
131080 1106
131081 1106
131082 1249
131083 1249
131084 1324
131085 1324
131086 1177
131087 1249
131088 1249
131089 1178
131090 1249
131091 1248
131092 1394
131093 1106
131094 1105
131095 1248
131096 1247
131097 1248
131098 1177
131099 1396
131100 1247
131101 1030
131102 671
131103 1175
196608 1182
196609 1177
196610 1177
196611 1177
196612 1248
196613 1248
196614 1248
196615 1247
196616 1248
196617 1247
196618 1247
196619 1248
196620 1248
196621 1248
196622 1248
196623 1248
196624 1247
196625 1248
196626 1248
196627 1248
196628 1248
196629 1248
196630 1247
196631 1248
196632 1248
196633 1106
196634 1248
196635 1104
196636 1390
196637 1390
196638 1390
196639 1390
262144 1618
262145 747
262146 747
262147 747
262148 1325
262149 1106
262150 1177
262151 1176
262152 1253
262153 1249
262154 1396
262155 1177
262156 1176
262157 1177
262158 1249
262159 1178
262160 1249
262161 1177
262162 1249
262163 1251
262164 1177
262165 1464
262166 1463
262167 1463
262168 1176
262169 1105
262170 1105
262171 1105
262172 1105
262173 1246
262174 1104
262175 1175
327680 1108
327681 1248
327682 1105
327683 1106
327684 961
327685 962
327686 1106
327687 1248
327688 1249
327689 1249
327690 1177
327691 1177
327692 1177
327693 1178
327694 1248
327695 1249
327696 1177
327697 1177
327698 1177
327699 1395
327700 1395
327701 1177
327702 1248
327703 1176
327704 1321
327705 1248
327706 1248
327707 1248
327708 1248
327709 1248
327710 1247
327711 1320
393216 748
393217 746
393218 746
393219 746
393220 746
393221 1033
393222 1247
393223 1247
393224 1247
393225 1247
393226 1176
393227 1176
393228 1247
393229 1247
393230 1246
393231 1175
393232 1247
393233 1247
393234 1247
393235 1247
393236 1246
393237 1247
393238 1175
393239 1247
393240 1247
393241 1247
393242 1105
393243 1247
393244 1105
393245 1247
393246 1247
393247 1247
458752 1401
458753 1395
458754 1248
458755 1249
458756 1249
458757 1398
458758 1464
458759 1249
458760 1249
458761 1106
458762 1177
458763 1248
458764 958
458765 1106
458766 1248
458767 1177
458768 1249
458769 1249
458770 1249
458771 1249
458772 1249
458773 1106
458774 1249
458775 1463
458776 1246
458777 1104
458778 1247
458779 1247
458780 1246
458781 1105
458782 1032
458783 1246
524288 1330
524289 1109
524290 1252
524291 1176
524292 1176
524293 1322
524294 1104
524295 1104
524296 1034
524297 1105
524298 1248
524299 1177
524300 1177
524301 1248
524302 1177
524303 1177
524304 1248
524305 1177
524306 1106
524307 1177
524308 1176
524309 1248
524310 1248
524311 1248
524312 1248
524313 1248
524314 1248
524315 1323
524316 1247
524317 1392
524318 1175
524319 1247
589824 1109
589825 1177
589826 1248
589827 1248
589828 1323
589829 1248
589830 1248
589831 1248
589832 1248
589833 1106
589834 1248
589835 1248
589836 1248
589837 1248
589838 1247
589839 1248
589840 1248
589841 1251
589842 1248
589843 1106
589844 1248
589845 1106
589846 1176
589847 1105
589848 1248
589849 1175
589850 1175
589851 1177
589852 1393
589853 1251
589854 1247
589855 1103
655360 1254
655361 1106
655362 1249
655363 1253
655364 1249
655365 1106
655366 1176
655367 1249
655368 1176
655369 1030
655370 1395
655371 1249
655372 1249
655373 1249
655374 1177
655375 1177
655376 1394
655377 1248
655378 1106
655379 1248
655380 1248
655381 1248
655382 1248
655383 1248
655384 1248
655385 1248
655386 1247
655387 1248
655388 1248
655389 1248
655390 1539
655391 1247
720896 747
720897 747
720898 747
720899 1248
720900 1177
720901 1106
720902 1176
720903 1177
720904 1105
720905 1176
720906 1248
720907 1248
720908 1248
720909 1173
720910 239
720911 239
720912 239
720913 239
720914 239
720915 239
720916 239
720917 239
720918 239
720919 239
720920 239
720921 239
720922 239
720923 239
720924 239
720925 239
720926 239
720927 239
kernel_count 58285
