0 1254
1 1176
2 1248
3 1392
4 1176
5 1177
6 1246
7 1248
8 1248
9 1321
10 1246
11 1247
12 1247
13 1247
14 1247
15 1176
16 1030
17 1246
18 962
19 1247
20 1247
21 1105
22 1105
23 1247
24 1105
25 1176
26 1176
27 1176
28 1247
29 1247
30 1247
31 1175
65536 1182
65537 1248
65538 1248
65539 1248
65540 1248
65541 1322
65542 1248
65543 1248
65544 1323
65545 1248
65546 1247
65547 1247
65548 1247
65549 1248
65550 1248
65551 1248
65552 1248
65553 1248
65554 1323
65555 1248
65556 1248
65557 1323
65558 1248
65559 1246
65560 1248
65561 1248
65562 1248
65563 1177
65564 1392
65565 1247
65566 1173
65567 1103
131072 1182
131073 1177
131074 1248
131075 1106
131076 1248
131077 1248
131078 1248
131079 1248
131080 1248
131081 1177
131082 1248
131083 1248
131084 1254
131085 1396
131086 1396
131087 1396
131088 1248
131089 1248
131090 1248
131091 1248
131092 1177
131093 1396
131094 1106
131095 1396
131096 1248
131097 1248
131098 1176
131099 1248
131100 1322
131101 1247
131102 1247
131103 1174
196608 1182
196609 1177
196610 1247
196611 1247
196612 1248
196613 1247
196614 1177
196615 1177
196616 1177
196617 1248
196618 1247
196619 1177
196620 1248
196621 1176
196622 1248
196623 1248
196624 1247
196625 1177
196626 1248
196627 1248
196628 1247
196629 1177
196630 1248
196631 1247
196632 1321
196633 1321
196634 1248
196635 1248
196636 1247
196637 1321
196638 1247
196639 1322
262144 1254
262145 1106
262146 1248
262147 1248
262148 1248
262149 1177
262150 1248
262151 1248
262152 1248
262153 1248
262154 1248
262155 1248
262156 1248
262157 1393
262158 1394
262159 1394
262160 1394
262161 1106
262162 1177
262163 1247
262164 1248
262165 1248
262166 1248
262167 1248
262168 1030
262169 1248
262170 1248
262171 1247
262172 1248
262173 1323
262174 1466
262175 1466
327680 1110
327681 1248
327682 1248
327683 1248
327684 1248
327685 1248
327686 1248
327687 1248
327688 1248
327689 1247
327690 1248
327691 1248
327692 1248
327693 1248
327694 1248
327695 1248
327696 1248
327697 1248
327698 1177
327699 1177
327700 1248
327701 1177
327702 1325
327703 1176
327704 1247
327705 1176
327706 1105
327707 1105
327708 1175
327709 1247
327710 1247
327711 1175
393216 1253
393217 1177
393218 1248
393219 1176
393220 1106
393221 1030
393222 1248
393223 1393
393224 1248
393225 1248
393226 1248
393227 1248
393228 1323
393229 1248
393230 1248
393231 1247
393232 1248
393233 1247
393234 1248
393235 1323
393236 1177
393237 1323
393238 1030
393239 1177
393240 1393
393241 1248
393242 1248
393243 1248
393244 1248
393245 1320
393246 1246
393247 1320
458752 1252
458753 1247
458754 1177
458755 1177
458756 1248
458757 1177
458758 1394
458759 1177
458760 1106
458761 1248
458762 1247
458763 1247
458764 959
458765 1030
458766 1248
458767 1248
458768 959
458769 1248
458770 1247
458771 1248
458772 1247
458773 1247
458774 1180
458775 1247
458776 1247
458777 1252
458778 1177
458779 1248
458780 1177
458781 1466
458782 1248
458783 1320
524288 1181
524289 1324
524290 1248
524291 1249
524292 1249
524293 1249
524294 1176
524295 1246
524296 1249
524297 1249
524298 1249
524299 1176
524300 1249
524301 1177
524302 1176
524303 1177
524304 1249
524305 1248
524306 1249
524307 1248
524308 1249
524309 1177
524310 1249
524311 1034
524312 1249
524313 1249
524314 1249
524315 1177
524316 1324
524317 1249
524318 1463
524319 1175
589824 1474
589825 1177
589826 1248
589827 1249
589828 1249
589829 1249
589830 1249
589831 1249
589832 1248
589833 1249
589834 1249
589835 1248
589836 1252
589837 1249
589838 1178
589839 1176
589840 1249
589841 1248
589842 1248
589843 1248
589844 1176
589845 1611
589846 1680
589847 1177
589848 1681
589849 1322
589850 1322
589851 1322
589852 1176
589853 1250
589854 1176
589855 1250
655360 1182
655361 1177
655362 1177
655363 1176
655364 1248
655365 1106
655366 1248
655367 1176
655368 1177
655369 1248
655370 1248
655371 1248
655372 1248
655373 1248
655374 1177
655375 1396
655376 1395
655377 1396
655378 1248
655379 1248
655380 1177
655381 1176
655382 963
655383 1177
655384 1248
655385 1322
655386 1323
655387 1391
655388 1247
655389 1247
655390 1104
655391 1175
720896 1110
720897 1324
720898 1252
720899 1177
720900 1249
720901 1249
720902 1247
720903 1177
720904 1177
720905 1465
720906 1249
720907 1395
720908 1395
720909 1395
720910 1393
720911 1177
720912 1248
720913 1393
720914 1248
720915 1393
720916 1251
720917 1106
720918 1247
720919 1176
720920 1177
720921 1248
720922 1322
720923 1246
720924 1029
720925 1104
720926 1104
720927 1173
786432 1182
786433 1249
786434 239
786435 239
786436 239
786437 239
786438 239
786439 239
786440 239
786441 239
786442 239
786443 239
786444 239
786445 239
786446 239
786447 239
786448 239
786449 239
786450 239
786451 239
786452 239
786453 239
786454 239
786455 239
786456 239
786457 239
786458 239
786459 239
786460 239
786461 239
786462 239
786463 239
kernel_count 63362
