0 1182
1 1176
2 1246
3 1247
4 1175
5 1247
6 1246
7 1247
8 1246
9 1247
10 1176
11 1105
12 1247
13 1247
14 1247
15 1175
16 1246
17 1247
18 1104
19 1246
20 1247
21 1176
22 1176
23 1246
24 1247
25 1175
26 1247
27 1247
28 1247
29 1246
30 1247
31 1175
65536 1182
65537 1247
65538 1391
65539 1175
65540 1176
65541 1246
65542 1105
65543 1176
65544 1246
65545 1246
65546 1246
65547 1246
65548 1246
65549 1246
65550 1245
65551 1246
65552 1245
65553 1246
65554 1246
65555 1246
65556 1246
65557 1245
65558 1246
65559 1247
65560 1175
65561 1245
65562 1176
65563 1247
65564 1246
65565 1247
65566 1247
65567 1247
131072 1254
131073 1176
131074 1248
131075 1249
131076 1249
131077 1033
131078 1105
131079 1248
131080 1176
131081 1177
131082 1249
131083 1607
131084 1247
131085 1247
131086 1247
131087 1175
131088 1176
131089 1175
131090 1175
131091 1247
131092 1247
131093 1246
131094 1247
131095 1247
131096 1176
131097 1247
131098 1175
131099 1175
131100 1176
131101 1105
131102 1247
131103 1247
196608 1182
196609 1176
196610 1247
196611 1247
196612 1248
196613 1249
196614 1249
196615 1249
196616 1248
196617 1249
196618 1177
196619 1177
196620 1177
196621 1177
196622 1249
196623 1249
196624 1249
196625 1249
196626 1106
196627 1176
196628 1248
196629 1176
196630 1464
196631 1464
196632 1248
196633 1248
196634 1248
196635 1248
196636 1392
196637 1247
196638 1247
196639 1175
262144 1254
262145 1248
262146 1248
262147 1248
262148 1176
262149 1248
262150 1248
262151 1248
262152 1248
262153 1248
262154 1248
262155 1248
262156 1177
262157 1177
262158 1248
262159 1248
262160 1177
262161 1177
262162 1248
262163 1248
262164 1105
262165 1176
262166 1177
262167 1177
262168 1176
262169 1176
262170 1176
262171 1176
262172 1391
262173 1393
262174 1248
262175 1322
327680 1328
327681 1176
327682 1105
327683 1105
327684 1105
327685 1176
327686 1175
327687 1249
327688 1249
327689 1468
327690 1175
327691 1105
327692 1249
327693 1249
327694 1249
327695 1249
327696 1249
327697 1249
327698 1393
327699 1396
327700 1249
327701 1612
327702 1393
327703 1248
327704 1248
327705 1177
327706 1177
327707 1397
327708 1030
327709 1105
327710 1246
327711 1175
393216 1037
393217 1105
393218 1247
393219 1175
393220 1246
393221 1030
393222 1105
393223 1175
393224 1247
393225 1246
393226 1246
393227 1105
393228 1030
393229 1247
393230 1105
393231 1247
393232 1175
393233 1176
393234 1175
393235 1176
393236 1176
393237 1175
393238 1176
393239 1176
393240 1176
393241 1105
393242 1105
393243 1247
393244 1176
393245 1247
393246 1246
393247 1175
458752 1254
458753 1106
458754 1248
458755 1177
458756 1106
458757 1465
458758 1249
458759 1106
458760 1464
458761 1248
458762 1248
458763 1030
458764 1030
458765 1248
458766 1030
458767 1106
458768 1106
458769 1248
458770 1248
458771 1106
458772 1251
458773 1393
458774 1248
458775 1177
458776 1251
458777 1248
458778 1392
458779 1104
458780 1175
458781 1175
458782 1175
458783 1028
524288 1034
524289 1248
524290 1030
524291 959
524292 1177
524293 1106
524294 1106
524295 1030
524296 1177
524297 1251
524298 1176
524299 1539
524300 1247
524301 1248
524302 1030
524303 1030
524304 1177
524305 1392
524306 1247
524307 1247
524308 1247
524309 1247
524310 1247
524311 1247
524312 1176
524313 1247
524314 1247
524315 1247
524316 1247
524317 1247
524318 1176
524319 1247
589824 1472
589825 1177
589826 1177
589827 1249
589828 1249
589829 1248
589830 1249
589831 1177
589832 1463
589833 1463
589834 1177
589835 1248
589836 1177
589837 1106
589838 1106
589839 1249
589840 1464
589841 1463
589842 1464
589843 1248
589844 1030
589845 1030
589846 1030
589847 1030
589848 1030
589849 1106
589850 1177
589851 1176
589852 1461
589853 1106
589854 1175
589855 1461
655360 1254
655361 1248
655362 1323
655363 1248
655364 1248
655365 1177
655366 1248
655367 1106
655368 1248
655369 1323
655370 1248
655371 1176
655372 1248
655373 1392
655374 1247
655375 1247
655376 1247
655377 1247
655378 1175
655379 1176
655380 1175
655381 1246
655382 1247
655383 1246
655384 1247
655385 1247
655386 1246
655387 1030
655388 1247
655389 1175
655390 1175
655391 1103
720896 748
720897 1106
720898 1394
720899 1395
720900 1249
720901 1177
720902 1326
720903 1468
720904 1249
720905 1249
720906 1107
720907 1177
720908 1176
720909 1031
720910 1178
720911 1249
720912 1249
720913 1253
720914 1393
720915 1249
720916 1029
720917 1175
720918 1250
720919 1104
720920 1177
720921 239
720922 239
720923 239
720924 239
720925 239
720926 239
720927 239
kernel_count 60063
