0 1182
1 1176
2 1246
3 1246
4 1245
5 1245
6 1245
7 1245
8 1247
9 1176
10 1247
11 1247
12 1176
13 1247
14 1247
15 1247
16 1247
17 1105
18 1105
19 1247
20 1247
21 1247
22 1247
23 1247
24 1247
25 1246
26 1247
27 1176
28 1247
29 1174
30 1175
31 1247
65536 1254
65537 1249
65538 1249
65539 1394
65540 1249
65541 1248
65542 1175
65543 1248
65544 1249
65545 1249
65546 1248
65547 1249
65548 1249
65549 1394
65550 1249
65551 1249
65552 1394
65553 1394
65554 1177
65555 1249
65556 1249
65557 1249
65558 1249
65559 1248
65560 1249
65561 1177
65562 1176
65563 1176
65564 1252
65565 1465
65566 1322
65567 1245
131072 1110
131073 1249
131074 1249
131075 1248
131076 1177
131077 1249
131078 1249
131079 1249
131080 1249
131081 1395
131082 1176
131083 1176
131084 1176
131085 1249
131086 1249
131087 1249
131088 1539
131089 1176
131090 1176
131091 1325
131092 1182
131093 1177
131094 1249
131095 1249
131096 1249
131097 1177
131098 1249
131099 1249
131100 1176
131101 1608
131102 1175
131103 1247
196608 1110
196609 1248
196610 1248
196611 1248
196612 1248
196613 1248
196614 1106
196615 1248
196616 1248
196617 1248
196618 1248
196619 1248
196620 1106
196621 1248
196622 1248
196623 1248
196624 1248
196625 1248
196626 1177
196627 1248
196628 1248
196629 1321
196630 1321
196631 1248
196632 1392
196633 1247
196634 1105
196635 1176
196636 1175
196637 1246
196638 1247
196639 1247
262144 1034
262145 1106
262146 1177
262147 1177
262148 1106
262149 1396
262150 1249
262151 1177
262152 1609
262153 1247
262154 1248
262155 1248
262156 1248
262157 1248
262158 1248
262159 1247
262160 1248
262161 1248
262162 1248
262163 1248
262164 1466
262165 1466
262166 1248
262167 1394
262168 1175
262169 1176
262170 1247
262171 1176
262172 1247
262173 1245
262174 1247
262175 1247
327680 1037
327681 1106
327682 1249
327683 1249
327684 1464
327685 1105
327686 1248
327687 1034
327688 1248
327689 1034
327690 1248
327691 1177
327692 1247
327693 1177
327694 1247
327695 1176
327696 1323
327697 1247
327698 1248
327699 1176
327700 1248
327701 1394
327702 1248
327703 1322
327704 1247
327705 1175
327706 1247
327707 1322
327708 1246
327709 1174
327710 1247
327711 1246
393216 748
393217 747
393218 747
393219 1106
393220 1177
393221 1248
393222 1248
393223 1248
393224 1248
393225 1248
393226 1249
393227 1177
393228 1249
393229 1177
393230 1177
393231 1249
393232 1395
393233 1395
393234 1395
393235 1106
393236 1177
393237 959
393238 1249
393239 1393
393240 1252
393241 1613
393242 1248
393243 1247
393244 1392
393245 1251
393246 1392
393247 1250
458752 1110
458753 1030
458754 1030
458755 1247
458756 1177
458757 1177
458758 1248
458759 1249
458760 1248
458761 1249
458762 1178
458763 1326
458764 1326
458765 1249
458766 1249
458767 1249
458768 1249
458769 1249
458770 1178
458771 1249
458772 1465
458773 1394
458774 1248
458775 1106
458776 1248
458777 1177
458778 1248
458779 1177
458780 1247
458781 1321
458782 1102
458783 1103
524288 748
524289 747
524290 747
524291 747
524292 1105
524293 1248
524294 1248
524295 1176
524296 1177
524297 1248
524298 1248
524299 1247
524300 1106
524301 1176
524302 1177
524303 1248
524304 1248
524305 1248
524306 1177
524307 1248
524308 1177
524309 1248
524310 1248
524311 1248
524312 1248
524313 1322
524314 1248
524315 1322
524316 1247
524317 1247
524318 1246
524319 1247
589824 966
589825 1106
589826 1247
589827 1248
589828 1248
589829 1247
589830 887
589831 239
589832 239
589833 239
589834 239
589835 239
589836 239
589837 239
589838 239
589839 239
589840 239
589841 239
589842 239
589843 239
589844 239
589845 239
589846 239
589847 239
589848 239
589849 239
589850 239
589851 239
589852 239
589853 239
589854 239
589855 239
kernel_count 47837
