0 1253
1 1248
2 1248
3 1247
4 1247
5 1177
6 1177
7 1247
8 1247
9 1176
10 1248
11 1247
12 1106
13 1106
14 1030
15 1248
16 1248
17 1175
18 1248
19 1248
20 1248
21 1177
22 1177
23 1177
24 1177
25 1248
26 1177
27 1177
28 1248
29 1246
30 1248
31 1177
65536 1182
65537 1175
65538 745
65539 1176
65540 1247
65541 1247
65542 1176
65543 1247
65544 1246
65545 1247
65546 1247
65547 1246
65548 1247
65549 1176
65550 1176
65551 1105
65552 1247
65553 1247
65554 1247
65555 1247
65556 1247
65557 1247
65558 1247
65559 1247
65560 1247
65561 1247
65562 1247
65563 1105
65564 1247
65565 1247
65566 1247
65567 1247
131072 1182
131073 1466
131074 1248
131075 1249
131076 1248
131077 1248
131078 1249
131079 1398
131080 1325
131081 1106
131082 1177
131083 1249
131084 1249
131085 1325
131086 1249
131087 1249
131088 1249
131089 1249
131090 1249
131091 1249
131092 1249
131093 1249
131094 1249
131095 1541
131096 1395
131097 1541
131098 1468
131099 1029
131100 1029
131101 1173
131102 1175
131103 1175
196608 1254
196609 1465
196610 1249
196611 1249
196612 1248
196613 1249
196614 1177
196615 1248
196616 1248
196617 1249
196618 1106
196619 1106
196620 1248
196621 1177
196622 1178
196623 1176
196624 1176
196625 1176
196626 1178
196627 1249
196628 1177
196629 1248
196630 1248
196631 1249
196632 1249
196633 1608
196634 1246
196635 1174
196636 1175
196637 1246
196638 1247
196639 1247
262144 1182
262145 1248
262146 1248
262147 1248
262148 1248
262149 1465
262150 1246
262151 1246
262152 1247
262153 1247
262154 1248
262155 1248
262156 1248
262157 1322
262158 1248
262159 1248
262160 1248
262161 1177
262162 1248
262163 1030
262164 1251
262165 1248
262166 1250
262167 1322
262168 1251
262169 1246
262170 1104
262171 1175
262172 1246
262173 1175
262174 1174
262175 1103
327680 1182
327681 1105
327682 1248
327683 1255
327684 1176
327685 1247
327686 1248
327687 1106
327688 1248
327689 1248
327690 1248
327691 1248
327692 1248
327693 1177
327694 1393
327695 1247
327696 1247
327697 1248
327698 1321
327699 1321
327700 1177
327701 1322
327702 1322
327703 1250
327704 1251
327705 1322
327706 1105
327707 1176
327708 1246
327709 1176
327710 1176
327711 1246
393216 1037
393217 747
393218 746
393219 1035
393220 1248
393221 1248
393222 1396
393223 1182
393224 1248
393225 1248
393226 1247
393227 1177
393228 1177
393229 1106
393230 1248
393231 1248
393232 1397
393233 1397
393234 1247
393235 1033
393236 1247
393237 1247
393238 1247
393239 1247
393240 1176
393241 1246
393242 1246
393243 1176
393244 1246
393245 1393
393246 1322
393247 1247
458752 1330
458753 1249
458754 1250
458755 1326
458756 1326
458757 1467
458758 1249
458759 1178
458760 1249
458761 1106
458762 1107
458763 1249
458764 1177
458765 1249
458766 1466
458767 1467
458768 1248
458769 1324
458770 1249
458771 1466
458772 1467
458773 1248
458774 1323
458775 1248
458776 1248
458777 1169
458778 239
458779 239
458780 239
458781 239
458782 239
458783 239
kernel_count 40493
