0 1110
1 1176
2 1248
3 1322
4 1030
5 1248
6 1247
7 1247
8 1248
9 1248
10 1248
11 1248
12 1248
13 1106
14 1247
15 1247
16 1176
17 1176
18 1102
19 1176
20 1248
21 1248
22 1176
23 1176
24 1102
25 1176
26 1248
27 1251
28 1246
29 1246
30 1247
31 1175
65536 1181
65537 1249
65538 1249
65539 1177
65540 1249
65541 1249
65542 1106
65543 1249
65544 1249
65545 1177
65546 1177
65547 1106
65548 1106
65549 1177
65550 1106
65551 1249
65552 1177
65553 1396
65554 1177
65555 1396
65556 1322
65557 1106
65558 1396
65559 1105
65560 1249
65561 1249
65562 1177
65563 1396
65564 1177
65565 1396
65566 1608
65567 1247
131072 1254
131073 1249
131074 1249
131075 1249
131076 1249
131077 1249
131078 1249
131079 1249
131080 1249
131081 1106
131082 1105
131083 1249
131084 1105
131085 1249
131086 1249
131087 1106
131088 1249
131089 1249
131090 1249
131091 1249
131092 1249
131093 1106
131094 1249
131095 1249
131096 1249
131097 1249
131098 1249
131099 1249
131100 1396
131101 1325
131102 1608
131103 1103
196608 1254
196609 1246
196610 1247
196611 1105
196612 1030
196613 1176
196614 1176
196615 1247
196616 1247
196617 1247
196618 1175
196619 1245
196620 1247
196621 1247
196622 1247
196623 1246
196624 1246
196625 1246
196626 1247
196627 1246
196628 1246
196629 1246
196630 1247
196631 1246
196632 1246
196633 1247
196634 1246
196635 1246
196636 1246
196637 1247
196638 1246
196639 1246
262144 748
262145 746
262146 891
262147 1464
262148 1247
262149 1176
262150 1106
262151 1106
262152 1106
262153 1177
262154 1251
262155 1251
262156 1175
262157 1247
262158 1176
262159 1247
262160 1176
262161 1175
262162 1176
262163 1247
262164 1246
262165 1105
262166 1247
262167 1247
262168 1247
262169 1247
262170 1247
262171 1247
262172 1247
262173 1247
262174 1247
262175 1028
327680 1182
327681 1105
327682 1249
327683 1249
327684 1177
327685 1249
327686 1106
327687 1249
327688 1249
327689 1251
327690 1177
327691 1249
327692 1249
327693 1248
327694 1106
327695 1177
327696 1030
327697 1106
327698 1106
327699 1105
327700 1249
327701 1249
327702 1249
327703 1177
327704 1249
327705 1177
327706 1608
327707 1246
327708 1247
327709 1247
327710 1176
327711 1247
393216 1254
393217 1248
393218 1249
393219 1249
393220 1249
393221 1177
393222 1249
393223 1249
393224 1464
393225 1249
393226 1249
393227 1177
393228 1463
393229 1249
393230 1249
393231 1106
393232 1249
393233 1249
393234 1177
393235 1248
393236 1249
393237 1177
393238 1177
393239 1177
393240 1249
393241 1177
393242 1248
393243 1464
393244 1247
393245 1176
393246 1030
393247 1247
458752 1254
458753 1248
458754 1177
458755 1247
458756 1323
458757 1323
458758 1248
458759 1248
458760 1247
458761 1030
458762 1322
458763 1248
458764 1248
458765 1248
458766 1248
458767 1248
458768 1248
458769 1176
458770 1248
458771 1177
458772 1248
458773 1034
458774 1106
458775 1106
458776 1106
458777 1177
458778 1248
458779 1248
458780 1248
458781 1247
458782 1248
458783 1392
524288 1254
524289 1251
524290 1247
524291 1248
524292 1323
524293 1105
524294 1248
524295 1248
524296 1177
524297 1177
524298 1177
524299 1248
524300 1248
524301 1248
524302 1248
524303 1248
524304 1177
524305 1247
524306 1248
524307 1248
524308 1106
524309 1176
524310 1248
524311 1248
524312 1106
524313 1106
524314 1106
524315 1106
524316 1106
524317 1106
524318 1106
524319 1465
589824 1254
589825 1248
589826 1325
589827 1249
589828 1248
589829 1395
589830 1248
589831 1395
589832 1249
589833 1249
589834 1249
589835 1249
589836 1249
589837 1249
589838 1249
589839 1249
589840 1177
589841 1249
589842 1395
589843 1253
589844 1249
589845 1249
589846 1249
589847 1684
589848 1106
589849 1392
589850 1252
589851 1394
589852 1177
589853 1251
589854 1247
589855 1247
655360 1254
655361 1248
655362 1176
655363 1248
655364 1248
655365 1248
655366 1248
655367 1248
655368 1248
655369 1248
655370 1106
655371 1106
655372 1248
655373 1248
655374 1248
655375 1177
655376 1248
655377 1247
655378 1248
655379 1248
655380 1392
655381 1247
655382 1176
655383 1176
655384 1176
655385 1247
655386 1247
655387 1247
655388 1247
655389 1247
655390 1176
655391 1247
720896 1254
720897 1394
720898 1249
720899 1248
720900 1177
720901 1249
720902 1178
720903 1178
720904 1249
720905 1107
720906 1178
720907 1177
720908 1177
720909 1249
720910 1249
720911 1107
720912 1249
720913 1249
720914 1249
720915 1249
720916 1249
720917 1323
720918 1393
720919 1249
720920 1323
720921 1248
720922 1172
720923 239
720924 239
720925 239
720926 239
720927 239
kernel_count 60942
