0 1254
1 1247
2 1176
3 1247
4 1247
5 1105
6 1105
7 1176
8 1105
9 1105
10 1176
11 1246
12 1247
13 1175
14 1246
15 1247
16 1247
17 1247
18 1105
19 1105
20 1247
21 1247
22 1104
23 1175
24 1247
25 1247
26 1104
27 1176
28 1247
29 1247
30 1244
31 1175
65536 1253
65537 1105
65538 1247
65539 1106
65540 1176
65541 1248
65542 1322
65543 1322
65544 1030
65545 1176
65546 1247
65547 1248
65548 1177
65549 1177
65550 1105
65551 1248
65552 1246
65553 1246
65554 1106
65555 1322
65556 1246
65557 1246
65558 1247
65559 1247
65560 1247
65561 1247
65562 1247
65563 1247
65564 1247
65565 1247
65566 1247
65567 1247
131072 1182
131073 1177
131074 1177
131075 1249
131076 1249
131077 1176
131078 1249
131079 1177
131080 1248
131081 1249
131082 1249
131083 1104
131084 1177
131085 1249
131086 1178
131087 1248
131088 1249
131089 1249
131090 1175
131091 1104
131092 1249
131093 1249
131094 1248
131095 1248
131096 1249
131097 1249
131098 1249
131099 1464
131100 1246
131101 1246
131102 1247
131103 1247
196608 1254
196609 1247
196610 1176
196611 1247
196612 1176
196613 1176
196614 1176
196615 1247
196616 1247
196617 1247
196618 1247
196619 1176
196620 1247
196621 1247
196622 1247
196623 1105
196624 1175
196625 1174
196626 1104
196627 1030
196628 1030
196629 1176
196630 1247
196631 1247
196632 1105
196633 1247
196634 1247
196635 1247
196636 1247
196637 1246
196638 1247
196639 1173
262144 1545
262145 1538
262146 1538
262147 1249
262148 1249
262149 1249
262150 1249
262151 1395
262152 1248
262153 1249
262154 1249
262155 1248
262156 1104
262157 1033
262158 1248
262159 1176
262160 1249
262161 1249
262162 1249
262163 1249
262164 1249
262165 1177
262166 1249
262167 1324
262168 1324
262169 1324
262170 1324
262171 1249
262172 1249
262173 1463
262174 1247
262175 1247
327680 1254
327681 1106
327682 1248
327683 1248
327684 1176
327685 1177
327686 1248
327687 1248
327688 1177
327689 1177
327690 1248
327691 1248
327692 1177
327693 1177
327694 1248
327695 1248
327696 1247
327697 1247
327698 1393
327699 1247
327700 1394
327701 1394
327702 1247
327703 1393
327704 1323
327705 1181
327706 1252
327707 1247
327708 1180
327709 1247
327710 1323
327711 1464
393216 1253
393217 1247
393218 1249
393219 1249
393220 1324
393221 1399
393222 1252
393223 1175
393224 1033
393225 1104
393226 1324
393227 1325
393228 1322
393229 1323
393230 1175
393231 1175
393232 1175
393233 1176
393234 1247
393235 1176
393236 1249
393237 1823
393238 1177
393239 1247
393240 1251
393241 1247
393242 1176
393243 1247
393244 1245
393245 1246
393246 1104
393247 1247
458752 1253
458753 1177
458754 1247
458755 1105
458756 1247
458757 1177
458758 1248
458759 1247
458760 1321
458761 1246
458762 1245
458763 1246
458764 1247
458765 1174
458766 1246
458767 1245
458768 1246
458769 1247
458770 1247
458771 1176
458772 1105
458773 1105
458774 1176
458775 1246
458776 1245
458777 1247
458778 1247
458779 1175
458780 1174
458781 1175
458782 1103
458783 1103
524288 1110
524289 1030
524290 1249
524291 1030
524292 1249
524293 1249
524294 1680
524295 1249
524296 1249
524297 1249
524298 1249
524299 1249
524300 1248
524301 1249
524302 1106
524303 1106
524304 1249
524305 1395
524306 1249
524307 1249
524308 1249
524309 1249
524310 1395
524311 1249
524312 1249
524313 1249
524314 1538
524315 1247
524316 1246
524317 1176
524318 1247
524319 1247
589824 1254
589825 1324
589826 1106
589827 1249
589828 1249
589829 1248
589830 1325
589831 1105
589832 1249
589833 1106
589834 1030
589835 1176
589836 1177
589837 1249
589838 1177
589839 1177
589840 1248
589841 1248
589842 1609
589843 1540
589844 1106
589845 1106
589846 1106
589847 1106
589848 1249
589849 1177
589850 1249
589851 1106
589852 1610
589853 1247
589854 1175
589855 1175
655360 970
655361 748
655362 748
655363 893
655364 1249
655365 1249
655366 1249
655367 1249
655368 1248
655369 1325
655370 1536
655371 1177
655372 239
655373 239
655374 239
655375 239
655376 239
655377 239
655378 239
655379 239
655380 239
655381 239
655382 239
655383 239
655384 239
655385 239
655386 239
655387 239
655388 239
655389 239
655390 239
655391 239
kernel_count 53789
