0 960
1 1248
2 1176
3 1176
4 1247
5 1247
6 1393
7 1177
8 1248
9 1248
10 1248
11 1248
12 1248
13 1248
14 1106
15 1030
16 1030
17 1248
18 1248
19 1248
20 1248
21 1246
22 1248
23 1248
24 1248
25 1322
26 1322
27 1322
28 1247
29 1105
30 1105
31 1247
65536 1182
65537 1252
65538 1253
65539 1248
65540 1248
65541 1394
65542 1177
65543 1106
65544 1393
65545 1177
65546 1177
65547 1467
65548 1466
65549 1177
65550 1467
65551 1467
65552 1248
65553 1177
65554 1393
65555 1177
65556 1177
65557 1393
65558 1177
65559 1106
65560 1248
65561 1251
65562 1247
65563 1247
65564 1247
65565 1247
65566 1247
65567 1247
131072 1182
131073 1248
131074 1104
131075 1105
131076 1248
131077 1248
131078 1248
131079 1248
131080 1248
131081 1248
131082 1248
131083 1247
131084 1466
131085 1248
131086 1466
131087 1106
131088 1106
131089 1106
131090 1105
131091 1106
131092 1466
131093 1466
131094 1177
131095 1248
131096 1248
131097 1248
131098 1177
131099 1177
131100 1248
131101 1248
131102 1251
131103 1247
196608 1034
196609 1324
196610 1324
196611 1176
196612 1249
196613 1249
196614 1249
196615 1249
196616 1106
196617 1249
196618 1248
196619 1249
196620 1248
196621 1248
196622 1465
196623 1176
196624 1248
196625 1248
196626 1465
196627 1106
196628 1177
196629 1322
196630 1177
196631 1177
196632 1322
196633 1177
196634 1177
196635 1322
196636 1177
196637 1177
196638 1321
196639 1175
262144 748
262145 821
262146 747
262147 747
262148 821
262149 747
262150 747
262151 821
262152 747
262153 747
262154 821
262155 747
262156 747
262157 821
262158 747
262159 747
262160 821
262161 747
262162 747
262163 821
262164 1394
262165 1176
262166 1033
262167 1105
262168 1105
262169 1105
262170 1247
262171 1247
262172 1247
262173 1247
262174 1247
262175 1247
327680 1110
327681 1105
327682 1246
327683 1247
327684 1247
327685 1247
327686 1174
327687 1175
327688 1247
327689 1175
327690 1176
327691 1247
327692 1176
327693 1247
327694 1176
327695 1176
327696 1247
327697 1247
327698 1030
327699 1246
327700 1247
327701 1247
327702 1246
327703 1247
327704 1247
327705 1246
327706 1247
327707 1176
327708 1247
327709 1247
327710 1247
327711 1247
393216 1330
393217 1249
393218 1249
393219 1177
393220 1248
393221 1249
393222 1177
393223 1249
393224 1249
393225 1177
393226 1394
393227 1176
393228 1249
393229 1249
393230 1249
393231 1464
393232 1177
393233 1106
393234 1252
393235 1247
393236 1248
393237 1248
393238 1392
393239 1247
393240 1247
393241 1247
393242 1247
393243 1247
393244 1247
393245 1247
393246 1246
393247 1247
458752 1254
458753 1249
458754 1249
458755 1249
458756 1249
458757 1177
458758 1395
458759 1249
458760 1177
458761 1106
458762 1177
458763 1395
458764 1395
458765 1249
458766 1176
458767 1325
458768 1249
458769 1395
458770 1249
458771 1248
458772 1248
458773 1249
458774 1248
458775 1248
458776 1249
458777 1249
458778 1248
458779 1538
458780 1247
458781 1175
458782 1175
458783 1175
524288 748
524289 1249
524290 1177
524291 1247
524292 1249
524293 1249
524294 1248
524295 1247
524296 1105
524297 1249
524298 1464
524299 1249
524300 1465
524301 1322
524302 1248
524303 1248
524304 1177
524305 1247
524306 1322
524307 1247
524308 1105
524309 1322
524310 1247
524311 1105
524312 1176
524313 1104
524314 1247
524315 1246
524316 1176
524317 1175
524318 1247
524319 1247
589824 1182
589825 1177
589826 1247
589827 1248
589828 1248
589829 1248
589830 1248
589831 1248
589832 1248
589833 1248
589834 1248
589835 1247
589836 1176
589837 1177
589838 1248
589839 1247
589840 1248
589841 1247
589842 1467
589843 1176
589844 1248
589845 1247
589846 1248
589847 1177
589848 1253
589849 1252
589850 1539
589851 1247
589852 1247
589853 1246
589854 1176
589855 1247
655360 1182
655361 1034
655362 747
655363 747
655364 747
655365 1177
655366 1105
655367 747
655368 747
655369 747
655370 1177
655371 1248
655372 1248
655373 1248
655374 1324
655375 1324
655376 1248
655377 1539
655378 1248
655379 1322
655380 1321
655381 1321
655382 1177
655383 1106
655384 1248
655385 1106
655386 1248
655387 1106
655388 1248
655389 1177
655390 1179
655391 1321
720896 1181
720897 1106
720898 1251
720899 1251
720900 1247
720901 1247
720902 1105
720903 1176
720904 1247
720905 1177
720906 1248
720907 1248
720908 1248
720909 1248
720910 1248
720911 1106
720912 1106
720913 1106
720914 1106
720915 1248
720916 1248
720917 1248
720918 1248
720919 1030
720920 1030
720921 1030
720922 1248
720923 1248
720924 1248
720925 1321
720926 1247
720927 1175
786432 1254
786433 1249
786434 1249
786435 1250
786436 1683
786437 1250
786438 1249
786439 1323
786440 1178
786441 1107
786442 1250
786443 1250
786444 1250
786445 1178
786446 1250
786447 1250
786448 1250
786449 1250
786450 1178
786451 1325
786452 1253
786453 1395
786454 1395
786455 1180
786456 1250
786457 1178
786458 1396
786459 1395
786460 1253
786461 1253
786462 1466
786463 239
kernel_count 65647
