0 1182
1 1177
2 1177
3 1177
4 1249
5 1249
6 1177
7 1177
8 1177
9 1106
10 1249
11 1249
12 1249
13 1249
14 1249
15 1176
16 1177
17 1249
18 1249
19 1249
20 1249
21 1249
22 1177
23 1249
24 1249
25 1249
26 1249
27 1249
28 1249
29 1177
30 1466
31 1463
65536 1254
65537 1321
65538 1247
65539 1252
65540 1247
65541 1322
65542 1322
65543 1248
65544 1248
65545 1177
65546 1105
65547 1176
65548 1105
65549 1176
65550 1176
65551 1176
65552 1176
65553 1176
65554 1176
65555 1176
65556 1106
65557 1106
65558 1106
65559 1035
65560 1106
65561 1250
65562 1250
65563 1105
65564 1105
65565 1032
65566 1247
65567 1247
131072 894
131073 892
131074 892
131075 1106
131076 1177
131077 1248
131078 1177
131079 1106
131080 1248
131081 1248
131082 1248
131083 1106
131084 1248
131085 1248
131086 1248
131087 1248
131088 1177
131089 1177
131090 1177
131091 1177
131092 1177
131093 1106
131094 1106
131095 1177
131096 1177
131097 1247
131098 1248
131099 1177
131100 239
131101 239
131102 239
131103 239
kernel_count 14484
