0 1179
1 1177
2 1249
3 1464
4 1177
5 1176
6 1106
7 1463
8 1247
9 1247
10 1175
11 1175
12 1247
13 1247
14 1247
15 1247
16 1247
17 1175
18 1175
19 1247
20 1247
21 1247
22 1247
23 1247
24 1176
25 1246
26 1247
27 1247
28 1247
29 1247
30 1247
31 1175
65536 1182
65537 1106
65538 747
65539 747
65540 747
65541 1106
65542 1177
65543 1177
65544 1106
65545 1248
65546 1106
65547 1106
65548 1106
65549 1106
65550 1106
65551 1248
65552 1248
65553 1251
65554 1030
65555 1175
65556 1175
65557 1105
65558 1247
65559 1246
65560 1175
65561 1176
65562 1176
65563 1247
65564 1247
65565 1175
65566 1173
65567 1173
131072 746
131073 745
131074 745
131075 1178
131076 1248
131077 1467
131078 1248
131079 1468
131080 1249
131081 1248
131082 1468
131083 1249
131084 1249
131085 1249
131086 1468
131087 1466
131088 1105
131089 1105
131090 1030
131091 1247
131092 1247
131093 1105
131094 1105
131095 1247
131096 1247
131097 1247
131098 1105
131099 1247
131100 1033
131101 1247
131102 1247
131103 1247
196608 1110
196609 1177
196610 1248
196611 1247
196612 1031
196613 888
196614 1247
196615 1249
196616 239
196617 239
196618 239
196619 239
196620 239
196621 239
196622 239
196623 239
196624 239
196625 239
196626 239
196627 239
196628 239
196629 239
196630 239
196631 239
196632 239
196633 239
196634 239
196635 239
196636 239
196637 239
196638 239
196639 239
kernel_count 16580
