0 1182
1 1177
2 1177
3 1177
4 1177
5 1176
6 1248
7 1248
8 1248
9 1248
10 1177
11 1247
12 1176
13 1176
14 1175
15 1247
16 1176
17 1247
18 1247
19 1106
20 1323
21 1247
22 1248
23 1393
24 1393
25 1248
26 1322
27 1176
28 1248
29 1322
30 1248
31 1322
65536 1182
65537 1249
65538 1248
65539 1325
65540 1177
65541 1249
65542 1248
65543 1325
65544 1176
65545 1177
65546 1249
65547 1465
65548 1249
65549 1466
65550 1466
65551 1247
65552 1324
65553 1106
65554 1106
65555 1543
65556 1251
65557 1106
65558 1247
65559 1248
65560 1248
65561 1248
65562 1248
65563 1106
65564 1105
65565 1106
65566 1396
65567 1247
131072 1110
131073 1176
131074 1106
131075 1248
131076 1176
131077 1248
131078 1177
131079 1177
131080 1106
131081 1248
131082 1248
131083 1248
131084 1106
131085 1177
131086 1322
131087 1247
131088 1247
131089 1247
131090 1247
131091 1246
131092 1246
131093 1246
131094 1247
131095 1247
131096 1247
131097 1247
131098 1247
131099 1247
131100 1246
131101 1246
131102 1247
131103 1246
196608 1254
196609 1249
196610 1254
196611 747
196612 747
196613 747
196614 1177
196615 1106
196616 1030
196617 1106
196618 1249
196619 1249
196620 1325
196621 1394
196622 1249
196623 1249
196624 1248
196625 1177
196626 1177
196627 1106
196628 1249
196629 1177
196630 1248
196631 1248
196632 1106
196633 1249
196634 1468
196635 1463
196636 1105
196637 1176
196638 1246
196639 1103
262144 748
262145 895
262146 1251
262147 1177
262148 1247
262149 1251
262150 1251
262151 1180
262152 1248
262153 1248
262154 1248
262155 1177
262156 1248
262157 1248
262158 1248
262159 1248
262160 1248
262161 1247
262162 1177
262163 1247
262164 1248
262165 1247
262166 1177
262167 1247
262168 1176
262169 1247
262170 1246
262171 1176
262172 1175
262173 1321
262174 1176
262175 1246
327680 1110
327681 1105
327682 1247
327683 1248
327684 1252
327685 1247
327686 1248
327687 1248
327688 1248
327689 1247
327690 1176
327691 1176
327692 1247
327693 1247
327694 1176
327695 1176
327696 1392
327697 1250
327698 1246
327699 1248
327700 1177
327701 1177
327702 1248
327703 1248
327704 1106
327705 1106
327706 1393
327707 1321
327708 1392
327709 1393
327710 1321
327711 1322
393216 1254
393217 1249
393218 1249
393219 1249
393220 1540
393221 1540
393222 1468
393223 1466
393224 1104
393225 1106
393226 959
393227 1247
393228 1248
393229 1109
393230 1251
393231 1109
393232 1251
393233 1176
393234 1392
393235 1393
393236 1175
393237 1104
393238 1105
393239 1032
393240 745
393241 1177
393242 1322
393243 1247
393244 1322
393245 1250
393246 1029
393247 1102
458752 890
458753 746
458754 1034
458755 1177
458756 1176
458757 1394
458758 1175
458759 1325
458760 1175
458761 1323
458762 1252
458763 1325
458764 1248
458765 1249
458766 1249
458767 1325
458768 1248
458769 1324
458770 1325
458771 1396
458772 1247
458773 1464
458774 1105
458775 1176
458776 1105
458777 1251
458778 1248
458779 1253
458780 1035
458781 1247
458782 1250
458783 1321
524288 1181
524289 1176
524290 1253
524291 1248
524292 1177
524293 1248
524294 1248
524295 1324
524296 1034
524297 1177
524298 1177
524299 1177
524300 1248
524301 1177
524302 1248
524303 1248
524304 1393
524305 1247
524306 1248
524307 1177
524308 1248
524309 1248
524310 1248
524311 1177
524312 1176
524313 1394
524314 1177
524315 1248
524316 1248
524317 1248
524318 1324
524319 1395
589824 1254
589825 1177
589826 1106
589827 1106
589828 1249
589829 1176
589830 1177
589831 1249
589832 1248
589833 1248
589834 1249
589835 1249
589836 1324
589837 1248
589838 1323
589839 1249
589840 1248
589841 1464
589842 1247
589843 1030
589844 1177
589845 1030
589846 1030
589847 1248
589848 1248
589849 1174
589850 1248
589851 1176
589852 1175
589853 1248
589854 1250
589855 1175
655360 970
655361 1393
655362 1175
655363 1176
655364 1106
655365 1248
655366 1248
655367 1106
655368 1248
655369 1176
655370 239
655371 239
655372 239
655373 239
655374 239
655375 239
655376 239
655377 239
655378 239
655379 239
655380 239
655381 239
655382 239
655383 239
655384 239
655385 239
655386 239
655387 239
655388 239
655389 239
655390 239
655391 239
kernel_count 53294
