0 1034
1 1247
2 1246
3 1247
4 1247
5 1247
6 1247
7 1247
8 1105
9 1105
10 1247
11 1247
12 1247
13 1246
14 1247
15 1247
16 1247
17 1246
18 1247
19 1247
20 1247
21 1246
22 1246
23 1176
24 1176
25 1247
26 1247
27 1105
28 1247
29 1176
30 1247
31 1175
65536 1182
65537 1247
65538 1321
65539 1320
65540 1392
65541 1247
65542 1105
65543 1176
65544 1030
65545 1176
65546 1176
65547 1175
65548 1247
65549 1247
65550 1105
65551 1246
65552 1247
65553 1175
65554 1246
65555 1246
65556 1105
65557 1105
65558 1105
65559 1175
65560 1247
65561 1246
65562 1247
65563 1247
65564 1247
65565 1247
65566 1247
65567 1175
131072 1254
131073 1176
131074 1393
131075 1465
131076 1248
131077 1322
131078 1247
131079 1247
131080 1246
131081 1245
131082 1247
131083 1246
131084 1247
131085 1246
131086 1246
131087 1176
131088 1176
131089 1246
131090 1247
131091 1247
131092 1247
131093 1247
131094 1176
131095 1176
131096 1247
131097 1246
131098 1247
131099 1246
131100 1246
131101 888
131102 888
131103 1030
196608 1254
196609 1248
196610 1176
196611 1177
196612 1248
196613 1248
196614 1248
196615 1247
196616 1176
196617 1177
196618 1177
196619 1248
196620 1248
196621 1030
196622 1248
196623 1248
196624 1177
196625 1177
196626 1248
196627 1030
196628 1030
196629 1030
196630 1251
196631 1248
196632 1177
196633 1248
196634 1247
196635 1248
196636 1322
196637 1322
196638 1247
196639 1247
262144 1254
262145 1106
262146 1248
262147 1246
262148 1247
262149 1247
262150 1247
262151 1247
262152 1247
262153 1177
262154 1030
262155 1247
262156 1030
262157 1177
262158 1030
262159 1030
262160 1177
262161 1177
262162 1106
262163 1105
262164 1177
262165 1177
262166 1104
262167 1177
262168 1177
262169 1176
262170 1247
262171 1248
262172 1176
262173 1106
262174 1106
262175 1322
327680 1182
327681 1394
327682 1177
327683 1248
327684 1248
327685 1248
327686 1177
327687 1247
327688 1248
327689 1106
327690 1106
327691 1177
327692 1029
327693 1029
327694 1177
327695 1248
327696 1467
327697 1177
327698 1248
327699 1248
327700 1468
327701 1177
327702 1248
327703 1468
327704 1177
327705 1248
327706 1467
327707 1393
327708 1177
327709 1248
327710 1249
327711 1173
393216 961
393217 1247
393218 1247
393219 1176
393220 1393
393221 1247
393222 1032
393223 1175
393224 1247
393225 1246
393226 1246
393227 1247
393228 1247
393229 1033
393230 1033
393231 1033
393232 1176
393233 1247
393234 1246
393235 1247
393236 1246
393237 1246
393238 1176
393239 1105
393240 1176
393241 1176
393242 1175
393243 1321
393244 1251
393245 1176
393246 1247
393247 1245
458752 1034
458753 1249
458754 1247
458755 1249
458756 1176
458757 1464
458758 1464
458759 1247
458760 1105
458761 1104
458762 1104
458763 1176
458764 1247
458765 1247
458766 1247
458767 1105
458768 1105
458769 1175
458770 1175
458771 1105
458772 1103
458773 1245
458774 1246
458775 1176
458776 1104
458777 1246
458778 1247
458779 1246
458780 1247
458781 1176
458782 1247
458783 1175
524288 1254
524289 1248
524290 1248
524291 1248
524292 1176
524293 1176
524294 1176
524295 1177
524296 1177
524297 1248
524298 1248
524299 1248
524300 1392
524301 1323
524302 1391
524303 1175
524304 1173
524305 1247
524306 1105
524307 1247
524308 1034
524309 1247
524310 1247
524311 1247
524312 1105
524313 1247
524314 1176
524315 1104
524316 1104
524317 1104
524318 1105
524319 1246
589824 1034
589825 1106
589826 1248
589827 1177
589828 1249
589829 1248
589830 1177
589831 1249
589832 1248
589833 1247
589834 1610
589835 1030
589836 1611
589837 1246
589838 1247
589839 1247
589840 1105
589841 1247
589842 1105
589843 1247
589844 1105
589845 1176
589846 1247
589847 1247
589848 1247
589849 1176
589850 1247
589851 1247
589852 1247
589853 1246
589854 1246
589855 1175
655360 1182
655361 1178
655362 1177
655363 1107
655364 1248
655365 1248
655366 1249
655367 1324
655368 1249
655369 1248
655370 1248
655371 1249
655372 817
655373 1107
655374 1178
655375 1178
655376 1183
655377 1398
655378 1324
655379 1324
655380 1249
655381 1324
655382 1249
655383 1248
655384 1248
655385 1249
655386 1248
655387 1248
655388 1248
655389 1394
655390 1322
655391 1027
kernel_count 55614
