0 1400
1 1392
2 1392
3 1392
4 1248
5 1247
6 1247
7 1247
8 1177
9 1030
10 1248
11 1248
12 1177
13 1248
14 1106
15 1106
16 1106
17 1176
18 1392
19 1177
20 1392
21 1247
22 1246
23 1175
24 1246
25 1247
26 1175
27 1175
28 1247
29 1105
30 1247
31 1246
65536 748
65537 1248
65538 1248
65539 1324
65540 1469
65541 1321
65542 1322
65543 1108
65544 1251
65545 1176
65546 1176
65547 1247
65548 1176
65549 1247
65550 1247
65551 1176
65552 1105
65553 1247
65554 1247
65555 1247
65556 1176
65557 1247
65558 1247
65559 1247
65560 1247
65561 1245
65562 1029
65563 1246
65564 1030
65565 1176
65566 1175
65567 1247
131072 1182
131073 1247
131074 1033
131075 1033
131076 1247
131077 1248
131078 1248
131079 1247
131080 1177
131081 1177
131082 1177
131083 1247
131084 1248
131085 1177
131086 1248
131087 1248
131088 1248
131089 1248
131090 1394
131091 1248
131092 1106
131093 1248
131094 1177
131095 1175
131096 1176
131097 1248
131098 1248
131099 1248
131100 1248
131101 1391
131102 1175
131103 1174
196608 1471
196609 1177
196610 1248
196611 1539
196612 1394
196613 1394
196614 1539
196615 1248
196616 1248
196617 1248
196618 1247
196619 1177
196620 1248
196621 1393
196622 1393
196623 1177
196624 1392
196625 1393
196626 1106
196627 1392
196628 1393
196629 1106
196630 1248
196631 1248
196632 1177
196633 1252
196634 1176
196635 1177
196636 1392
196637 1248
196638 1392
196639 1391
262144 1254
262145 1324
262146 1253
262147 1396
262148 1393
262149 1393
262150 1175
262151 1249
262152 962
262153 1248
262154 1248
262155 1175
262156 1248
262157 1248
262158 1467
262159 1755
262160 1177
262161 1176
262162 1322
262163 1176
262164 1176
262165 1176
262166 1176
262167 1104
262168 1175
262169 1176
262170 1176
262171 1176
262172 1176
262173 1176
262174 1247
262175 1247
327680 1182
327681 1176
327682 1177
327683 1177
327684 1248
327685 1248
327686 1248
327687 1247
327688 1177
327689 1247
327690 1247
327691 1106
327692 1247
327693 1252
327694 1247
327695 1176
327696 1248
327697 1177
327698 1176
327699 1177
327700 1177
327701 1106
327702 1248
327703 1248
327704 1248
327705 1105
327706 1247
327707 1176
327708 1322
327709 1247
327710 1247
327711 1247
393216 1254
393217 1034
393218 1249
393219 1249
393220 1249
393221 1106
393222 1177
393223 1463
393224 1248
393225 1462
393226 1462
393227 1249
393228 1106
393229 1249
393230 1106
393231 1464
393232 1249
393233 1249
393234 816
393235 1248
393236 1463
393237 1248
393238 1464
393239 1463
393240 1175
393241 1247
393242 1175
393243 1247
393244 1175
393245 1246
393246 1247
393247 1245
458752 1254
458753 1392
458754 1392
458755 1248
458756 1248
458757 1248
458758 1177
458759 1177
458760 1248
458761 1247
458762 1248
458763 1247
458764 1177
458765 1246
458766 1247
458767 1176
458768 1248
458769 1177
458770 1391
458771 1177
458772 1392
458773 1248
458774 1392
458775 1104
458776 1176
458777 1247
458778 1247
458779 959
458780 1246
458781 1247
458782 1029
458783 1103
524288 1182
524289 1177
524290 1177
524291 1177
524292 1247
524293 1248
524294 1392
524295 1247
524296 1247
524297 1247
524298 1175
524299 1175
524300 1176
524301 1247
524302 1105
524303 1247
524304 1247
524305 1247
524306 1030
524307 1105
524308 1176
524309 1247
524310 1246
524311 1247
524312 1175
524313 1105
524314 1105
524315 1105
524316 1247
524317 1175
524318 1029
524319 1174
589824 1109
589825 1247
589826 1247
589827 239
589828 239
589829 239
589830 239
589831 239
589832 239
589833 239
589834 239
589835 239
589836 239
589837 239
589838 239
589839 239
589840 239
589841 239
589842 239
589843 239
589844 239
589845 239
589846 239
589847 239
589848 239
589849 239
589850 239
589851 239
589852 239
589853 239
589854 239
589855 239
kernel_count 47487
