0 1109
1 1176
2 1176
3 1030
4 1177
5 1252
6 1176
7 1105
8 1177
9 1177
10 1252
11 1248
12 1248
13 1248
14 1248
15 1247
16 1176
17 1248
18 1248
19 1247
20 1176
21 1248
22 1248
23 1106
24 1176
25 1176
26 1248
27 1248
28 1392
29 1246
30 1246
31 1246
65536 1110
65537 1248
65538 1248
65539 1176
65540 1248
65541 1247
65542 1248
65543 1248
65544 1247
65545 1247
65546 1177
65547 1247
65548 1248
65549 1248
65550 1106
65551 1177
65552 1177
65553 1248
65554 1246
65555 1176
65556 1392
65557 1252
65558 1107
65559 1321
65560 1247
65561 1247
65562 1176
65563 1247
65564 1247
65565 1247
65566 1247
65567 1246
131072 1110
131073 1034
131074 747
131075 1248
131076 1248
131077 1248
131078 1251
131079 1248
131080 1248
131081 1248
131082 1251
131083 1248
131084 747
131085 747
131086 1034
131087 1177
131088 1248
131089 1177
131090 1248
131091 1247
131092 1248
131093 1248
131094 1179
131095 1176
131096 1247
131097 1247
131098 1173
131099 1246
131100 1247
131101 1247
131102 1246
131103 1247
196608 1254
196609 1176
196610 1177
196611 1177
196612 1247
196613 1324
196614 746
196615 747
196616 746
196617 747
196618 1106
196619 1248
196620 1177
196621 1177
196622 1177
196623 1324
196624 1247
196625 745
196626 963
196627 1252
196628 1252
196629 1253
196630 1105
196631 1176
196632 1176
196633 1323
196634 1324
196635 1177
196636 1248
196637 1465
196638 1102
196639 1247
262144 1181
262145 1247
262146 1177
262147 1177
262148 1468
262149 1541
262150 1248
262151 1539
262152 1396
262153 1247
262154 1106
262155 1248
262156 1248
262157 1105
262158 1176
262159 1176
262160 1176
262161 1105
262162 1106
262163 1106
262164 1106
262165 1106
262166 1248
262167 1177
262168 1248
262169 1106
262170 1181
262171 1106
262172 1030
262173 1106
262174 1250
262175 1392
327680 1254
327681 1249
327682 1249
327683 1033
327684 1033
327685 1177
327686 1249
327687 1177
327688 1249
327689 1250
327690 1248
327691 1248
327692 1106
327693 1248
327694 1248
327695 1248
327696 1106
327697 1106
327698 1247
327699 1248
327700 1248
327701 1177
327702 1247
327703 1104
327704 239
327705 239
327706 239
327707 239
327708 239
327709 239
327710 239
327711 239
kernel_count 28918
