0 1254
1 1249
2 1249
3 1249
4 1249
5 1249
6 1249
7 1249
8 1393
9 1249
10 1394
11 1323
12 1251
13 1394
14 1249
15 1394
16 1249
17 1251
18 1323
19 1394
20 1394
21 1249
22 1251
23 1394
24 1394
25 1249
26 1251
27 1251
28 1394
29 1249
30 1394
31 1322
65536 824
65537 822
65538 747
65539 822
65540 747
65541 1323
65542 1247
65543 1248
65544 1323
65545 1248
65546 1106
65547 1105
65548 1105
65549 1105
65550 1176
65551 1176
65552 1177
65553 1175
65554 1248
65555 1177
65556 1177
65557 1177
65558 1248
65559 1248
65560 1392
65561 1177
65562 1392
65563 1392
65564 1106
65565 1392
65566 1176
65567 1246
131072 747
131073 747
131074 746
131075 1105
131076 1105
131077 1105
131078 1248
131079 1177
131080 1177
131081 1248
131082 1248
131083 1248
131084 1177
131085 1176
131086 1248
131087 1248
131088 1248
131089 1248
131090 1177
131091 1106
131092 1248
131093 1247
131094 1247
131095 1247
131096 1176
131097 1177
131098 1248
131099 1177
131100 1247
131101 1176
131102 1247
131103 1250
196608 1185
196609 1180
196610 1180
196611 1247
196612 1248
196613 1247
196614 1392
196615 1106
196616 1247
196617 1248
196618 1248
196619 1248
196620 1247
196621 1177
196622 1177
196623 1247
196624 1248
196625 1248
196626 1177
196627 1177
196628 1177
196629 1106
196630 1248
196631 1248
196632 1247
196633 1248
196634 1106
196635 1392
196636 1247
196637 1247
196638 1176
196639 1247
262144 748
262145 1106
262146 1106
262147 1106
262148 1248
262149 1248
262150 1176
262151 1106
262152 1248
262153 1176
262154 1248
262155 1106
262156 1177
262157 1248
262158 1106
262159 1248
262160 1248
262161 1320
262162 1246
262163 1176
262164 1176
262165 1176
262166 1176
262167 1176
262168 1247
262169 1176
262170 1247
262171 1176
262172 1247
262173 1247
262174 1247
262175 1246
327680 1110
327681 1248
327682 1248
327683 1248
327684 1248
327685 1177
327686 1248
327687 1247
327688 1248
327689 1248
327690 1248
327691 1176
327692 1176
327693 1176
327694 1176
327695 1176
327696 1176
327697 1176
327698 1176
327699 1176
327700 1176
327701 1176
327702 1176
327703 1176
327704 1176
327705 1176
327706 1248
327707 1393
327708 1106
327709 1248
327710 1323
327711 1392
393216 1254
393217 1247
393218 1249
393219 1030
393220 1321
393221 1248
393222 1176
393223 1176
393224 1177
393225 1034
393226 1248
393227 1248
393228 1105
393229 1105
393230 1247
393231 1249
393232 1177
393233 1249
393234 1249
393235 1248
393236 1249
393237 1177
393238 1177
393239 1177
393240 1177
393241 1249
393242 1465
393243 1176
393244 1248
393245 1250
393246 1249
393247 1102
458752 1254
458753 1249
458754 1248
458755 1248
458756 1248
458757 1247
458758 1175
458759 1106
458760 1248
458761 1464
458762 1248
458763 1248
458764 1247
458765 1247
458766 1394
458767 1179
458768 1177
458769 1177
458770 1175
458771 1103
458772 1247
458773 1247
458774 1030
458775 1177
458776 1248
458777 1105
458778 1322
458779 1176
458780 1247
458781 1247
458782 1246
458783 1174
524288 965
524289 747
524290 1105
524291 1106
524292 1396
524293 1178
524294 1248
524295 1250
524296 1250
524297 1248
524298 1325
524299 1250
524300 1250
524301 1249
524302 1249
524303 1250
524304 1395
524305 1680
524306 1178
524307 1322
524308 1177
524309 1248
524310 1248
524311 1031
524312 1248
524313 1248
524314 1249
524315 239
524316 239
524317 239
524318 239
524319 239
kernel_count 44992
