0 1254
1 1177
2 1177
3 1177
4 1030
5 1248
6 1248
7 1393
8 1322
9 1248
10 1248
11 1322
12 1322
13 1248
14 1248
15 1321
16 1322
17 1248
18 1321
19 1322
20 1248
21 1248
22 1322
23 1322
24 1248
25 1248
26 1322
27 1322
28 1248
29 1248
30 1248
31 1250
65536 1182
65537 1248
65538 1248
65539 1248
65540 1248
65541 1248
65542 1177
65543 1248
65544 1248
65545 1248
65546 1248
65547 1248
65548 1248
65549 1248
65550 1248
65551 1177
65552 1248
65553 1247
65554 1177
65555 1248
65556 1176
65557 1248
65558 1247
65559 1248
65560 1248
65561 1106
65562 1034
65563 1322
65564 1177
65565 1322
65566 1177
65567 1391
131072 1253
131073 822
131074 1248
131075 1248
131076 1248
131077 1248
131078 1248
131079 1392
131080 1392
131081 1248
131082 1248
131083 1248
131084 1247
131085 1248
131086 1248
131087 1177
131088 1177
131089 1247
131090 1248
131091 1177
131092 1177
131093 1248
131094 1248
131095 1177
131096 1247
131097 1247
131098 1247
131099 1248
131100 1248
131101 1247
131102 1391
131103 1246
196608 1254
196609 1248
196610 1177
196611 1176
196612 1177
196613 1248
196614 1247
196615 1248
196616 1106
196617 1247
196618 1248
196619 1248
196620 1177
196621 1248
196622 1247
196623 1248
196624 1248
196625 1248
196626 1176
196627 1177
196628 1105
196629 1248
196630 1392
196631 1247
196632 1247
196633 1247
196634 1247
196635 1247
196636 1175
196637 1175
196638 1175
196639 1173
262144 1254
262145 1249
262146 1249
262147 1249
262148 1106
262149 1177
262150 1249
262151 1249
262152 1249
262153 1249
262154 1249
262155 1249
262156 1463
262157 1249
262158 1249
262159 1464
262160 1393
262161 1106
262162 1177
262163 1177
262164 1249
262165 1249
262166 1249
262167 1464
262168 1461
262169 1462
262170 1461
262171 1464
262172 1461
262173 1462
262174 1461
262175 1392
327680 1182
327681 1248
327682 1105
327683 1105
327684 1247
327685 1247
327686 1247
327687 1176
327688 1247
327689 1248
327690 1248
327691 1177
327692 1177
327693 1248
327694 1176
327695 1247
327696 1247
327697 1245
327698 1245
327699 1247
327700 1245
327701 1106
327702 1322
327703 1247
327704 1177
327705 1248
327706 1248
327707 1248
327708 1177
327709 1251
327710 1246
327711 1468
393216 1405
393217 1105
393218 1248
393219 1248
393220 1396
393221 1175
393222 1248
393223 1105
393224 1324
393225 1106
393226 1249
393227 1249
393228 1249
393229 1177
393230 1249
393231 1394
393232 1248
393233 1249
393234 1176
393235 1176
393236 1249
393237 1249
393238 1248
393239 1394
393240 1253
393241 1249
393242 1249
393243 1249
393244 1469
393245 1464
393246 1247
393247 1246
458752 1545
458753 1176
458754 1323
458755 1395
458756 1106
458757 1246
458758 1176
458759 1248
458760 1176
458761 1033
458762 1104
458763 1247
458764 1177
458765 1247
458766 1321
458767 1106
458768 1106
458769 1248
458770 1177
458771 1248
458772 1035
458773 1177
458774 1248
458775 1248
458776 1177
458777 1106
458778 1248
458779 1248
458780 1247
458781 1396
458782 1175
458783 1246
524288 1181
524289 1177
524290 1178
524291 1178
524292 1250
524293 1250
524294 1396
524295 1466
524296 1393
524297 1249
524298 1106
524299 1177
524300 1106
524301 1177
524302 1252
524303 1176
524304 1249
524305 239
524306 239
524307 239
524308 239
524309 239
524310 239
524311 239
524312 239
524313 239
524314 239
524315 239
524316 239
524317 239
524318 239
524319 239
kernel_count 44873
